fixIdx,legIdx,tickLead,togo,area
11,2,-996.775958669273,60.734,0.0
12,2,-995.775958669273,60.732,0.0
14,2,-993.775958669273,60.728,0.0
16,2,-991.775958669273,60.722,0.0
17,2,-990.775958669273,60.721,0.0
18,2,-989.775958669273,60.718,0.0
19,2,-988.775958669273,60.714,0.0
20,2,-987.775958669273,60.708,0.0
21,2,-986.775958669273,60.701,0.0
22,2,-985.775958669273,60.693,0.0
23,2,-984.775958669273,60.683,0.0
24,2,-983.775958669273,60.677,0.0
25,2,-982.775958669273,60.674,0.0
26,2,-981.775958669273,60.667,0.0
27,2,-980.775958669273,60.661,0.0
28,2,-979.775958669273,60.654,0.0
29,2,-978.775958669273,60.645,0.0
30,2,-977.775958669273,60.636,0.0
31,2,-976.775958669273,60.63,0.0
32,2,-975.775958669273,60.625,0.0
33,2,-974.775958669273,60.62,0.0
34,2,-973.775958669273,60.614,0.0
35,2,-972.775958669273,60.612,0.0
36,2,-971.775958669273,60.607,0.0
37,2,-970.775958669273,60.601,0.0
38,2,-969.775958669273,60.591,0.0
39,2,-968.775958669273,60.58,0.0
40,2,-967.775958669273,60.575,0.0
41,2,-966.775958669273,60.569,0.0
42,2,-965.775958669273,60.562,0.0
43,2,-964.775958669273,60.556,0.0
44,2,-963.775958669273,60.55,0.0
45,2,-962.775958669273,60.544,0.0
46,2,-961.775958669273,60.535,0.0
47,2,-960.775958669273,60.53,0.0
48,2,-959.775958669273,60.523,0.0
49,2,-958.775958669273,60.513,0.0
50,2,-957.775958669273,60.507,0.0
51,2,-956.775958669273,60.502,0.0
52,2,-955.775958669273,60.495,0.0
53,2,-954.775958669273,60.486,0.0
54,2,-953.775958669273,60.48,0.0
55,2,-952.775958669273,60.473,0.0
56,2,-951.775958669273,60.468,0.0
57,2,-950.775958669273,60.462,0.0
58,2,-949.775958669273,60.457,0.0
59,2,-948.775958669273,60.448,0.0
60,2,-947.775958669273,60.44,0.0
61,2,-946.775958669273,60.43,0.0
62,2,-945.775958669273,60.425,0.0
63,2,-944.775958669273,60.418,0.0
64,2,-943.775958669273,60.412,0.0
65,2,-942.775958669273,60.403,0.0
66,2,-941.775958669273,60.398,0.0
67,2,-940.775958669273,60.387,0.0
68,2,-939.775958669273,60.382,0.0
69,2,-938.775958669273,60.376,0.0
70,2,-937.775958669273,60.37,0.0
71,2,-936.775958669273,60.365,0.0
72,2,-935.775958669273,60.357,0.0
73,2,-934.775958669273,60.352,0.0
74,2,-933.775958669273,60.342,0.0
75,2,-932.775958669273,60.338,0.0
76,2,-931.775958669273,60.331,0.0
77,2,-930.775958669273,60.323,0.0
78,2,-929.775958669273,60.316,0.0
79,2,-928.775958669273,60.308,0.0
80,2,-927.775958669273,60.298,0.0
81,2,-926.775958669273,60.291,0.0
82,2,-925.775958669273,60.283,0.0
83,2,-924.775958669273,60.276,0.0
84,2,-923.775958669273,60.268,0.0
85,2,-922.775958669273,60.261,0.0
86,2,-921.775958669273,60.253,0.0
87,2,-920.775958669273,60.248,0.0
88,2,-919.775958669273,60.241,0.0
89,2,-918.775958669273,60.238,0.0
90,2,-917.775958669273,60.233,0.0
91,2,-916.775958669273,60.232,0.0
92,2,-915.775958669273,60.23,0.0
108,2,-899.775958669273,60.225,0.0
109,2,-898.775958669273,60.221,0.0
110,2,-897.775958669273,60.215,0.0
111,2,-896.775958669273,60.209,0.0
112,2,-895.775958669273,60.202,0.0
113,2,-894.775958669273,60.195,0.0
114,2,-893.775958669273,60.191,0.0
115,2,-892.775958669273,60.188,0.0
116,2,-891.775958669273,60.185,0.0
207,2,-800.775958669273,60.182,0.0
208,2,-799.775958669273,60.172,0.0
209,2,-798.775958669273,60.169,0.0
210,2,-797.775958669273,60.163,0.0
211,2,-796.775958669273,60.16,0.0
212,2,-795.775958669273,60.153,0.0
213,2,-794.775958669273,60.148,0.0
214,2,-793.775958669273,60.139,0.0
215,2,-792.775958669273,60.133,0.0
216,2,-791.775958669273,60.125,0.0
217,2,-790.775958669273,60.118,0.0
218,2,-789.775958669273,60.109,0.0
219,2,-788.775958669273,60.105,0.0
220,2,-787.775958669273,60.098,0.0
221,2,-786.775958669273,60.094,0.0
222,2,-785.775958669273,60.085,0.0
223,2,-784.775958669273,60.083,0.0
224,2,-783.775958669273,60.078,0.0
225,2,-782.775958669273,60.074,0.0
226,2,-781.775958669273,60.069,0.0
227,2,-780.775958669273,60.064,0.0
228,2,-779.775958669273,60.058,0.0
229,2,-778.775958669273,60.05,0.0
230,2,-777.775958669273,60.045,0.0
231,2,-776.775958669273,60.041,0.0
232,2,-775.775958669273,60.038,0.0
269,2,-738.775958669273,60.029,0.0
270,2,-737.775958669273,60.023,0.0
271,2,-736.775958669273,60.017,0.0
272,2,-735.775958669273,60.01,0.0
273,2,-734.775958669273,60.001,0.0
274,2,-733.775958669273,59.994,0.0
275,2,-732.775958669273,59.986,0.0
276,2,-731.775958669273,59.981,0.0
277,2,-730.775958669273,59.976,0.0
278,2,-729.775958669273,59.969,0.0
279,2,-728.775958669273,59.96,0.0
280,2,-727.775958669273,59.955,0.0
281,2,-726.775958669273,59.951,0.0
282,2,-725.775958669273,59.945,0.0
283,2,-724.775958669273,59.94,0.0
284,2,-723.775958669273,59.936,0.0
285,2,-722.775958669273,59.93,0.0
286,2,-721.775958669273,59.927,0.0
287,2,-720.775958669273,59.926,0.0
641,2,-366.775958669273,59.923,0.0
642,2,-365.775958669273,59.917,0.0
643,2,-364.775958669273,59.91,0.0
644,2,-363.775958669273,59.904,0.0
645,2,-362.775958669273,59.897,0.0
646,2,-361.775958669273,59.893,0.0
647,2,-360.775958669273,59.887,0.0
648,2,-359.775958669273,59.88,0.0
649,2,-358.775958669273,59.873,0.0
650,2,-357.775958669273,59.862,0.0
651,2,-356.775958669273,59.854,0.0
652,2,-355.775958669273,59.844,0.0
653,2,-354.775958669273,59.834,0.0
654,2,-353.775958669273,59.828,0.0
655,2,-352.775958669273,59.822,0.0
656,2,-351.775958669273,59.816,0.0
657,2,-350.775958669273,59.814,0.0
658,2,-349.775958669273,59.81,0.0
659,2,-348.775958669273,59.804,0.0
660,2,-347.775958669273,59.799,0.0
661,2,-346.775958669273,59.798,0.0
662,2,-345.775958669273,59.792,0.0
663,2,-344.775958669273,59.786,0.0
664,2,-343.775958669273,59.781,0.0
665,2,-342.775958669273,59.774,0.0
666,2,-341.775958669273,59.772,0.0
667,2,-340.775958669273,59.77,0.0
668,2,-339.775958669273,59.769,0.0
669,2,-338.775958669273,59.763,0.0
671,2,-336.775958669273,59.758,0.0
672,2,-335.775958669273,59.757,0.0
673,2,-334.775958669273,59.753,0.0
674,2,-333.775958669273,59.747,0.0
675,2,-332.775958669273,59.742,0.0
676,2,-331.775958669273,59.735,0.0
677,2,-330.775958669273,59.73,0.0
678,2,-329.775958669273,59.724,0.0
679,2,-328.775958669273,59.719,0.0
680,2,-327.775958669273,59.714,0.0
681,2,-326.775958669273,59.71,0.0
682,2,-325.775958669273,59.705,0.0
683,2,-324.775958669273,59.7,0.0
684,2,-323.775958669273,59.695,0.0
685,2,-322.775958669273,59.69,0.0
687,2,-320.775958669273,59.685,0.0
688,2,-319.775958669273,59.683,0.0
690,2,-317.775958669273,59.682,0.0
691,2,-316.775958669273,59.681,0.0
692,2,-315.775958669273,59.68,0.0
693,2,-314.775958669273,59.676,0.0
694,2,-313.775958669273,59.673,0.0
695,2,-312.775958669273,59.67,0.0
696,2,-311.775958669273,59.669,0.0
697,2,-310.775958669273,59.667,0.0
698,2,-309.775958669273,59.665,0.0
700,2,-307.775958669273,59.664,0.0
701,2,-306.775958669273,59.663,0.0
702,2,-305.775958669273,59.662,0.0
703,2,-304.775958669273,59.658,0.0
704,2,-303.775958669273,59.657,0.0
705,2,-302.775958669273,59.656,0.0
706,2,-301.775958669273,59.654,0.0
707,2,-300.775958669273,59.653,0.0
708,2,-299.775958669273,59.652,0.0
710,2,-297.775958669273,59.651,0.0
711,2,-296.775958669273,59.648,0.0
714,2,-293.775958669273,59.647,0.0
715,2,-292.775958669273,59.645,0.0
718,2,-289.775958669273,59.642,0.0
720,2,-287.775958669273,59.641,0.0
723,2,-284.775958669273,59.64,0.0
725,2,-282.775958669273,59.639,0.0
726,2,-281.775958669273,59.637,0.0
769,2,-238.775958669273,59.636,0.0
770,2,-237.775958669273,59.634,0.0
771,2,-236.775958669273,59.63,0.0
772,2,-235.775958669273,59.629,0.0
774,2,-233.775958669273,59.627,0.0
775,2,-232.775958669273,59.624,0.0
776,2,-231.775958669273,59.618,0.0
777,2,-230.775958669273,59.616,0.0
778,2,-229.775958669273,59.612,0.0
779,2,-228.775958669273,59.608,0.0
780,2,-227.775958669273,59.606,0.0
781,2,-226.775958669273,59.601,0.0
782,2,-225.775958669273,59.596,0.0
783,2,-224.775958669273,59.591,0.0
784,2,-223.775958669273,59.589,0.0
785,2,-222.775958669273,59.584,0.0
786,2,-221.775958669273,59.582,0.0
787,2,-220.775958669273,59.577,0.0
788,2,-219.775958669273,59.576,0.0
789,2,-218.775958669273,59.57,0.0
790,2,-217.775958669273,59.569,0.0
791,2,-216.775958669273,59.565,0.0
792,2,-215.775958669273,59.56,0.0
793,2,-214.775958669273,59.555,0.0
794,2,-213.775958669273,59.553,0.0
795,2,-212.775958669273,59.55,0.0
796,2,-211.775958669273,59.546,0.0
797,2,-210.775958669273,59.542,0.0
798,2,-209.775958669273,59.536,0.0
799,2,-208.775958669273,59.533,0.0
800,2,-207.775958669273,59.527,0.0
801,2,-206.775958669273,59.521,0.0
802,2,-205.775958669273,59.518,0.0
803,2,-204.775958669273,59.515,0.0
804,2,-203.775958669273,59.512,0.0
805,2,-202.775958669273,59.508,0.0
806,2,-201.775958669273,59.507,0.0
807,2,-200.775958669273,59.504,0.0
808,2,-199.775958669273,59.502,0.0
811,2,-196.775958669273,59.496,0.0
813,2,-194.775958669273,59.492,0.0
814,2,-193.775958669273,59.491,0.0
816,2,-191.775958669273,59.487,0.0
822,2,-185.775958669273,59.485,0.0
823,2,-184.775958669273,59.48,0.0
824,2,-183.775958669273,59.473,0.0
825,2,-182.775958669273,59.465,0.0
826,2,-181.775958669273,59.458,0.0
827,2,-180.775958669273,59.454,0.0
828,2,-179.775958669273,59.453,0.0
830,2,-177.775958669273,59.45,0.0
831,2,-176.775958669273,59.446,0.0
832,2,-175.775958669273,59.44,0.0
833,2,-174.775958669273,59.432,0.0
834,2,-173.775958669273,59.425,0.0
835,2,-172.775958669273,59.42,0.0
1702,2,694.224041330727,59.413,577.4770785245927
1703,2,695.224041330727,59.405,660.8410411423083
1704,2,696.224041330727,59.396,744.4090110072135
1705,2,697.224041330727,59.389,579.7383042461187
1706,2,698.224041330727,59.382,580.5013732906573
1707,2,699.224041330727,59.376,498.23069220214575
1708,2,700.224041330727,59.368,665.1792285098381
1709,2,701.224041330727,59.358,832.5352553107449
1710,2,702.224041330727,59.348,833.582070501887
1711,2,703.224041330727,59.343,417.33182344754704
1712,2,704.224041330727,59.336,585.0362350080435
1713,2,705.224041330727,59.329,585.797876051399
1714,2,706.224041330727,59.323,502.76936971185955
1715,2,707.224041330727,59.314,755.1264473222097
1716,2,708.224041330727,59.308,504.0657133844201
1717,2,709.224041330727,59.298,841.1822664605547
1718,2,710.224041330727,59.288,842.2262816528868
1719,2,711.224041330727,59.278,843.269896844022
1720,2,712.224041330727,59.27,675.4618852130259
1721,2,713.224041330727,59.258,1014.4442300502194
1722,2,714.224041330727,59.248,846.3983424198243
1723,2,715.224041330727,59.24,677.9637296731858
1724,2,716.224041330727,59.232,678.8199569964978
1725,2,717.224041330727,59.222,849.5805659177304
1726,2,718.224041330727,59.214,680.5086604725951
1727,2,719.224041330727,59.206,681.3640877946999
1728,2,720.224041330727,59.197,767.4901844911677
1729,2,721.224041330727,59.19,597.6848540675726
1730,2,722.224041330727,59.18,854.8965977230115
1731,2,723.224041330727,59.174,513.5787491259606
1732,2,724.224041330727,59.165,771.3355394433613
1733,2,725.224041330727,59.157,686.4796721469035
1734,2,726.224041330727,59.151,515.508683289943
1735,2,727.224041330727,59.14,946.264649803823
1736,2,728.224041330727,59.129,947.3896205858211
1737,2,729.224041330727,59.112,1465.8110578064175
1738,2,730.224041330727,59.097,1294.7858055250076
1739,2,731.224041330727,59.083,1209.824800862765
1740,2,732.224041330727,59.074,778.6565644636619
1741,2,733.224041330727,59.069,433.12643957428645
1742,2,734.224041330727,59.068,86.73902557110226
3734,2,2726.224041330727,59.064,1288.2171938012116
3735,2,2727.224041330727,59.05,4509.726765849258
3736,2,2728.224041330727,59.039,3543.9057369823545
3737,2,2729.224041330727,59.025,4511.123501020327
3738,2,2730.224041330727,59.009,5156.148231910328
3739,2,2731.224041330727,58.997,3867.6098906554316
3740,2,2732.224041330727,58.983,4512.8690935477225
3741,2,2733.224041330727,58.967,5158.140410798779
3742,2,2734.224041330727,58.953,4513.875785350714
3743,2,2735.224041330727,58.94,4192.028982761531
3744,2,2736.224041330727,58.925,4837.575699471875
3745,2,2737.224041330727,58.909,5160.608922978069
3746,2,2738.224041330727,58.893,5161.092296268908
3747,2,2739.224041330727,58.879,4516.454513139368
3748,2,2740.224041330727,58.862,5484.824220454138
3749,2,2741.224041330727,58.844,5807.853306159962
3750,2,2742.224041330727,58.828,5162.92779826294
3751,2,2743.224041330727,58.812,5163.406019556071
3752,2,2744.224041330727,58.796,5163.883216844617
3753,2,2745.224041330727,58.785,3550.648068041689
3754,2,2746.224041330727,58.771,4519.691587636091
3755,2,2747.224041330727,58.757,4520.260459814183
3756,2,2748.224041330727,58.743,4520.828547987688
3757,2,2749.224041330727,58.73,4198.474745495867
3758,2,2750.224041330727,58.712,5813.852613513263
3759,2,2751.224041330727,58.698,4522.297005697906
3760,2,2752.224041330727,58.68,5814.909963419946
3761,2,2753.224041330727,58.667,4200.0735605138725
3762,2,2754.224041330727,58.65,5492.99413156652
3763,2,2755.224041330727,58.633,5493.396001068335
3764,2,2756.224041330727,58.618,4847.550376051219
3765,2,2757.224041330727,58.603,4848.068390232621
3766,2,2758.224041330727,58.587,5171.780406456197
3767,2,2759.224041330727,58.572,4849.018941874183
3768,2,2760.224041330727,58.558,4526.27058745589
3769,2,2761.224041330727,58.543,4850.131446958226
3770,2,2762.224041330727,58.529,4527.3073015320315
3771,2,2763.224041330727,58.516,4204.480252929905
3772,2,2764.224041330727,58.503,4205.067530201637
3773,2,2765.224041330727,58.49,4205.654131475668
3774,2,2766.224041330727,58.479,3559.1870587954527
3775,2,2767.224041330727,58.471,2589.0148130698926
3776,2,2768.224041330727,58.459,3884.2612458314698
3777,2,2769.224041330727,58.45,2913.724921031516
3778,2,2770.224041330727,58.438,3885.671372916939
3779,2,2771.224041330727,58.425,4210.096216848119
3780,2,2772.224041330727,58.412,4210.6784241198475
3781,2,2773.224041330727,58.399,4211.259955393878
3782,2,2774.224041330727,58.384,4859.733093281078
3783,2,2775.224041330727,58.371,4212.27667829179
3784,2,2776.224041330727,58.361,3240.7418479278417
3785,2,2777.224041330727,58.346,4861.822292873961
3786,2,2778.224041330727,58.334,3889.9581737074745
3787,2,2779.224041330727,58.321,4214.734947040362
3788,2,2780.224041330727,58.31,3566.8634118074833
3789,2,2781.224041330727,58.295,4864.569440090725
3790,2,2782.224041330727,58.282,4216.463316862454
3791,2,2783.224041330727,58.272,3243.95894913197
3792,2,2784.224041330727,58.258,4542.23878550641
3793,2,2785.224041330727,58.246,3893.8769005344875
3794,2,2786.224041330727,58.232,4543.473254406626
3795,2,2787.224041330727,58.219,4219.475348880449
3796,2,2788.224041330727,58.206,4220.04679215448
3797,2,2789.224041330727,58.189,5519.079448942707
3798,2,2790.224041330727,58.175,4545.5428248366625
3799,2,2791.224041330727,58.159,5195.428121986128
3800,2,2792.224041330727,58.147,3897.028912212286
3801,2,2793.224041330727,58.134,4222.385501749108
3802,2,2794.224041330727,58.123,3573.329148103754
3803,2,2795.224041330727,58.111,3898.800854640576
3804,2,2796.224041330727,58.101,3249.547882910618
3805,2,2797.224041330727,58.089,3900.1135363467533
3806,2,2798.224041330727,58.078,3575.6742143005276
3807,2,2799.224041330727,58.066,3901.3569246759394
3808,2,2800.224041330727,58.055,3576.8129749379245
3809,2,2801.224041330727,58.043,3902.5981050051246
3810,2,2802.224041330727,58.036,2276.955551454722
3811,2,2803.224041330727,58.024,3904.106186842278
3812,2,2804.224041330727,58.012,3904.6912903183747
3813,2,2805.224041330727,57.999,4230.679001364036
3814,2,2806.224041330727,57.986,4231.238640640378
3815,2,2807.224041330727,57.973,4231.797603912096
3816,2,2808.224041330727,57.963,3255.7426245565434
3817,2,2809.224041330727,57.951,3907.5407463218667
3818,2,2810.224041330727,57.939,3908.122369797963
3819,2,2811.224041330727,57.93,2931.6034660046607
3820,2,2812.224041330727,57.918,3909.4863688811324
3821,2,2813.224041330727,57.907,3584.258420459353
3822,2,2814.224041330727,57.896,3584.851453239036
3823,2,2815.224041330727,57.881,4889.072907497399
3824,2,2816.224041330727,57.867,4563.61220470423
3825,2,2817.224041330727,57.851,5216.05650583477
3826,2,2818.224041330727,57.837,4564.485840507196
3827,2,2819.224041330727,57.824,4238.965533978297
3828,2,2820.224041330727,57.812,3913.433126919987
3829,2,2821.224041330727,57.797,4892.383352913245
3830,2,2822.224041330727,57.783,4566.697165756704
3831,2,2823.224041330727,57.768,4893.395417997288
3832,2,2824.224041330727,57.75,5872.476830516195
3833,2,2825.224041330727,57.733,5546.51091540592
3834,2,2826.224041330727,57.717,5220.601049145544
3835,2,2827.224041330727,57.699,5873.524019176311
3836,2,2828.224041330727,57.683,5221.218341388576
3837,2,2829.224041330727,57.667,5221.615890679414
3838,2,2830.224041330727,57.652,4895.679093333457
3839,2,2831.224041330727,57.638,4569.765476151219
3840,2,2832.224041330727,57.625,4243.858315786134
3841,2,2833.224041330727,57.611,4570.851678775974
3842,2,2834.224041330727,57.602,2938.8550902646443
3843,2,2835.224041330727,57.589,4245.6998030834475
3844,2,2836.224041330727,57.576,4246.238642357478
3845,2,2837.224041330727,57.565,3593.4889467723833
3846,2,2838.224041330727,57.551,4574.149982384217
3847,2,2839.224041330727,57.538,4247.924924006965
3848,2,2840.224041330727,57.525,4248.461085278674
3849,2,2841.224041330727,57.512,4248.996570552704
3850,2,2842.224041330727,57.499,4249.531379826733
3851,2,2843.224041330727,57.488,3596.27183124637
3852,2,2844.224041330727,57.477,3596.8483860283677
3853,2,2845.224041330727,57.463,4578.420718346377
3854,2,2846.224041330727,57.45,4251.885862398078
3855,2,2847.224041330727,57.439,3598.261951729816
3856,2,2848.224041330727,57.426,4253.096308596288
3857,2,2849.224041330727,57.413,4253.626515872643
3858,2,2850.224041330727,57.401,3926.9474769739763
3859,2,2851.224041330727,57.388,4254.759034245778
3860,2,2852.224041330727,57.374,4582.577096035379
3861,2,2853.224041330727,57.361,4255.740584968764
3862,2,2854.224041330727,57.348,4256.267412240468
3863,2,2855.224041330727,57.333,4911.599224257922
3864,2,2856.224041330727,57.322,3602.2840420451043
3865,2,2857.224041330727,57.311,3602.8537988294297
3866,2,2858.224041330727,57.297,4586.054773004596
3867,2,2859.224041330727,57.288,2948.6176809830436
3868,2,2860.224041330727,57.273,4915.051895981199
3869,2,2861.224041330727,57.261,3932.489212197431
3870,2,2862.224041330727,57.25,3605.3175091659646
3871,2,2863.224041330727,57.236,4589.186946342004
3872,2,2864.224041330727,57.225,3606.261427940903
3873,2,2865.224041330727,57.211,4590.386897513074
3874,2,2866.224041330727,57.2,3607.203146718171
3875,2,2867.224041330727,57.185,4919.511329514415
3876,2,2868.224041330727,57.175,3280.101013667497
3877,2,2869.224041330727,57.16,4920.790961483416
3878,2,2870.224041330727,57.149,3609.016839343797
3879,2,2871.224041330727,57.137,3937.6885294504305
3880,2,2872.224041330727,57.122,4922.661701076299
3881,2,2873.224041330727,57.112,3282.1987513730896
3882,2,2874.224041330727,57.099,4267.484025799224
3883,2,2875.224041330727,57.089,3283.1608283140768
3884,2,2876.224041330727,57.076,4268.733529820175
3885,2,2877.224041330727,57.064,3940.8762249300194
3886,2,2878.224041330727,57.052,3941.4169764061157
3887,2,2879.224041330727,57.039,4270.416151292415
3888,2,2880.224041330727,57.024,4927.904922394787
3889,2,2881.224041330727,57.014,3285.690272252081
3890,2,2882.224041330727,57.003,3614.8479237253755
3891,2,2883.224041330727,56.994,2958.110019356322
3892,2,2884.224041330727,56.982,3944.7878320166806
3893,2,2885.224041330727,56.97,3945.324599492777
3894,2,2886.224041330727,56.96,3288.275050287443
3895,2,2887.224041330727,56.948,3946.534993198955
3896,2,2888.224041330727,56.937,3618.179344417364
3897,2,2889.224041330727,56.923,4605.5386908414475
3898,2,2890.224041330727,56.911,3948.069162250253
3899,2,2891.224041330727,56.897,4606.621959741697
3900,2,2892.224041330727,56.884,4278.041867405851
3901,2,2893.224041330727,56.875,2962.1724634597917
3902,2,2894.224041330727,56.862,4279.34467725421
3903,2,2895.224041330727,56.853,2963.073616739425
3904,2,2896.224041330727,56.844,2963.627863444729
3905,2,2897.224041330727,56.834,3293.5063457032884
3906,2,2898.224041330727,56.825,2964.683216822594
3907,2,2899.224041330727,56.81,4941.799859049444
3908,2,2900.224041330727,56.8,3294.9445333575245
3909,2,2901.224041330727,56.786,4613.538075418901
3910,2,2902.224041330727,56.772,4613.990607597041
3911,2,2903.224041330727,56.762,3296.1463830837715
3912,2,2904.224041330727,56.748,4615.218593041267
3913,2,2905.224041330727,56.733,4945.31594151397
3914,2,2906.224041330727,56.721,3956.672908621785
3915,2,2907.224041330727,56.71,3627.462632552618
3916,2,2908.224041330727,56.695,4947.107211106853
3917,2,2909.224041330727,56.686,2968.656579271185
3918,2,2910.224041330727,56.674,3958.835967903164
3919,2,2911.224041330727,56.663,3629.443390896225
3920,2,2912.224041330727,56.654,2970.0404252210333
3921,2,2913.224041330727,56.644,3300.6245743485756
3922,2,2914.224041330727,56.633,3631.260124026602
3923,2,2915.224041330727,56.624,2971.52576324106
3924,2,2916.224041330727,56.611,4292.84218116283
3925,2,2917.224041330727,56.601,3302.6476816706854
3926,2,2918.224041330727,56.592,2972.9028051932532
3927,2,2919.224041330727,56.581,3634.1507667233186
3928,2,2920.224041330727,56.57,3634.688975507664
3929,2,2921.224041330727,56.558,3965.6668001721
3930,2,2922.224041330727,56.547,3635.699652142751
3931,2,2923.224041330727,56.532,4958.3287705447465
3932,2,2924.224041330727,56.519,4297.62387725362
3933,2,2925.224041330727,56.507,3967.516469945511
3934,2,2926.224041330727,56.497,3306.7502156647165
3935,2,2927.224041330727,56.485,3968.6835196516886
3936,2,2928.224041330727,56.472,4299.924239475114
3937,2,2929.224041330727,56.461,3638.866645256554
3938,2,2930.224041330727,56.449,3970.2191580799786
3939,2,2931.224041330727,56.438,3639.86797188929
3940,2,2932.224041330727,56.425,4302.2148256989585
3941,2,2933.224041330727,56.412,4302.6906149706365
3942,2,2934.224041330727,56.399,4303.165728244667
3943,2,2935.224041330727,56.386,4303.640165518697
3944,2,2936.224041330727,56.373,4304.11392679508
3945,2,2937.224041330727,56.362,3642.407475292184
3946,2,2938.224041330727,56.349,4305.21220899329
3947,2,2939.224041330727,56.337,3974.5128038545286
3948,2,2940.224041330727,56.324,4306.2315493664255
3949,2,2941.224041330727,56.313,3644.1971757756287
3950,2,2942.224041330727,56.299,4638.616272393662
3951,2,2943.224041330727,56.287,3976.389863007285
3952,2,2944.224041330727,56.276,3645.517598405985
3953,2,2945.224041330727,56.262,4640.294724286844
3954,2,2946.224041330727,56.251,3646.3735611856077
3955,2,2947.224041330727,56.24,3646.89797596525
3956,2,2948.224041330727,56.225,4973.580252124091
3957,2,2949.224041330727,56.213,3979.258233109882
3958,2,2950.224041330727,56.203,3316.5238583016903
3959,2,2951.224041330727,56.189,4643.715614346364
3960,2,2952.224041330727,56.178,3649.0581473752313
3961,2,2953.224041330727,56.166,3981.3240203912605
3962,2,2954.224041330727,56.155,3650.0353840079606
3963,2,2955.224041330727,56.143,3982.3889927204464
3964,2,2956.224041330727,56.132,3651.0105966454053
3965,2,2957.224041330727,56.119,4315.367626223778
3966,2,2958.224041330727,56.108,3651.9187043515826
3967,2,2959.224041330727,56.096,3984.4412920018253
3968,2,2960.224041330727,56.086,3320.838534044975
3969,2,2961.224041330727,56.075,3653.4723466952173
3970,2,2962.224041330727,56.064,3653.9892594795756
3971,2,2963.224041330727,56.054,3322.3075306585233
3972,2,2964.224041330727,56.043,3655.0868459724807
3973,2,2965.224041330727,56.034,2991.000733922128
3974,2,2966.224041330727,56.023,3656.247841391934
3975,2,2967.224041330727,56.012,3656.762400176294
3976,2,2968.224041330727,56.003,2992.3705439070654
3977,2,2969.224041330727,55.993,3325.412157328099
3978,2,2970.224041330727,55.982,3658.4992073090157
3979,2,2971.224041330727,55.971,3659.0118960910136
3980,2,2972.224041330727,55.959,3992.1724433515665
3981,2,2973.224041330727,55.949,3327.275560174092
3982,2,2974.224041330727,55.939,3327.7997953634613
3983,2,2975.224041330727,55.927,3993.9169512901885
3984,2,2976.224041330727,55.917,3328.728016785276
3985,2,2977.224041330727,55.907,3329.251011979375
3986,2,2978.224041330727,55.897,3329.773607168743
3987,2,2979.224041330727,55.885,3996.2834614565268
3988,2,2980.224041330727,55.873,3996.7665409326237
3989,2,2981.224041330727,55.864,2998.017276355656
3990,2,2982.224041330727,55.854,3331.681054493198
3991,2,2983.224041330727,55.843,3665.3889331882606
3992,2,2984.224041330727,55.833,3332.6620403982074
3993,2,2985.224041330727,55.824,2999.8904470458983
3994,2,2986.224041330727,55.812,4000.4412849361156
3995,2,2987.224041330727,55.799,4334.291812199903
3996,2,2988.224041330727,55.79,3001.076392932604
3997,2,2989.224041330727,55.776,4668.940771530051
3998,2,2990.224041330727,55.767,3001.847042179493
3999,2,2991.224041330727,55.759,2668.7940194684966
4000,2,2992.224041330727,55.748,3670.193187944248
4001,2,2993.224041330727,55.739,3003.3501182626624
4002,2,2994.224041330727,55.726,4338.765375969457
4003,2,2995.224041330727,55.714,4005.453205990906
4004,2,2996.224041330727,55.702,4005.9275734670027
4005,2,2997.224041330727,55.691,3672.567553994048
4006,2,2998.224041330727,55.676,5008.548252163376
4007,2,2999.224041330727,55.666,3339.3960321001664
4008,2,3000.224041330727,55.652,4675.705157658549
4009,2,3001.224041330727,55.64,4008.146712093503
4010,2,3002.224041330727,55.628,4008.6175755695995
4011,2,3003.224041330727,55.615,4343.139476386176
4012,2,3004.224041330727,55.604,3675.3947301813137
4013,2,3005.224041330727,55.591,4344.156534584386
4014,2,3006.224041330727,55.581,3342.079391227531
4015,2,3007.224041330727,55.571,3342.5896664216393
4016,2,3008.224041330727,55.56,3677.376405306931
4017,2,3009.224041330727,55.551,3009.2210321067996
4018,2,3010.224041330727,55.541,3344.118091996842
4019,2,3011.224041330727,55.529,4013.4798512450216
4020,2,3012.224041330727,55.517,4013.945170723495
4021,2,3013.224041330727,55.505,4014.4099141995916
4022,2,3014.224041330727,55.495,3345.7886858788183
4023,2,3015.224041330727,55.482,4350.066739651253
4024,2,3016.224041330727,55.47,4015.8730780048736
4025,2,3017.224041330727,55.46,3347.0066290475093
4026,2,3018.224041330727,55.449,3682.2303122003777
4027,2,3019.224041330727,55.44,3013.188612472221
4028,2,3020.224041330727,55.429,3683.3414116198132
4029,2,3021.224041330727,55.417,4018.6872010243014
4030,2,3022.224041330727,55.405,4019.146952500398
4031,2,3023.224041330727,55.393,4019.606127976495
4032,2,3024.224041330727,55.383,3350.1144240238596
4033,2,3025.224041330727,55.376,2345.495527157926
4034,2,3026.224041330727,55.371,1675.726169524746
4035,2,3027.224041330727,55.366,1676.128543325061
4036,2,3028.224041330727,55.362,1341.2367665931315
4053,2,3045.224041330727,55.357,1685.8208031613462
4054,2,3046.224041330727,55.347,3372.291862714097
4055,2,3047.224041330727,55.339,2698.2803219107636
4056,2,3048.224041330727,55.332,2361.4500201460805
4057,2,3049.224041330727,55.324,2699.3194841408445
4058,2,3050.224041330727,55.317,2362.358867097401
4059,2,3051.224041330727,55.306,3712.8911283663588
4060,2,3052.224041330727,55.297,3038.2662207898366
4061,2,3053.224041330727,55.288,3038.767025495141
4062,2,3054.224041330727,55.281,2363.9174861805695
4063,2,3055.224041330727,55.274,2364.3920572245192
4064,2,3056.224041330727,55.267,2364.8664322684685
4065,2,3057.224041330727,55.257,3378.966299442101
4066,2,3058.224041330727,55.248,3041.5414291853826
4067,2,3059.224041330727,55.241,2366.0742357174236
4068,2,3060.224041330727,55.231,3380.690702938208
4069,2,3061.224041330727,55.223,2704.995522090056
4070,2,3062.224041330727,55.215,2705.487189410363
4071,2,3063.224041330727,55.206,3044.1983568101373
4072,2,3064.224041330727,55.196,3382.9646261116795
4073,2,3065.224041330727,55.191,1691.804431250336
4074,2,3066.224041330727,55.182,3045.8551150242824
4075,2,3067.224041330727,55.172,3384.804418571842
4076,2,3068.224041330727,55.164,2708.2845425926357
4077,2,3069.224041330727,55.155,3047.3435431401954
4078,2,3070.224041330727,55.146,3047.8390378455
4079,2,3071.224041330727,55.139,2370.9696037864023
4080,2,3072.224041330727,55.13,3048.939655321597
4081,2,3073.224041330727,55.122,2710.632776039268
4082,2,3074.224041330727,55.114,2711.1212913619775
4083,2,3075.224041330727,55.105,3050.5330675029977
4084,2,3076.224041330727,55.098,2373.0638261866775
4085,2,3077.224041330727,55.088,3390.67008218
4086,2,3078.224041330727,55.079,3052.068371651655
4087,2,3079.224041330727,55.074,1695.9288291243854
4088,2,3080.224041330727,55.065,3053.27516119324
4089,2,3081.224041330727,55.058,2375.1954457235315
4090,2,3082.224041330727,55.053,1696.9338570757063
4091,2,3083.224041330727,55.046,2376.219186084588
4092,2,3084.224041330727,55.041,1697.664860190747
4093,2,3085.224041330727,55.035,2037.6547294412035
4094,2,3086.224041330727,55.027,2717.4079234940336
4095,2,3087.224041330727,55.018,3057.6021266542743
4096,2,3088.224041330727,55.011,2378.559421304335
4097,2,3089.224041330727,55.003,2718.8631494645765
4098,2,3090.224041330727,54.996,2379.4508802556556
4099,2,3091.224041330727,54.992,1359.990199433198
4100,2,3092.224041330727,54.986,2040.4596937049012
4101,2,3093.224041330727,54.98,2040.8968495739255
4102,2,3094.224041330727,54.972,2721.72897433766
4103,2,3095.224041330727,54.967,1701.4291794001642
4104,2,3096.224041330727,54.964,1021.1130152626231
4105,2,3097.224041330727,54.959,1702.2807914744392
4107,2,3099.224041330727,54.954,1703.2250602747922
4108,2,3100.224041330727,54.952,681.4664469738226
4296,3,3288.224041330727,54.947,1806.8626695893845
4297,3,3289.224041330727,54.934,4698.501949512891
4298,3,3290.224041330727,54.919,5421.61472418477
4299,3,3291.224041330727,54.906,4698.962844408234
4300,3,3292.224041330727,54.895,3976.384411582145
4301,3,3293.224041330727,54.886,3253.80085633208
4302,3,3294.224041330727,54.88,2169.5627767243336
4303,3,3295.224041330727,54.878,723.3544006576399
4305,3,3297.224041330727,54.877,361.8868246554105
4332,3,3324.224041330727,54.873,1459.3343541459726
4333,3,3325.224041330727,54.871,729.8467743818976
4334,3,3326.224041330727,54.868,1095.0495002148193
4335,3,3327.224041330727,54.866,730.2192059036644
4538,3,3530.224041330727,54.862,1549.4576944276932
4539,3,3531.224041330727,54.851,4261.633015712778
4540,3,3532.224041330727,54.84,4261.985060492023
4541,3,3533.224041330727,54.825,5812.065217388233
4542,3,3534.224041330727,54.814,4262.376686343135
4543,3,3535.224041330727,54.801,5037.6765827753525
4544,3,3536.224041330727,54.79,4262.921618049312
4545,3,3537.224041330727,54.775,5813.339281326236
4546,3,3538.224041330727,54.763,4650.839820471598
4547,3,3539.224041330727,54.746,6588.807054213885
4548,3,3540.224041330727,54.731,5813.5966105916805
4549,3,3541.224041330727,54.718,5038.58459129416
4550,3,3542.224041330727,54.704,5426.361346707995
4551,3,3543.224041330727,54.691,5038.942922017146
4552,3,3544.224041330727,54.68,4263.988603869292
4553,3,3545.224041330727,54.665,5814.787841989845
4554,3,3546.224041330727,54.652,5039.613455839237
4555,3,3547.224041330727,54.638,5427.465616679616
4556,3,3548.224041330727,54.625,5039.964844562222
4557,3,3549.224041330727,54.614,4264.85053556128
4558,3,3550.224041330727,54.603,4265.193010340523
4559,3,3551.224041330727,54.592,4265.535001125276
4560,3,3552.224041330727,54.581,4265.876507904519
4561,3,3553.224041330727,54.57,4266.217530689272
4562,3,3554.224041330727,54.559,4266.55806947127
4563,3,3555.224041330727,54.548,4266.8981242505115
4564,3,3556.224041330727,54.532,6206.606694855764
4565,3,3557.224041330727,54.521,4267.185487169962
4566,3,3558.224041330727,54.506,5819.137388312698
4567,3,3559.224041330727,54.493,5043.374196652375
4568,3,3560.224041330727,54.482,4267.729563945256
4569,3,3561.224041330727,54.471,4268.066472727254
4570,3,3562.224041330727,54.461,3880.401892701615
4571,3,3563.224041330727,54.454,2716.6198252299364
4572,3,3564.224041330727,54.443,4269.466359717795
4573,3,3565.224041330727,54.431,4657.9224273102745
4574,3,3566.224041330727,54.42,4270.057584350123
4575,3,3567.224041330727,54.405,5823.047344467466
4576,3,3568.224041330727,54.394,4270.41128220124
4577,3,3569.224041330727,54.381,5047.150486244019
4578,3,3570.224041330727,54.37,4270.919781907418
4579,3,3571.224041330727,54.359,4271.251806686657
4580,3,3572.224041330727,54.348,4271.5833474714145
4581,3,3573.224041330727,54.336,4660.227380496041
4582,3,3574.224041330727,54.325,4272.166344103742
4583,3,3575.224041330727,54.314,4272.496410888499
4584,3,3576.224041330727,54.299,5826.366327016034
4585,3,3577.224041330727,54.288,4272.840296736857
4586,3,3578.224041330727,54.275,5050.015575786111
4587,3,3579.224041330727,54.264,4273.339380440275
4588,3,3580.224041330727,54.252,4662.139104828719
4589,3,3581.224041330727,54.241,4273.915139078123
4590,3,3582.224041330727,54.226,5828.29642636552
4591,3,3583.224041330727,54.213,5051.296013631486
4592,3,3584.224041330727,54.202,4274.420143850661
4593,3,3585.224041330727,54.191,4274.745084629897
4594,3,3586.224041330727,54.18,4275.069541414657
4595,3,3587.224041330727,54.165,5829.8668313698845
4596,3,3588.224041330727,54.154,4275.4012392602535
4597,3,3589.224041330727,54.143,4275.724156045014
4598,3,3590.224041330727,54.132,4276.046588827012
4599,3,3591.224041330727,54.12,4665.086219065783
4600,3,3592.224041330727,54.107,5054.083207173578
4601,3,3593.224041330727,54.096,4276.773830386278
4602,3,3594.224041330727,54.085,4277.094261165513
4603,3,3595.224041330727,54.074,4277.4142079502735
4604,3,3596.224041330727,54.062,4666.575395200251
4605,3,3597.224041330727,54.051,4277.973510582598
4606,3,3598.224041330727,54.036,5833.818629329935
4607,3,3599.224041330727,54.025,4278.29324043372
4608,3,3600.224041330727,54.012,5056.4462617914905
4609,3,3601.224041330727,54.001,4278.7691361398975
4610,3,3602.224041330727,53.989,4668.050090679839
4611,3,3603.224041330727,53.978,4279.32219077222
4612,3,3604.224041330727,53.967,4279.637605556982
4613,3,3605.224041330727,53.955,4668.995867862113
4614,3,3606.224041330727,53.944,4280.187646189304
4615,3,3607.224041330727,53.929,5836.8311851572635
4616,3,3608.224041330727,53.918,4280.497520040428
4617,3,3609.224041330727,53.905,5059.045729508508
4618,3,3610.224041330727,53.894,4280.963955746605
4619,3,3611.224041330727,53.879,5837.886729095268
4620,3,3612.224041330727,53.866,5059.588031330599
4621,3,3613.224041330727,53.855,4281.421176519143
4622,3,3614.224041330727,53.843,4670.936409636251
4623,3,3615.224041330727,53.832,4281.96173515423
4624,3,3616.224041330727,53.817,5839.243527378392
4625,3,3617.224041330727,53.806,4282.261533002589
4626,3,3618.224041330727,53.793,5061.124752100153
4627,3,3619.224041330727,53.782,4282.7182887087665
4628,3,3620.224041330727,53.771,4283.025519487998
4629,3,3621.224041330727,53.76,4283.332266272762
4630,3,3622.224041330727,53.748,4673.016746824782
4631,3,3623.224041330727,53.737,4283.864596905082
4632,3,3624.224041330727,53.722,5841.8323688606
4633,3,3625.224041330727,53.711,4284.155638756209
4634,3,3626.224041330727,53.7,4284.459855535439
4635,3,3627.224041330727,53.687,5063.717205645013
4636,3,3628.224041330727,53.676,4284.907195241616
4637,3,3629.224041330727,53.665,4285.209916026382
4638,3,3630.224041330727,53.654,4285.512152805612
4639,3,3631.224041330727,53.643,4285.813905590378
4640,3,3632.224041330727,53.632,4286.115174372376
4641,3,3633.224041330727,53.621,4286.415959151605
4642,3,3634.224041330727,53.61,4286.716259936372
4643,3,3635.224041330727,53.595,5845.71290026313
4644,3,3636.224041330727,53.584,4286.995421781962
4645,3,3637.224041330727,53.571,5066.70764793636
4646,3,3638.224041330727,53.56,4287.4323774881395
4647,3,3639.224041330727,53.549,4287.730126272907
4648,3,3640.224041330727,53.538,4288.027391054905
4649,3,3641.224041330727,53.526,4678.128129129803
4650,3,3642.224041330727,53.515,4288.540339689992
4651,3,3643.224041330727,53.504,4288.836130471989
4652,3,3644.224041330727,53.493,4289.131437251217
4653,3,3645.224041330727,53.482,4289.426260035985
4654,3,3646.224041330727,53.471,4289.720598817983
4655,3,3647.224041330727,53.457,5459.865212078127
4656,3,3648.224041330727,53.446,4290.067041595252
4657,3,3649.224041330727,53.438,3120.3492994670178
4658,3,3650.224041330727,53.427,4290.8931139459755
4659,3,3651.224041330727,53.416,4291.1850327279735
4660,3,3652.224041330727,53.405,4291.4764675072
4661,3,3653.224041330727,53.394,4291.76741829197
4662,3,3654.224041330727,53.385,3511.749500183416
4663,3,3655.224041330727,53.374,4292.508697711012
4664,3,3656.224041330727,53.363,4292.798240495783
4665,3,3657.224041330727,53.352,4293.08729927778
4666,3,3658.224041330727,53.341,4293.375874057006
4667,3,3659.224041330727,53.33,4293.663964841777
4668,3,3660.224041330727,53.319,4293.951571621001
4669,3,3661.224041330727,53.308,4294.238694405773
4670,3,3662.224041330727,53.297,4294.525333187771
4671,3,3663.224041330727,53.286,4294.811487966995
4672,3,3664.224041330727,53.274,4685.516566130605
4673,3,3665.224041330727,53.263,4295.3017106048555
4674,3,3666.224041330727,53.252,4295.586391384079
4675,3,3667.224041330727,53.241,4295.870588168852
4676,3,3668.224041330727,53.23,4296.15430095085
4677,3,3669.224041330727,53.219,4296.437529730072
4678,3,3670.224041330727,53.208,4296.720274514846
4679,3,3671.224041330727,53.197,4297.002535294068
4680,3,3672.224041330727,53.186,4297.284312078842
4681,3,3673.224041330727,53.176,3906.9145548394104
4682,3,3674.224041330727,53.161,5860.5894282450045
4683,3,3675.224041330727,53.15,4297.884173638108
4684,3,3676.224041330727,53.137,5079.552720851213
4685,3,3677.224041330727,53.126,4298.281441344286
4686,3,3678.224041330727,53.115,4298.560204123507
4687,3,3679.224041330727,53.105,3908.071776703497
4688,3,3680.224041330727,53.094,4299.197242616412
4689,3,3681.224041330727,53.079,5862.699002103331
4690,3,3682.224041330727,53.069,3908.6071753909623
4691,3,3683.224041330727,53.058,4299.784696178455
4692,3,3684.224041330727,53.045,5081.79390494435
4693,3,3685.224041330727,53.034,4300.173691884633
4694,3,3686.224041330727,53.023,4300.448494663853
4695,3,3687.224041330727,53.013,3909.7848844674495
4696,3,3688.224041330727,52.998,5864.884782682897
4697,3,3689.224041330727,52.987,4301.026510223119
4698,3,3690.224041330727,52.975,4692.282238410015
4699,3,3691.224041330727,52.964,4301.490420860983
4700,3,3692.224041330727,52.953,4301.762231640203
4701,3,3693.224041330727,52.942,4302.03355842498
4702,3,3694.224041330727,52.931,4302.304401206978
4703,3,3695.224041330727,52.917,5475.849040573202
4704,3,3696.224041330727,52.906,4302.600683984246
4705,3,3697.224041330727,52.895,4302.870008763464
4706,3,3698.224041330727,52.883,4694.288911726758
4707,3,3699.224041330727,52.872,4303.325823401331
4708,3,3700.224041330727,52.857,5868.314814988068
4709,3,3701.224041330727,52.845,4694.721403401064
4710,3,3702.224041330727,52.834,4303.720679099998
4711,3,3703.224041330727,52.823,4303.986967884776
4712,3,3704.224041330727,52.812,4304.252772666774
4713,3,3705.224041330727,52.801,4304.518093445992
4714,3,3706.224041330727,52.79,4304.782930230771
4715,3,3707.224041330727,52.779,4305.047283009988
4716,3,3708.224041330727,52.769,3913.956311145758
4717,3,3709.224041330727,52.76,3522.876334718446
4718,3,3710.224041330727,52.753,2740.3380849096793
4719,3,3711.224041330727,52.742,4306.671382643126
4720,3,3712.224041330727,52.733,3523.921476834359
4721,3,3713.224041330727,52.722,4307.358454062158
4722,3,3714.224041330727,52.711,4307.619616846939
4723,3,3715.224041330727,52.699,4699.461194360241
4724,3,3716.224041330727,52.688,4308.058733479243
4725,3,3717.224041330727,52.677,4308.318422264023
4726,3,3718.224041330727,52.663,5483.488087194038
4727,3,3719.224041330727,52.652,4308.590879038508
4728,3,3720.224041330727,52.64,4700.517957117717
4729,3,3721.224041330727,52.629,4309.024869676378
4730,3,3722.224041330727,52.618,4309.282050455593
4731,3,3723.224041330727,52.604,5484.71112107776
4732,3,3724.224041330727,52.593,4309.549161232861
4733,3,3725.224041330727,52.586,2742.7073761038314
4734,3,3726.224041330727,52.575,4310.387910512493
4735,3,3727.224041330727,52.565,3918.803357057131
4736,3,3728.224041330727,52.556,3527.2317550386797
4737,3,3729.224041330727,52.545,4311.396935645214
4738,3,3730.224041330727,52.532,5095.489770683864
4739,3,3731.224041330727,52.521,4311.739071351391
4740,3,3732.224041330727,52.511,3920.029555089709
4741,3,3733.224041330727,52.5,4312.3254878470825
4742,3,3734.224041330727,52.489,4312.57692662908
4743,3,3735.224041330727,52.474,5880.904815753179
4744,3,3736.224041330727,52.464,3920.718784490858
4745,3,3737.224041330727,52.453,4313.081682185561
4746,3,3738.224041330727,52.44,5097.475946777002
4747,3,3739.224041330727,52.43,3921.324252142753
4748,3,3740.224041330727,52.415,5882.156844200023
4749,3,3741.224041330727,52.402,5097.870444421381
4750,3,3742.224041330727,52.392,3921.6262618713417
4751,3,3743.224041330727,52.381,4314.076937306879
4752,3,3744.224041330727,52.366,5882.943534859268
4753,3,3745.224041330727,52.353,5098.549512992725
4754,3,3746.224041330727,52.343,3922.1467223108375
4755,3,3747.224041330727,52.332,4314.647441790325
4756,3,3748.224041330727,52.318,5491.523042954785
4757,3,3749.224041330727,52.305,5099.315869389145
4758,3,3750.224041330727,52.294,4314.966529491772
4759,3,3751.224041330727,52.284,3922.955077942067
4760,3,3752.224041330727,52.273,4315.53417998189
4761,3,3753.224041330727,52.259,5492.648216838507
4762,3,3754.224041330727,52.246,5100.357384709743
4763,3,3755.224041330727,52.236,3923.533182865177
4764,3,3756.224041330727,52.225,4316.1681153942445
4765,3,3757.224041330727,52.214,4316.407938179031
4766,3,3758.224041330727,52.2,5493.7568707194405
4767,3,3759.224041330727,52.19,3924.2539767471535
4768,3,3760.224041330727,52.177,5101.762932779595
4769,3,3761.224041330727,52.167,3924.611613685353
4770,3,3762.224041330727,52.156,4317.3514853022925
4771,3,3763.224041330727,52.146,3925.1179395879935
4772,3,3764.224041330727,52.135,4317.907519795198
4773,3,3765.224041330727,52.125,3925.6225854906347
4774,3,3766.224041330727,52.114,4318.461706288103
4775,3,3767.224041330727,52.101,5103.816295073925
4776,3,3768.224041330727,52.088,5103.897430347955
4777,3,3769.224041330727,52.078,3926.2499148917836
4778,3,3770.224041330727,52.067,4319.1498106293675
4779,3,3771.224041330727,52.057,3926.749320794425
4780,3,3772.224041330727,52.047,3927.036115988949
4781,3,3773.224041330727,52.036,4320.01325683039
4782,3,3774.224041330727,52.022,5498.334874100237
4783,3,3775.224041330727,52.012,3927.5165791572267
4784,3,3776.224041330727,52.001,4320.540303321356
4785,3,3777.224041330727,51.991,3928.010825059868
4786,3,3778.224041330727,51.978,5106.636279589749
4787,3,3779.224041330727,51.968,3928.352222000856
4788,3,3780.224041330727,51.957,4321.457618449348
4789,3,3781.224041330727,51.947,3928.843027903497
4790,3,3782.224041330727,51.933,5500.564067789242
4791,3,3783.224041330727,51.92,5107.6891627354225
4792,3,3784.224041330727,51.91,3929.1598221157037
4793,3,3785.224041330727,51.899,4322.343547569818
4794,3,3786.224041330727,51.889,3929.646208015553
4795,3,3787.224041330727,51.878,4322.877648065515
4796,3,3788.224041330727,51.868,3930.130913918194
4797,3,3789.224041330727,51.858,3930.4105291127203
4798,3,3790.224041330727,51.847,4323.717026266535
4799,3,3791.224041330727,51.837,3930.8927350125687
4800,3,3792.224041330727,51.822,5896.472278504751
4801,3,3793.224041330727,51.812,3931.0698029946966
4802,3,3794.224041330727,51.8,4717.52569644449
4803,3,3795.224041330727,51.789,4324.5780953897965
4804,3,3796.224041330727,51.779,3931.673315124625
4805,3,3797.224041330727,51.769,3931.9495503191524
4806,3,3798.224041330727,51.752,6684.33116670256
4807,3,3799.224041330727,51.742,3931.9689293368338
4808,3,3800.224041330727,51.728,5504.92854178921
4809,3,3801.224041330727,51.715,5111.7302405951295
4810,3,3802.224041330727,51.705,3932.2601035462494
4811,3,3803.224041330727,51.696,3539.3145218788804
4812,3,3804.224041330727,51.685,4326.129341783231
4813,3,3805.224041330727,51.673,4719.604157566514
4814,3,3806.224041330727,51.662,4326.477774421112
4815,3,3807.224041330727,51.652,3933.3954460596447
4816,3,3808.224041330727,51.642,3933.6669412513784
4817,3,3809.224041330727,51.628,5507.299934476278
4818,3,3810.224041330727,51.618,3933.9039137115396
4819,3,3811.224041330727,51.607,4327.5496183311025
4820,3,3812.224041330727,51.596,4327.762535113101
4821,3,3813.224041330727,51.586,3934.5608303250874
4822,3,3814.224041330727,51.576,3934.8298055168216
4823,3,3815.224041330727,51.566,3935.0983807085554
4824,3,3816.224041330727,51.554,4722.348277704474
4825,3,3817.224041330727,51.543,4328.987816880909
4826,3,3818.224041330727,51.533,3935.672612841277
4827,3,3819.224041330727,51.523,3935.939528033011
4828,3,3820.224041330727,51.513,3936.2060432275416
4829,3,3821.224041330727,51.503,3936.472158416478
4830,3,3822.224041330727,51.492,4330.369616506537
4831,3,3823.224041330727,51.482,3936.9267243191193
4832,3,3824.224041330727,51.468,5511.85411076832
4833,3,3825.224041330727,51.458,3937.150096782078
4834,3,3826.224041330727,51.448,3937.4141119710143
4835,3,3827.224041330727,51.438,3937.6777271627484
4836,3,3828.224041330727,51.427,4331.6929261274345
4837,3,3829.224041330727,51.418,3544.3489187760615
4838,3,3830.224041330727,51.408,3938.4661727379494
4839,3,3831.224041330727,51.396,4726.381876139748
4840,3,3832.224041330727,51.387,3544.9873527609993
4841,3,3833.224041330727,51.376,4333.0496237530615
4842,3,3834.224041330727,51.363,5121.016469168869
4843,3,3835.224041330727,51.353,3939.3887262924854
4844,3,3836.224041330727,51.343,3939.6486414842198
4845,3,3837.224041330727,51.336,2758.016291380555
4846,3,3838.224041330727,51.327,3546.392352796362
4847,3,3839.224041330727,51.317,3940.733124982727
4848,3,3840.224041330727,51.309,3152.85465972591
4849,3,3841.224041330727,51.303,2364.934087974261
4850,3,3842.224041330727,51.293,3941.968177442888
4851,3,3843.224041330727,51.283,3942.225492634622
4852,3,3844.224041330727,51.269,5519.260094412824
4853,3,3845.224041330727,51.257,4730.8252807378685
4854,3,3846.224041330727,51.247,3942.533491324864
4855,3,3847.224041330727,51.237,3942.7890865165978
4856,3,3848.224041330727,51.227,3943.044281711133
4857,3,3849.224041330727,51.219,3154.7008491035926
4858,3,3850.224041330727,51.209,3943.7074810534523
4859,3,3851.224041330727,51.2,3549.60002563788
4860,3,3852.224041330727,51.191,3549.8976463431845
4861,3,3853.224041330727,51.182,3550.194943048489
4862,3,3854.224041330727,51.171,4339.405326326661
4863,3,3855.224041330727,51.162,3550.64977639361
4864,3,3856.224041330727,51.153,3550.9460650989145
4865,3,3857.224041330727,51.143,3945.7859053188954
4866,3,3858.224041330727,51.136,2762.307077062028
4867,3,3859.224041330727,51.126,3946.5196891476467
4868,3,3860.224041330727,51.116,3946.7702643365765
4869,3,3861.224041330727,51.107,3552.3531465926926
4870,3,3862.224041330727,51.096,4342.039720658467
4871,3,3863.224041330727,51.084,4736.930790515458
4872,3,3864.224041330727,51.073,4342.332889293553
4873,3,3865.224041330727,51.063,3947.785226852766
4874,3,3866.224041330727,51.049,5527.0301703182295
4875,3,3867.224041330727,51.037,4737.473201799642
4876,3,3868.224041330727,51.027,3948.0641855430076
4877,3,3869.224041330727,51.017,3948.3109807347414
4878,3,3870.224041330727,51.007,3948.5573759292806
4879,3,3871.224041330727,50.992,5922.9147148756165
4880,3,3872.224041330727,50.982,3948.6617439058095
4881,3,3873.224041330727,50.97,4738.595249541183
4882,3,3874.224041330727,50.959,4343.85360539509
4883,3,3875.224041330727,50.949,3949.1633160413376
4884,3,3876.224041330727,50.939,3949.4071512302653
4885,3,3877.224041330727,50.928,4344.5729956017085
4886,3,3878.224041330727,50.918,3949.816057132906
4887,3,3879.224041330727,50.904,5529.864904707621
4888,3,3880.224041330727,50.892,4739.895438135812
4889,3,3881.224041330727,50.878,5529.890389608338
4890,3,3882.224041330727,50.866,4739.916034334021
4891,3,3883.224041330727,50.856,3950.093159321656
4892,3,3884.224041330727,50.846,3950.333534516197
4893,3,3885.224041330727,50.832,5530.585341040297
4894,3,3886.224041330727,50.823,3555.48694429341
4895,3,3887.224041330727,50.811,4740.889538599465
4896,3,3888.224041330727,50.801,3950.902212876192
4897,3,3889.224041330727,50.787,5531.3788867510275
4898,3,3890.224041330727,50.775,4741.187209027755
4899,3,3891.224041330727,50.766,3556.0690234270046
4900,3,3892.224041330727,50.752,5531.831203187716
4901,3,3893.224041330727,50.74,4741.573132833038
4902,3,3894.224041330727,50.727,5136.758000424229
4903,3,3895.224041330727,50.715,4741.671806405431
4904,3,3896.224041330727,50.705,3951.5504227196448
4905,3,3897.224041330727,50.695,3951.785177908571
4906,3,3898.224041330727,50.681,5532.609045796358
4907,3,3899.224041330727,50.67,4347.092813940308
4908,3,3900.224041330727,50.66,3952.097021082447
4909,3,3901.224041330727,50.645,5928.202522602555
4910,3,3902.224041330727,50.635,3952.172509061782
4911,3,3903.224041330727,50.622,5137.973837788589
4912,3,3904.224041330727,50.611,4347.599436137469
4913,3,3905.224041330727,50.601,3952.5553567108686
4914,3,3906.224041330727,50.591,3952.7862319026026
4915,3,3907.224041330727,50.582,3557.7502014021175
4916,3,3908.224041330727,50.569,5139.170010059635
4917,3,3909.224041330727,50.558,4348.609095905278
4918,3,3910.224041330727,50.548,3953.4711192270584
4919,3,3911.224041330727,50.535,5139.657377009908
4920,3,3912.224041330727,50.525,3953.6936161680455
4921,3,3913.224041330727,50.515,3953.9215713597796
4922,3,3914.224041330727,50.502,5140.241209779637
4923,3,3915.224041330727,50.491,4349.512437668356
4924,3,3916.224041330727,50.481,3954.2897390116746
4925,3,3917.224041330727,50.472,3559.0996678002825
4926,3,3918.224041330727,50.46,4745.690267275295
4927,3,3919.224041330727,50.449,4350.334766654167
4928,3,3920.224041330727,50.44,3559.567349752476
4929,3,3921.224041330727,50.431,3559.8401124577804
4930,3,3922.224041330727,50.419,4746.675534818625
4931,3,3923.224041330727,50.408,4351.236014566076
4932,3,3924.224041330727,50.4,3164.7454172688003
4933,3,3925.224041330727,50.388,4747.385768131875
4934,3,3926.224041330727,50.379,3560.704361755095
4935,3,3927.224041330727,50.369,3956.5996771590935
4936,3,3928.224041330727,50.36,3561.17471513296
4937,3,3929.224041330727,50.352,3165.760093205058
4938,3,3930.224041330727,50.34,4748.90543003345
4939,3,3931.224041330727,50.332,3166.113493511833
4940,3,3932.224041330727,50.322,3957.9407865602425
4941,3,3933.224041330727,50.313,3562.3800125939943
4942,3,3934.224041330727,50.305,3166.830036725978
4943,3,3935.224041330727,50.297,3167.1312720486876
4944,3,3936.224041330727,50.288,3563.325856775395
4945,3,3937.224041330727,50.28,3167.6699791066326
4946,3,3938.224041330727,50.272,3167.970430432156
4947,3,3939.224041330727,50.264,3168.2706257520517
4948,3,3940.224041330727,50.256,3168.5705650775753
4949,3,3941.224041330727,50.248,3168.870248400285
4950,3,3942.224041330727,50.24,3169.1696757201803
4951,3,3943.224041330727,50.232,3169.468847045705
4952,3,3944.224041330727,50.224,3169.7677623684144
4953,3,3945.224041330727,50.216,3170.0664216883088
4954,3,3946.224041330727,50.21,2377.8209734481675
4955,3,3947.224041330727,50.203,2774.4682536341625
4956,3,3948.224041330727,50.196,2774.7842186809285
4957,3,3949.224041330727,50.189,2775.099987722061
4958,3,3950.224041330727,50.18,3568.3203312390488
4959,3,3951.224041330727,50.174,2379.1268246623126
4960,3,3952.224041330727,50.167,2775.990787717331
4961,3,3953.224041330727,50.16,2776.3057587640988
4962,3,3954.224041330727,50.153,2776.62053380523
4963,3,3955.224041330727,50.146,2776.9351128491794
4964,3,3956.224041330727,50.139,2777.2494958931293
4965,3,3957.224041330727,50.132,2777.563682939898
4966,3,3958.224041330727,50.125,2777.8776739810282
4967,3,3959.224041330727,50.116,3571.889194143436
4968,3,3960.224041330727,50.107,3572.1498068487404
4969,3,3961.224041330727,50.1,2778.596642566562
4970,3,3962.224041330727,50.093,2778.9097936105118
4971,3,3963.224041330727,50.086,2779.2227486572824
4972,3,3964.224041330727,50.078,3176.580295005047
4973,3,3965.224041330727,50.071,2779.792557608603
4974,3,3966.224041330727,50.063,3177.231025235127
4975,3,3967.224041330727,50.057,2383.1908261082845
4976,3,3968.224041330727,50.052,1986.2747027689047
4977,3,3969.224041330727,50.045,2781.151932054737
4978,3,3970.224041330727,50.037,3178.783700036756
4979,3,3971.224041330727,50.027,3973.7656247163877
4980,3,3972.224041330727,50.013,5563.3381033273145
4981,3,3973.224041330727,50.005,3179.151377324771
4982,3,3974.224041330727,49.995,3974.22404133276
4983,3,3975.224041330727,49.989,2384.7528032905584
4984,3,3976.224041330727,49.982,2782.5496554502824
4985,3,3977.224041330727,49.976,2385.332164340111
4986,3,3978.224041330727,49.968,3180.7969886923024
4987,3,3979.224041330727,49.963,1988.2391883721216
4988,3,3980.224041330727,49.958,1988.539832170055
4989,3,3981.224041330727,49.952,2386.5845638162077
4990,3,3982.224041330727,49.947,1989.1009975226823
4991,3,3983.224041330727,49.939,3182.9465327399507
4992,3,3984.224041330727,49.932,2785.3590746213504
4993,3,3985.224041330727,49.928,1591.857891071091
4994,3,3986.224041330727,49.925,1194.1092875970364
4995,3,3987.224041330727,49.923,796.2326921557251
4996,3,3988.224041330727,49.917,2389.105729718849
4997,3,3989.224041330727,49.913,1592.9769441861326
4998,3,3990.224041330727,49.91,1194.9484034333166
4999,3,3991.224041330727,49.908,796.792002713244
5000,3,3992.224041330727,49.902,2390.7832893914097
5001,3,3993.224041330727,49.899,1195.583257646589
5002,3,3994.224041330727,49.896,1195.8107646138449
5003,3,3995.224041330727,49.893,1196.038235581101
5004,3,3996.224041330727,49.892,398.7632159632572
5005,3,3997.224041330727,49.885,2791.8171622049867
5006,3,3998.224041330727,49.883,797.7896323091086
5007,3,3999.224041330727,49.881,797.9571745196125
5008,3,4000.224041330727,49.879,798.1247007272821
5009,3,4001.224041330727,49.876,1197.4263127288853
5010,3,4002.224041330727,49.871,1996.0492072512645
5011,3,4003.224041330727,49.867,1597.0942377389279
5012,3,4004.224041330727,49.865,798.6985441781306
5013,3,4005.224041330727,49.864,399.4369884197793
5014,3,4006.224041330727,49.863,399.5287049688582
5015,3,4007.224041330727,49.861,799.2328205963075
5017,3,4009.224041330727,49.86,399.8038306246096
5018,3,4010.224041330727,49.859,399.8955311765268
5019,3,4011.224041330727,49.858,399.98722773128594
5020,3,4012.224041330727,49.857,400.078920280361
5021,3,4013.224041330727,49.856,400.1706088322781
5103,3,4095.224041330727,49.846,4083.02027368965
5104,3,4096.224041330727,49.834,4899.739349275447
5105,3,4097.224041330727,49.821,5308.0152039067125
5106,3,4098.224041330727,49.808,5307.925519177841
5107,3,4099.224041330727,49.797,4491.335317005355
5108,3,4100.224041330727,49.787,4083.167109317979
5109,3,4101.224041330727,49.784,1225.088937058072
5122,3,4114.224041330727,49.782,819.2736617992716
5123,3,4115.224041330727,49.768,5735.387746400911
5124,3,4116.224041330727,49.755,5325.566548448885
5125,3,4117.224041330727,49.747,3277.3762124850145
5126,3,4118.224041330727,49.738,3687.3136687662263
5127,3,4119.224041330727,49.73,3277.847815545773
5128,3,4120.224041330727,49.727,1229.3553674359368
5129,3,4121.224041330727,49.726,409.8680945815096
5149,3,4141.224041330727,49.717,3706.341681078604
5150,3,4142.224041330727,49.707,4118.364830851843
5151,3,4143.224041330727,49.7,2883.0583059350793
5152,3,4144.224041330727,49.696,1647.6771712504496
5153,3,4145.224041330727,49.695,411.99796269094213
5186,3,4178.224041330727,49.688,2906.7110792961284
5187,3,4179.224041330727,49.676,4983.173011713626
5188,3,4180.224041330727,49.665,4567.94400138935
5189,3,4181.224041330727,49.653,4983.249712042811
5190,3,4182.224041330727,49.641,4983.237047518907
5191,3,4183.224041330727,49.631,4152.770170309013
5192,3,4184.224041330727,49.622,3737.6710989679295
5193,3,4185.224041330727,49.611,4568.435710228249
5194,3,4186.224041330727,49.607,1661.3951077300876
5195,3,4187.224041330727,49.6,2907.8135482772086
5228,3,4220.224041330727,49.595,2093.1256189000783
5229,3,4221.224041330727,49.583,5023.830695653377
5230,3,4222.224041330727,49.572,4605.200872997822
5231,3,4223.224041330727,49.564,3349.3883084920226
5232,3,4224.224041330727,49.556,3349.640695814732
5233,3,4225.224041330727,49.551,2093.7463953189176
5234,3,4226.224041330727,49.549,837.6376049927738
5235,3,4227.224041330727,49.547,837.8019872004434
5236,3,4228.224041330727,49.546,418.98740492660926
5266,3,4258.224041330727,49.544,843.8948405119548
5267,3,4259.224041330727,49.531,5485.774084632151
5268,3,4260.224041330727,49.518,5485.622103906182
5269,3,4261.224041330727,49.507,4641.644817621703
5270,3,4262.224041330727,49.5,2953.9301096193317
5271,3,4263.224041330727,49.493,2954.205362663281
5272,3,4264.224041330727,49.483,4220.55838714966
5273,3,4265.224041330727,49.475,3376.6243254541773
5274,3,4266.224041330727,49.467,3376.8699127798864
5275,3,4267.224041330727,49.46,2955.005709156186
5276,3,4268.224041330727,49.455,2110.9569052422244
5277,3,4269.224041330727,49.452,1266.7684267677428
5278,3,4270.224041330727,49.446,2533.8997034372537
5279,3,4271.224041330727,49.443,1267.1312226695109
5280,3,4272.224041330727,49.438,2112.2089271521972
5281,3,4273.224041330727,49.435,1267.519441915527
5282,3,4274.224041330727,49.433,845.1679650376057
5283,3,4275.224041330727,49.43,1267.984423194287
5284,3,4276.224041330727,49.428,845.4779125567793
5285,3,4277.224041330727,49.421,2959.595234829618
5286,3,4278.224041330727,49.419,845.7193284912917
5287,3,4279.224041330727,49.417,845.8827746959561
5288,3,4280.224041330727,49.414,1269.0564666863195
5289,3,4281.224041330727,49.413,423.100528334612
5290,3,4282.224041330727,49.412,423.1907908835228
5291,3,4283.224041330727,49.408,1693.0727990562716
5292,3,4284.224041330727,49.406,846.6826288411437
5313,3,4305.224041330727,49.398,3402.9868494352436
5314,3,4306.224041330727,49.388,4253.946481471148
5315,3,4307.224041330727,49.38,3403.32723291134
5316,3,4308.224041330727,49.369,4679.760974432233
5317,3,4309.224041330727,49.364,2127.3130863646215
5318,3,4310.224041330727,49.358,2553.083626849609
5319,3,4311.224041330727,49.353,2127.826181717052
5320,3,4312.224041330727,49.35,1276.8883486544487
5321,3,4313.224041330727,49.348,851.4131728635608
5323,3,4315.224041330727,49.346,851.7734430712305
5325,3,4317.224041330727,49.345,426.0711578619778
5326,3,4318.224041330727,49.342,1278.4577279004648
5327,3,4319.224041330727,49.341,426.2339860696468
5346,3,4338.224041330727,49.339,856.1918967980787
5347,3,4339.224041330727,49.328,4709.520403343918
5348,3,4340.224041330727,49.315,5565.7253614190695
5349,3,4341.224041330727,49.303,5137.473990095638
5350,3,4342.224041330727,49.291,5137.406845571735
5351,3,4343.224041330727,49.281,4281.202802019672
5352,3,4344.224041330727,49.274,2997.0150027525483
5353,3,4345.224041330727,49.269,2140.9570635253644
5368,3,4360.224041330727,49.267,859.2780722711265
5369,3,4361.224041330727,49.257,4296.8523744828835
5370,3,4362.224041330727,49.249,3437.6419313206916
5371,3,4363.224041330727,49.238,4726.929307745129
5372,3,4364.224041330727,49.227,4726.956522527127
5373,3,4365.224041330727,49.219,3437.910767780853
5374,3,4366.224041330727,49.214,2148.9026553026365
5375,3,4367.224041330727,49.212,859.6967869820328
6158,3,5150.224041330727,49.206,3041.2484981982407
6159,3,5151.224041330727,49.194,6082.5653480035535
6160,3,5152.224041330727,49.183,5575.463789655334
6161,3,5153.224041330727,49.178,2534.3813496479547
6162,3,5154.224041330727,49.169,4562.12224613495
6163,3,5155.224041330727,49.162,3548.428346455576
6164,3,5156.224041330727,49.156,3041.697811773442
6165,3,5157.224041330727,49.149,3548.8663656800536
6166,3,5158.224041330727,49.143,3042.0729448229945
6167,3,5159.224041330727,49.134,4563.297549988912
6168,3,5160.224041330727,49.126,4056.3489144106125
6169,3,5161.224041330727,49.12,3042.417702987587
6170,3,5162.224041330727,49.115,2535.555393498314
6171,3,5163.224041330727,49.106,4564.233257072081
6172,3,5164.224041330727,49.1,3042.946717217668
6173,3,5165.224041330727,49.095,2535.995873693651
6174,3,5166.224041330727,49.088,3550.6476253487567
6175,3,5167.224041330727,49.082,3043.5983048247404
6176,3,5168.224041330727,49.075,3551.0815705732343
6177,3,5169.224041330727,49.07,2536.667467683319
6178,3,5170.224041330727,49.062,4058.915404992291
6179,3,5171.224041330727,49.056,3044.340962923845
6180,3,5172.224041330727,49.051,2537.156920111861
6181,3,5173.224041330727,49.044,3552.2718863429022
6182,3,5174.224041330727,49.038,3044.9894545309176
6183,3,5175.224041330727,49.03,4060.1909702795238
6184,3,5176.224041330727,49.024,3045.296832891974
6185,3,5177.224041330727,49.015,4568.128810092382
6186,3,5178.224041330727,49.007,4060.6390158359204
6187,3,5179.224041330727,49.002,2538.052845331608
6188,3,5180.224041330727,48.992,5076.3087470642295
6189,3,5181.224041330727,48.988,2030.6253262772132
6190,3,5182.224041330727,48.983,2538.538357767362
6223,3,5215.224041330727,48.982,510.90942320777395
6224,3,5216.224041330727,48.972,5109.500097444084
6225,3,5217.224041330727,48.966,3065.786928959209
6226,3,5218.224041330727,48.959,3576.9621247301056
6227,3,5219.224041330727,48.953,3066.1479860087616
6228,3,5220.224041330727,48.95,1533.2267829552648
6229,3,5221.224041330727,48.944,3066.7590378122977
6230,3,5222.224041330727,48.939,2555.8347791891856
6231,3,5223.224041330727,48.934,2556.0630329871187
6232,3,5224.224041330727,48.928,3067.518078796362
6233,3,5225.224041330727,48.922,3067.729034665386
6234,3,5226.224041330727,48.918,2045.3350408140598
6235,3,5227.224041330727,48.912,3068.2759677804265
6236,3,5228.224041330727,48.908,2045.6995028907531
6237,3,5229.224041330727,48.904,2045.9234477214306
6238,3,5230.224041330727,48.9,2046.1473285557424
6239,3,5231.224041330727,48.895,2557.937775607366
6240,3,5232.224041330727,48.893,1023.2974491085489
6241,3,5233.224041330727,48.89,1535.1610393003857
6242,3,5234.224041330727,48.886,2047.1259594594783
6243,3,5235.224041330727,48.884,1023.6957090430616
6244,3,5236.224041330727,48.88,2047.656828705494
6245,3,5237.224041330727,48.875,2559.824180802736
6246,3,5238.224041330727,48.871,2048.0617885745182
6247,3,5239.224041330727,48.869,1024.1635156005823
6248,3,5240.224041330727,48.866,1536.4598900384342
6249,3,5241.224041330727,48.865,512.2300667820995
6250,3,5242.224041330727,48.858,3586.001019939301
6251,3,5243.224041330727,48.853,2561.6033215100038
6252,3,5244.224041330727,48.843,5123.397119417448
6253,3,5245.224041330727,48.835,4098.743951274191
6254,3,5246.224041330727,48.824,5635.75093017692
6255,3,5247.224041330727,48.814,5123.284609473476
6256,3,5248.224041330727,48.808,3074.052764176846
6257,3,5249.224041330727,48.798,5123.55761778025
6258,3,5250.224041330727,48.786,6148.0543541908455
6259,3,5251.224041330727,48.777,4610.926540299322
6260,3,5252.224041330727,48.771,3074.063704702495
6261,3,5253.224041330727,48.761,5123.574471989666
6262,3,5254.224041330727,48.756,2561.8808291935534
6263,3,5255.224041330727,48.745,5636.2855917930865
6264,3,5256.224041330727,48.737,4099.097855973744
6265,3,5257.224041330727,48.729,4099.204787300095
6266,3,5258.224041330727,48.717,6148.714799178401
6267,3,5259.224041330727,48.708,4611.419120039989
6268,3,5260.224041330727,48.699,4611.443788745294
6269,3,5261.224041330727,48.689,5123.8008693701495
6270,3,5262.224041330727,48.678,5636.036650556165
6271,3,5263.224041330727,48.671,3586.587180395457
6272,3,5264.224041330727,48.66,5636.094091835798
6273,3,5265.224041330727,48.649,5635.890548614156
6274,3,5266.224041330727,48.634,7684.711101191949
6275,3,5267.224041330727,48.623,5635.018494466155
6276,3,5268.224041330727,48.612,5634.813411244513
6277,3,5269.224041330727,48.6,6146.781690070345
6278,3,5270.224041330727,48.592,4097.788920201497
6279,3,5271.224041330727,48.58,6146.584590530506
6280,3,5272.224041330727,48.57,5121.965656151782
6281,3,5273.224041330727,48.562,4097.590380661658
6282,3,5274.224041330727,48.551,5634.1529125810475
6283,3,5275.224041330727,48.539,6146.058026073837
6284,3,5276.224041330727,48.527,6145.7035535499335
6285,3,5277.224041330727,48.517,5121.229298667972
6286,3,5278.224041330727,48.508,4609.077188491199
6287,3,5279.224041330727,48.498,5121.164073535905
6288,3,5280.224041330727,48.489,4609.017801869064
6289,3,5281.224041330727,48.478,5633.14896777067
6290,3,5282.224041330727,48.468,5120.904919107468
6291,3,5283.224041330727,48.459,4608.783509886745
6292,3,5284.224041330727,48.453,3072.6283217607775
6293,3,5285.224041330727,48.444,4609.101185395586
6294,3,5286.224041330727,48.436,4097.035080994335
6295,3,5287.224041330727,48.429,3585.028697343429
6296,3,5288.224041330727,48.423,3073.050449105898
6297,3,5289.224041330727,48.413,5121.872992665643
6298,3,5290.224041330727,48.406,3585.35941020212
6299,3,5291.224041330727,48.396,5122.0106964879515
6300,3,5292.224041330727,48.388,4097.620892930593
6301,3,5293.224041330727,48.375,6658.447092845746
6302,3,5294.224041330727,48.365,5121.632337582327
6303,3,5295.224041330727,48.357,4097.317277806093
6304,3,5296.224041330727,48.35,3585.2735685537173
6305,3,5297.224041330727,48.341,4609.745008022959
6306,3,5298.224041330727,48.335,3073.2666445182526
6307,3,5299.224041330727,48.327,4097.868754266255
6308,3,5300.224041330727,48.315,6146.691021627642
6309,3,5301.224041330727,48.306,4609.88611287692
6310,3,5302.224041330727,48.298,4097.728410307437
6311,3,5303.224041330727,48.286,6146.479089694877
6312,3,5304.224041330727,48.274,6146.110481170973
6313,3,5305.224041330727,48.264,5121.557185018839
6314,3,5306.224041330727,48.255,4609.362944206979
6315,3,5307.224041330727,48.243,6145.638066484224
6316,3,5308.224041330727,48.233,5121.162226116852
6317,3,5309.224041330727,48.225,4096.937060627163
6318,3,5310.224041330727,48.214,5633.239659542261
6319,3,5311.224041330727,48.205,4608.926197569781
6320,3,5312.224041330727,48.198,3584.8003397937655
6321,3,5313.224041330727,48.188,5121.204124476016
6322,3,5314.224041330727,48.178,5121.105139671388
6323,3,5315.224041330727,48.169,4608.9530163909985
6324,3,5316.224041330727,48.158,5633.055045519703
6325,3,5317.224041330727,48.15,4096.729703781206
6326,3,5318.224041330727,48.144,3072.6783950155227
6327,3,5319.224041330727,48.138,3072.8731748845466
6328,3,5320.224041330727,48.132,3073.067810753571
6329,3,5321.224041330727,48.127,2561.078524969943
6330,3,5322.224041330727,48.121,3073.520517180116
6331,3,5323.224041330727,48.112,4610.428372524594
6332,3,5324.224041330727,48.104,4098.204322886787
6333,3,5325.224041330727,48.092,6147.183022558441
6334,3,5326.224041330727,48.083,4610.246374575019
6335,3,5327.224041330727,48.075,4098.041674927969
6336,3,5328.224041330727,48.07,2561.410502270024
6337,3,5329.224041330727,48.064,3073.9177439358455
6338,3,5330.224041330727,48.06,2049.4498229943633
6339,3,5331.224041330727,48.052,4099.1568404844
6340,3,5332.224041330727,48.045,3586.8751358972345
6341,3,5333.224041330727,48.038,3587.0251589448253
6342,3,5334.224041330727,48.028,5124.375667543757
6343,3,5335.224041330727,48.025,1537.3928245258792
6344,3,5336.224041330727,48.019,3075.073810953527
6345,3,5337.224041330727,48.013,3075.265794822551
6346,3,5338.224041330727,48.006,3587.9965395706677
6347,3,5339.224041330727,47.997,4613.233730759039
6348,3,5340.224041330727,47.989,4100.693958650739
6349,3,5341.224041330727,47.979,5125.865887983252
6350,3,5342.224041330727,47.971,4100.691174126836
6351,3,5343.224041330727,47.965,3075.645249771102
6352,3,5344.224041330727,47.955,5126.179700447056
6353,3,5345.224041330727,47.947,4100.941408091322
6354,3,5346.224041330727,47.941,3075.8323852508415
6355,3,5347.224041330727,47.935,3076.0227131198653
6356,3,5348.224041330727,47.926,4614.174943434218
6357,3,5349.224041330727,47.919,3588.8746476919696
6358,3,5350.224041330727,47.91,4614.359576910315
6359,3,5351.224041330727,47.903,3589.017803503068
6360,3,5352.224041330727,47.895,4101.858869688935
6361,3,5353.224041330727,47.889,3076.519269449051
6362,3,5354.224041330727,47.888,512.8115160089817
6363,3,5355.224041330727,47.883,2564.375808309093
6365,3,5357.224041330727,47.88,1539.0715376099217
6366,3,5358.224041330727,47.876,2052.3284052091685
6367,3,5359.224041330727,47.869,3591.832340859394
6368,3,5360.224041330727,47.865,2052.622753489886
6369,3,5361.224041330727,47.86,2566.0158567832323
6370,3,5362.224041330727,47.855,2566.2263705811656
6372,3,5364.224041330727,47.851,2053.5537043972563
6373,3,5365.224041330727,47.843,4107.357995286545
6374,3,5366.224041330727,47.839,2053.8041948929367
6375,3,5367.224041330727,47.835,2054.0151717199656
6376,3,5368.224041330727,47.832,1540.6856680860185
6377,3,5369.224041330727,47.827,2568.073012849594
6378,3,5370.224041330727,47.824,1541.0018993320346
6379,3,5371.224041330727,47.821,1541.1921702992906
6380,3,5372.224041330727,47.816,2568.9169532013975
6381,3,5373.224041330727,47.812,2055.322674500011
6383,3,5375.224041330727,47.808,2055.915691327037
6384,3,5376.224041330727,47.806,1028.0845709768487
6388,4,5380.224041330727,47.659,75502.59395152798
6400,4,5392.224041330727,47.652,3597.5678592218296
6401,4,5393.224041330727,47.638,7194.88446457916
6402,4,5394.224041330727,47.623,7707.887646018388
6403,4,5395.224041330727,47.613,5138.195568000709
6404,4,5396.224041330727,47.6,6679.278835412929
6405,4,5397.224041330727,47.59,5137.617564941697
6406,4,5398.224041330727,47.58,5137.489820137082
6407,4,5399.224041330727,47.567,6678.359608185468
6408,4,5400.224041330727,47.556,5650.540626319961
6409,4,5401.224041330727,47.543,6677.463066383677
6410,4,5402.224041330727,47.534,4622.645296598589
6411,4,5403.224041330727,47.525,4622.625667303893
6412,4,5404.224041330727,47.516,4622.605714009198
6413,4,5405.224041330727,47.505,5649.707729941939
6414,4,5406.224041330727,47.493,6162.965657740271
6415,4,5407.224041330727,47.484,4622.0572599613915
6416,4,5408.224041330727,47.474,5135.541385169459
6417,4,5409.224041330727,47.462,6162.361123049872
6418,4,5410.224041330727,47.452,5135.060046591274
6419,4,5411.224041330727,47.441,5648.360112491745
6420,4,5412.224041330727,47.429,6161.492337612787
6421,4,5413.224041330727,47.42,4620.949983865778
6422,4,5414.224041330727,47.405,7701.056920788085
6423,4,5415.224041330727,47.397,4106.992556531256
6424,4,5416.224041330727,47.386,5647.025596401736
6425,4,5417.224041330727,47.373,6673.299528124643
6426,4,5418.224041330727,47.363,5133.0087277940565
6427,4,5419.224041330727,47.348,7698.901922677409
6428,4,5420.224041330727,47.338,5132.1933357733915
6429,4,5421.224041330727,47.327,5645.201912599736
6430,4,5422.224041330727,47.314,6671.141171441594
6431,4,5423.224041330727,47.299,7696.612443336653
6432,4,5424.224041330727,47.287,6156.667862079931
6433,4,5425.224041330727,47.272,7695.056401863175
6434,4,5426.224041330727,47.259,6668.303003062492
6435,4,5427.224041330727,47.244,7693.334303668457
6436,4,5428.224041330727,47.233,5641.265550282263
6437,4,5429.224041330727,47.219,7179.214968122621
6438,4,5430.224041330727,47.208,5640.357421059531
6439,4,5431.224041330727,47.194,7178.05776729369
6440,4,5432.224041330727,47.179,7689.829191787862
6441,4,5433.224041330727,47.169,5126.138218517337
6442,4,5434.224041330727,47.154,7688.584713753222
6443,4,5435.224041330727,47.138,8199.97032488525
6444,4,5436.224041330727,47.126,6149.282676384229
6445,4,5437.224041330727,47.111,7685.815229743547
6446,4,5438.224041330727,47.096,7684.781583924948
6447,4,5439.224041330727,47.085,5634.987153800048
6448,4,5440.224041330727,47.074,5634.706610585686
6449,4,5441.224041330727,47.061,6658.725126697723
6450,4,5442.224041330727,47.051,5121.785889776155
6451,4,5443.224041330727,47.035,8194.098834445022
6452,4,5444.224041330727,47.025,5120.837133274663
6453,4,5445.224041330727,47.01,7680.624640898315
6454,4,5446.224041330727,46.995,7679.584365079716
6455,4,5447.224041330727,46.983,6143.030651474382
6456,4,5448.224041330727,46.968,7677.991453602602
6457,4,5449.224041330727,46.955,6653.497105243453
6458,4,5450.224041330727,46.944,5629.476459823843
6459,4,5451.224041330727,46.931,6652.537539441662
6460,4,5452.224041330727,46.92,5628.663463530021
6461,4,5453.224041330727,46.907,6651.575477639872
6462,4,5454.224041330727,46.892,7674.011412788369
6463,4,5455.224041330727,46.877,7672.963546973406
6464,4,5456.224041330727,46.866,5626.310913372555
6465,4,5457.224041330727,46.853,6648.792539082208
6466,4,5458.224041330727,46.844,4602.7729620052605
6467,4,5459.224041330727,46.834,5114.091897436781
6468,4,5460.224041330727,46.824,5113.936632632149
6469,4,5461.224041330727,46.816,4091.112153839407
6470,4,5462.224041330727,46.808,4091.1621091657503
6471,4,5463.224041330727,46.799,4602.564115531783
6472,4,5464.224041330727,46.79,4602.521374237087
6473,4,5465.224041330727,46.781,4602.478308942392
6474,4,5466.224041330727,46.772,4602.434919647696
6475,4,5467.224041330727,46.762,5113.713334817265
6476,4,5468.224041330727,46.749,6647.40827827445
6477,4,5469.224041330727,46.738,5624.314827472167
6478,4,5470.224041330727,46.726,6135.228237587454
6479,4,5471.224041330727,46.715,5623.603102103621
6480,4,5472.224041330727,46.701,7156.7059346308
6481,4,5473.224041330727,46.689,6133.732718638752
6482,4,5474.224041330727,46.675,7155.33634752871
6483,4,5475.224041330727,46.659,8176.392970776093
6484,4,5476.224041330727,46.647,6131.57472480509
6485,4,5477.224041330727,46.632,7663.649720269624
6486,4,5478.224041330727,46.621,5619.469091786151
6487,4,5479.224041330727,46.608,6640.693515942562
6488,4,5480.224041330727,46.594,7150.749775399341
6489,4,5481.224041330727,46.583,5617.964137491227
6490,4,5482.224041330727,46.567,8170.706711198416
6491,4,5483.224041330727,46.556,5616.756996410677
6492,4,5484.224041330727,46.544,6126.97509897492
6493,4,5485.224041330727,46.53,7147.444393917278
6494,4,5486.224041330727,46.518,6125.78609517313
6495,4,5487.224041330727,46.505,6635.69454595625
6496,4,5488.224041330727,46.494,5614.392823818301
6497,4,5489.224041330727,46.481,6634.6878681544595
6498,4,5490.224041330727,46.472,4592.99515782451
6499,4,5491.224041330727,46.463,4592.942156529814
6500,4,5492.224041330727,46.454,4592.888831235119
6501,4,5493.224041330727,46.446,4082.56410751836
6502,4,5494.224041330727,46.438,4082.6040468374435
6503,4,5495.224041330727,46.43,4082.6437301637793
6504,4,5496.224041330727,46.423,3572.386236366701
6505,4,5497.224041330727,46.418,2551.838886107236
6506,4,5498.224041330727,46.411,3572.762476727757
6507,4,5499.224041330727,46.403,4083.2398413779247
6508,4,5500.224041330727,46.396,3572.9070356790776
6509,4,5501.224041330727,46.388,4083.404571608005
6510,4,5502.224041330727,46.383,2552.2341326891433
6511,4,5503.224041330727,46.376,3573.314911951132
6512,4,5504.224041330727,46.374,1021.0335596644703
6626,4,5618.224041330727,46.371,1563.1865661397142
6627,4,5619.224041330727,46.357,7294.83169666473
6628,4,5620.224041330727,46.345,6252.07210895353
6629,4,5621.224041330727,46.333,6251.5656204296265
6630,4,5622.224041330727,46.322,5730.1988540422335
6631,4,5623.224041330727,46.311,5729.857238827933
6632,4,5624.224041330727,46.299,6250.312661611901
6633,4,5625.224041330727,46.287,6249.803917087997
6634,4,5626.224041330727,46.275,6249.294596564094
6635,4,5627.224041330727,46.262,6769.443604463103
6636,4,5628.224041330727,46.249,6768.7442457371335
6637,4,5629.224041330727,46.237,6247.492976238401
6638,4,5630.224041330727,46.223,7287.987208061656
6639,4,5631.224041330727,46.208,7807.495040463902
6640,4,5632.224041330727,46.194,7286.002722136397
6641,4,5633.224041330727,46.179,7805.3670655479455
6642,4,5634.224041330727,46.167,6243.576639848965
6643,4,5635.224041330727,46.15,8843.858623001555
6644,4,5636.224041330727,46.138,6241.870131916198
6645,4,5637.224041330727,46.124,7281.42190301539
6646,4,5638.224041330727,46.108,8320.39487648303
6647,4,5639.224041330727,46.092,8318.983305770173
6648,4,5640.224041330727,46.079,6758.246171474453
6649,4,5641.224041330727,46.064,7796.989602605354
6650,4,5642.224041330727,46.054,5197.503942392005
6651,4,5643.224041330727,46.043,5716.964049880244
6652,4,5644.224041330727,46.031,6236.235412578061
6653,4,5645.224041330727,46.017,7274.842155787565
6654,4,5646.224041330727,46.006,5715.4072245106
6655,4,5647.224041330727,45.989,8831.77838659931
6656,4,5648.224041330727,45.977,6233.334866220495
6657,4,5649.224041330727,45.962,7790.76013703519
6658,4,5650.224041330727,45.949,6751.130644218446
6659,4,5651.224041330727,45.934,7788.771278844163
6660,4,5652.224041330727,45.921,6749.405511112667
6661,4,5653.224041330727,45.905,8305.807213106851
6662,4,5654.224041330727,45.888,8823.309186241378
6663,4,5655.224041330727,45.874,7265.08535872608
6664,4,5656.224041330727,45.857,8820.468488101815
6665,4,5657.224041330727,45.845,6225.34510845756
6666,4,5658.224041330727,45.832,6743.477070681029
6667,4,5659.224041330727,45.82,6224.1504220327615
6668,4,5660.224041330727,45.807,6742.181527054165
6669,4,5661.224041330727,45.794,6741.459184331879
6670,4,5662.224041330727,45.78,7259.175061049299
6671,4,5663.224041330727,45.764,8294.946906232368
6672,4,5664.224041330727,45.748,8293.511527526889
6673,4,5665.224041330727,45.734,7255.724360484066
6674,4,5666.224041330727,45.717,8809.091531665079
6675,4,5667.224041330727,45.705,6217.307475678688
6676,4,5668.224041330727,45.692,6734.762745170587
6677,4,5669.224041330727,45.678,7251.958009190941
6678,4,5670.224041330727,45.664,7251.014461363059
6679,4,5671.224041330727,45.651,6732.281703342529
6680,4,5672.224041330727,45.636,7767.004740914666
6681,4,5673.224041330727,45.619,8801.071018159364
6682,4,5674.224041330727,45.606,6729.2041462141715
6683,4,5675.224041330727,45.591,7763.4511034588695
6684,4,5676.224041330727,45.575,8279.658255230403
6685,4,5677.224041330727,45.56,7760.907195100432
6686,4,5678.224041330727,45.543,8794.155162236564
6687,4,5679.224041330727,45.525,9309.520349926672
6688,4,5680.224041330727,45.506,9824.453019420318
6689,4,5681.224041330727,45.487,9822.080764662478
6690,4,5682.224041330727,45.471,8269.499749624527
6691,4,5683.224041330727,45.455,8268.045266911693
6692,4,5684.224041330727,45.441,7233.425198448996
6693,4,5685.224041330727,45.427,7232.469134628465
6694,4,5686.224041330727,45.41,8780.832065121664
6695,4,5687.224041330727,45.396,7230.07692815692
6696,4,5688.224041330727,45.378,9294.17128429995
6697,4,5689.224041330727,45.364,7227.521951419556
6698,4,5690.224041330727,45.349,7742.659401918807
6699,4,5691.224041330727,45.335,7225.441453494328
6700,4,5692.224041330727,45.321,7224.479677673794
6701,4,5693.224041330727,45.309,6191.72273838988
6702,4,5694.224041330727,45.291,9286.140566602502
6703,4,5695.224041330727,45.277,7221.270713651208
6704,4,5696.224041330727,45.259,9282.840116506888
6705,4,5697.224041330727,45.241,9280.777963328106
6706,4,5698.224041330727,45.224,8763.327244284284
6707,4,5699.224041330727,45.206,9276.854941032367
6708,4,5700.224041330727,45.189,8759.619787675101
6709,4,5701.224041330727,45.171,9272.926878743952
6710,4,5702.224041330727,45.153,9270.85831756517
6711,4,5703.224041330727,45.14,6694.495708729413
6712,4,5704.224041330727,45.121,9782.510357695654
6713,4,5705.224041330727,45.107,7206.793367218136
6714,4,5706.224041330727,45.091,8235.039937278276
6715,4,5707.224041330727,45.072,9777.028383530696
6716,4,5708.224041330727,45.054,9260.269199081868
6717,4,5709.224041330727,45.036,9258.191889903084
6718,4,5710.224041330727,45.018,9256.113284724303
6719,4,5711.224041330727,45.004,7197.901349082937
6720,4,5712.224041330727,44.987,8738.828812955586
6721,4,5713.224041330727,44.973,7195.4628866150615
6722,4,5714.224041330727,44.956,8735.865714816024
6723,4,5715.224041330727,44.938,9247.758299485271
6724,4,5716.224041330727,44.92,9245.672278306487
6725,4,5717.224041330727,44.901,9757.008831710133
6726,4,5718.224041330727,44.886,7701.332729984722
6727,4,5719.224041330727,44.87,8213.354768861635
6728,4,5720.224041330727,44.852,9238.138945853309
6729,4,5721.224041330727,44.835,8723.030150109991
6730,4,5722.224041330727,44.817,9234.158935561232
6731,4,5723.224041330727,44.8,8719.268871504453
6732,4,5724.224041330727,44.781,9742.852563081664
6733,4,5725.224041330727,44.76,10765.488003581095
6734,4,5726.224041330727,44.744,8200.319305523342
6735,4,5727.224041330727,44.727,8711.147857433869
6736,4,5728.224041330727,44.71,8709.35795093434
6737,4,5729.224041330727,44.69,10243.85258590094
6738,4,5730.224041330727,44.673,8705.190187090346
6739,4,5731.224041330727,44.652,10750.77333732962
6740,4,5732.224041330727,44.634,9212.532403576944
6741,4,5733.224041330727,44.616,9210.424422398162
6742,4,5734.224041330727,44.599,8696.839563405994
6743,4,5735.224041330727,44.582,8695.04125890647
6744,4,5736.224041330727,44.564,9204.505710992791
6745,4,5737.224041330727,44.546,9202.392617814008
6746,4,5738.224041330727,44.529,8689.249210183996
6747,4,5739.224041330727,44.51,9709.280618907675
6748,4,5740.224041330727,44.49,10217.598793566662
6749,4,5741.224041330727,44.473,8682.860744612932
6750,4,5742.224041330727,44.456,8681.054110113415
6751,4,5743.224041330727,44.438,9189.686842741316
6752,4,5744.224041330727,44.421,8677.242069507858
6753,4,5745.224041330727,44.404,8675.431933008344
6754,4,5746.224041330727,44.386,9183.730187335943
6755,4,5747.224041330727,44.369,8671.612786402784
6756,4,5748.224041330727,44.355,7140.076017803863
6757,4,5749.224041330727,44.34,7648.911395184099
6758,4,5750.224041330727,44.327,6628.116495947397
6759,4,5751.224041330727,44.31,8666.111170972252
6760,4,5752.224041330727,44.292,9173.85398118008
6761,4,5753.224041330727,44.274,9171.720728001297
6762,4,5754.224041330727,44.254,10188.198918620124
6763,4,5755.224041330727,44.235,9676.206383672139
6764,4,5756.224041330727,44.222,6619.318030310943
6765,4,5757.224041330727,44.207,7636.583471262813
6766,4,5758.224041330727,44.194,6617.425925208854
6767,4,5759.224041330727,44.179,7634.398593068095
6768,4,5760.224041330727,44.165,7124.33725790398
6769,4,5761.224041330727,44.15,7632.037518152137
6770,4,5762.224041330727,44.133,8648.009225691529
6771,4,5763.224041330727,44.116,8646.178893199254
6772,4,5764.224041330727,44.099,8644.347404703363
6773,4,5765.224041330727,44.083,8134.223782601122
6774,4,5766.224041330727,44.066,8640.877011325378
6775,4,5767.224041330727,44.049,8639.042088833101
6776,4,5768.224041330727,44.032,8637.206010337211
6777,4,5769.224041330727,44.015,8635.368775837713
6778,4,5770.224041330727,43.998,8633.530385345432
6779,4,5771.224041330727,43.981,8631.690838845934
6780,4,5772.224041330727,43.965,8122.30424862106
6781,4,5773.224041330727,43.948,8628.20456747517
6782,4,5774.224041330727,43.933,7611.668744643073
6783,4,5775.224041330727,43.916,8624.9101657182
6784,4,5776.224041330727,43.899,8623.064941218707
6785,4,5777.224041330727,43.886,6592.996962085882
6786,4,5778.224041330727,43.869,8620.156862700152
6787,4,5779.224041330727,43.854,7604.563058665119
6788,4,5780.224041330727,43.837,8616.851648939584
6789,4,5781.224041330727,43.82,8615.000848447296
6790,4,5782.224041330727,43.803,8613.148891951405
6791,4,5783.224041330727,43.784,9624.169638051819
6792,4,5784.224041330727,43.763,10634.220705074407
6793,4,5785.224041330727,43.746,8606.405900755708
6794,4,5786.224041330727,43.729,8604.549116263417
6795,4,5787.224041330727,43.712,8602.691175763932
6796,4,5788.224041330727,43.695,8600.832079271637
6797,4,5789.224041330727,43.678,8598.971826775747
6798,4,5790.224041330727,43.66,9102.71857179172
6799,4,5791.224041330727,43.643,8595.05095216297
6800,4,5792.224041330727,43.622,10614.627050301646
6801,4,5793.224041330727,43.604,9095.755684124397
6802,4,5794.224041330727,43.583,10608.801241321946
6803,4,5795.224041330727,43.567,8080.860403230676
6804,4,5796.224041330727,43.551,8079.287136521515
6805,4,5797.224041330727,43.534,8582.47134586939
6806,4,5798.224041330727,43.518,8075.95198793387
6807,4,5799.224041330727,43.499,9587.99048968421
6808,4,5800.224041330727,43.482,8576.657884764316
6809,4,5801.224041330727,43.461,10591.892258334166
6810,4,5802.224041330727,43.444,8572.118765299332
6811,4,5803.224041330727,43.425,9578.285115683571
6812,4,5804.224041330727,43.404,10583.47435497564
6813,4,5805.224041330727,43.387,8565.300396110815
6814,4,5806.224041330727,43.37,8563.419845614926
6815,4,5807.224041330727,43.353,8561.538139115459
6816,4,5808.224041330727,43.337,8056.239074286485
6817,4,5809.224041330727,43.319,9061.274133460343
6818,4,5810.224041330727,43.302,8555.886083631369
6819,4,5811.224041330727,43.284,9057.071607168265
6820,4,5812.224041330727,43.267,8551.91465101861
6821,4,5813.224041330727,43.249,9052.86404087619
6822,4,5814.224041330727,43.235,7039.7229278677105
6823,4,5815.224041330727,43.218,8546.640588765755
6824,4,5816.224041330727,43.202,8042.2093064315095
6825,4,5817.224041330727,43.184,9045.480888619473
6826,4,5818.224041330727,43.167,8540.960891278088
6827,4,5819.224041330727,43.149,9041.258562327397
6828,4,5820.224041330727,43.132,8536.970758672473
6829,4,5821.224041330727,43.114,9037.031196035321
6830,4,5822.224041330727,43.096,9034.810822856538
6831,4,5823.224041330727,43.079,8530.877639946428
6832,4,5824.224041330727,43.062,8528.976213454105
6833,4,5825.224041330727,43.044,9028.561343451167
6834,4,5826.224041330727,43.031,6519.39904664711
6835,4,5827.224041330727,43.013,9025.157977421042
6836,4,5828.224041330727,42.995,9022.930080242259
6837,4,5829.224041330727,42.979,8018.587323669004
6838,4,5830.224041330727,42.962,8517.939833710017
6839,4,5831.224041330727,42.943,9517.69472414254
6840,4,5832.224041330727,42.929,7011.5464002780245
6841,4,5833.224041330727,42.913,8011.769890497272
6842,4,5834.224041330727,42.9,6508.479479562338
6843,4,5835.224041330727,42.883,8509.571406935005
6844,4,5836.224041330727,42.87,6506.158362813658
6845,4,5837.224041330727,42.853,8506.534060412849
6846,4,5838.224041330727,42.836,8504.616857920515
6847,4,5839.224041330727,42.821,7502.556205624275
6848,4,5840.224041330727,42.806,7501.212959805676
6849,4,5841.224041330727,42.788,8999.527150686261
6850,4,5842.224041330727,42.773,7497.9979680012075
6851,4,5843.224041330727,42.758,7496.6519321861615
6852,4,5844.224041330727,42.739,9493.608834374138
6853,4,5845.224041330727,42.725,6993.7871845539485
6854,4,5846.224041330727,42.709,7991.46087595191
6855,4,5847.224041330727,42.691,8988.352796333935
6856,4,5848.224041330727,42.676,7488.680126044487
6857,4,5849.224041330727,42.66,7986.39012465865
6858,4,5850.224041330727,42.643,8483.708243757752
6859,4,5851.224041330727,42.624,9479.410086309974
6860,4,5852.224041330727,42.61,6983.318495144411
6861,4,5853.224041330727,42.594,7979.489619479814
6862,4,5854.224041330727,42.576,8974.876708802825
6863,4,5855.224041330727,42.562,6979.028902032861
6864,4,5856.224041330727,42.546,7974.58425135233
6865,4,5857.224041330727,42.531,7474.725746464697
6866,4,5858.224041330727,42.515,7971.49634910333
6867,4,5859.224041330727,42.5,7471.8289781062595
6868,4,5860.224041330727,42.484,7968.404478854331
6869,4,5861.224041330727,42.465,9460.197300652255
6870,4,5862.224041330727,42.451,6969.152633712404
6871,4,5863.224041330727,42.435,7963.290175557525
6872,4,5864.224041330727,42.421,6966.6043335176855
6873,4,5865.224041330727,42.405,7960.375912477848
6874,4,5866.224041330727,42.392,6466.696600424449
6875,4,5867.224041330727,42.378,6963.104147771923
6876,4,5868.224041330727,42.362,7956.372884196977
6877,4,5869.224041330727,42.348,6960.547559577204
6878,4,5870.224041330727,42.332,7953.449149117299
6879,4,5871.224041330727,42.314,8945.561343644993
6880,4,5872.224041330727,42.296,8943.27977046621
6881,4,5873.224041330727,42.282,6954.437601548823
6882,4,5874.224041330727,42.266,7946.46230794201
6883,4,5875.224041330727,42.252,6951.870597350577
6884,4,5876.224041330727,42.237,7447.1443954201595
6885,4,5877.224041330727,42.219,8934.603005423642
6886,4,5878.224041330727,42.205,6947.684610515713
6887,4,5879.224041330727,42.19,7442.656694521883
6888,4,5880.224041330727,42.173,8433.2467935773
6889,4,5881.224041330727,42.159,6943.655401950478
6890,4,5882.224041330727,42.144,7438.337000344846
6891,4,5883.224041330727,42.126,8924.027219333264
6892,4,5884.224041330727,42.112,6939.453707108564
6893,4,5885.224041330727,42.097,7433.83246944657
6894,4,5886.224041330727,42.079,8918.618308255334
6895,4,5887.224041330727,42.065,6935.244116273694
6896,4,5888.224041330727,42.049,7924.513232199011
6897,4,5889.224041330727,42.031,8912.987233111913
6898,4,5890.224041330727,42.017,6930.861703158627
6899,4,5891.224041330727,42.001,7919.501784075045
6900,4,5892.224041330727,41.984,8412.593413887715
6901,4,5893.224041330727,41.971,6431.953117071563
6902,4,5894.224041330727,41.953,8904.003452000341
6903,4,5895.224041330727,41.935,8901.693978825075
6904,4,5896.224041330727,41.919,7910.75153219059
6905,4,5897.224041330727,41.902,8403.290678260486
6906,4,5898.224041330727,41.888,6918.970693924855
6907,4,5899.224041330727,41.873,7411.873573888826
6908,4,5900.224041330727,41.856,8398.337598859845
6909,4,5901.224041330727,41.841,7408.72122880915
6910,4,5902.224041330727,41.826,7407.32068299055
6911,4,5903.224041330727,41.809,8393.174425845309
6912,4,5904.224041330727,41.792,8391.183579345912
6913,4,5905.224041330727,41.777,7402.405018649794
6914,4,5906.224041330727,41.762,7401.000752831195
6915,4,5907.224041330727,41.749,6413.1364299014895
6916,4,5908.224041330727,41.734,7398.544014636477
6917,4,5909.224041330727,41.72,6904.077364034433
6918,4,5910.224041330727,41.704,7888.872486782724
6919,4,5911.224041330727,41.687,8380.029028521867
6920,4,5912.224041330727,41.669,8870.74824940529
6921,4,5913.224041330727,41.655,6897.988720275708
6922,4,5914.224041330727,41.638,8374.428872269009
6923,4,5915.224041330727,41.621,8372.42585376962
6924,4,5916.224041330727,41.607,6893.5369231676605
6925,4,5917.224041330727,41.591,7876.819292649274
6926,4,5918.224041330727,41.577,6890.895998972942
6927,4,5919.224041330727,41.561,7873.799173569597
6928,4,5920.224041330727,41.543,8855.897377153813
6929,4,5921.224041330727,41.528,7378.230035061052
6930,4,5922.224041330727,41.513,7376.811099242453
6931,4,5923.224041330727,41.495,8850.149662010394
6932,4,5924.224041330727,41.478,8356.360903480674
6933,4,5925.224041330727,41.463,7371.660108180457
6934,4,5926.224041330727,41.447,7861.491764266824
6935,4,5927.224041330727,41.433,6877.476599638294
6936,4,5928.224041330727,41.417,7858.453789187147
6937,4,5929.224041330727,41.402,7365.786088184822
6938,4,5930.224041330727,41.387,7364.359772366223
6939,4,5931.224041330727,41.369,8835.198781758916
6940,4,5932.224041330727,41.355,6870.322222332025
6941,4,5933.224041330727,41.338,8340.813626043942
6942,4,5934.224041330727,41.324,6867.48758786415
6943,4,5935.224041330727,41.308,7847.030927730986
6944,4,5936.224041330727,41.29,8825.764200585372
6945,4,5937.224041330727,41.278,5882.696575735368
6946,4,5938.224041330727,41.26,8822.324446620734
6947,4,5939.224041330727,41.246,6860.302662554401
6948,4,5940.224041330727,41.23,7838.814688527306
6949,4,5941.224041330727,41.216,6857.622202359683
6950,4,5942.224041330727,41.199,8325.382704228097
6951,4,5943.224041330727,41.181,8812.85033744719
6952,4,5944.224041330727,41.164,8321.111187615435
6953,4,5945.224041330727,41.149,7340.5383977111205
6954,4,5946.224041330727,41.133,7828.275305099536
6955,4,5947.224041330727,41.121,5870.195595547634
6956,4,5948.224041330727,41.103,8803.561924339132
6957,4,5949.224041330727,41.089,6845.7007136721895
6958,4,5950.224041330727,41.073,7822.116922940182
6959,4,5951.224041330727,41.055,8797.718305195713
6960,4,5952.224041330727,41.037,8795.33956801693
6961,4,5953.224041330727,41.022,7327.73417411365
6962,4,5954.224041330727,41.007,7326.285658295051
6963,4,5955.224041330727,40.994,6348.346245970176
6964,4,5956.224041330727,40.98,6835.577133898046
6965,4,5957.224041330727,40.963,8298.597763516986
6966,4,5958.224041330727,40.951,5856.743569459004
6967,4,5959.224041330727,40.933,8783.371825206188
6968,4,5960.224041330727,40.918,7317.754470104697
6969,4,5961.224041330727,40.902,7803.957616986022
6970,4,5962.224041330727,40.89,5851.9467454624955
6971,4,5963.224041330727,40.876,6826.245677489689
6972,4,5964.224041330727,40.86,7799.869059874474
6973,4,5965.224041330727,40.848,5848.878311628834
6974,4,5966.224041330727,40.83,8771.566450460932
6975,4,5967.224041330727,40.818,5846.542902319075
6976,4,5968.224041330727,40.803,7306.986217162106
6977,4,5969.224041330727,40.788,7305.524381343507
6978,4,5970.224041330727,40.776,5843.464244481955
6979,4,5971.224041330727,40.762,6816.34332234976
6980,4,5972.224041330727,40.747,7301.850140772671
6981,4,5973.224041330727,40.733,6813.776128428198
6982,4,5974.224041330727,40.717,7785.608770661346
6983,4,5975.224041330727,40.705,5838.176302718986
6984,4,5976.224041330727,40.691,6810.170248952136
6985,4,5977.224041330727,40.675,7781.484981553253
6986,4,5978.224041330727,40.657,8751.976519131524
6987,4,5979.224041330727,40.643,6805.552803840589
6988,4,5980.224041330727,40.627,7776.204925422315
6989,4,5981.224041330727,40.609,8746.032891988105
6990,4,5982.224041330727,40.597,5829.509826003858
6991,4,5983.224041330727,40.579,8742.495506023468
6992,4,5984.224041330727,40.565,6798.174258537775
6993,4,5985.224041330727,40.547,8738.522863927854
6994,4,5986.224041330727,40.532,7280.355885706086
6995,4,5987.224041330727,40.514,8734.330073763305
6996,4,5988.224041330727,40.496,8731.908532587971
6997,4,5989.224041330727,40.483,6305.017857360509
6998,4,5990.224041330727,40.465,8728.1398025544
6999,4,5991.224041330727,40.451,6787.002383397846
7000,4,5992.224041330727,40.436,7270.395390467053
7001,4,5993.224041330727,40.421,7268.911744648454
7002,4,5994.224041330727,40.405,7751.826437832704
7003,4,5995.224041330727,40.391,6781.461703008408
7004,4,5996.224041330727,40.376,7264.455407192658
7005,4,5997.224041330727,40.364,5810.590429164735
7006,4,5998.224041330727,40.351,6293.906495447217
7007,4,5999.224041330727,40.338,6292.928052721248
7008,4,6000.224041330727,40.326,5808.024864839042
7009,4,6001.224041330727,40.313,6291.125171094383
7010,4,6002.224041330727,40.301,5806.359466414243
7011,4,6003.224041330727,40.289,5805.59790589034
7012,4,6004.224041330727,40.276,6288.4940285666235
7013,4,6005.224041330727,40.263,6287.511607844091
7014,4,6006.224041330727,40.248,7253.506556873947
7015,4,6007.224041330727,40.232,7735.382253539899
7016,4,6008.224041330727,40.219,6283.779220537372
7017,4,6009.224041330727,40.204,7249.197376139391
7018,4,6010.224041330727,40.186,8696.914392286719
7019,4,6011.224041330727,40.173,6279.727385583941
7020,4,6012.224041330727,40.16,6278.739920861402
7021,4,6013.224041330727,40.151,4346.352323846541
7022,4,6014.224041330727,40.14,5311.7686875286845
7023,4,6015.224041330727,40.128,5793.960040194637
7024,4,6016.224041330727,40.119,4345.055375802166
7025,4,6017.224041330727,40.106,6275.513383303944
7026,4,6018.224041330727,40.095,5309.343449727767
7027,4,6019.224041330727,40.082,6273.843237502153
7028,4,6020.224041330727,40.07,5790.395968329105
7029,4,6021.224041330727,40.056,6754.39236550072
7030,4,6022.224041330727,40.044,5788.561748527314
7031,4,6023.224041330727,40.031,6270.025646423349
7032,4,6024.224041330727,40.018,6269.0304336973795
7033,4,6025.224041330727,40.005,6268.0345449714105
7034,4,6026.224041330727,39.993,5785.0304503007255
7035,4,6027.224041330727,39.98,6266.1974473479695
7036,4,6028.224041330727,39.967,6265.199556618575
7037,4,6029.224041330727,39.955,5782.411725975032
7038,4,6030.224041330727,39.943,5781.634085451128
7039,4,6031.224041330727,39.93,6262.515452090815
7040,4,6032.224041330727,39.917,6261.514909364846
7041,4,6033.224041330727,39.908,4334.418981893192
7042,4,6034.224041330727,39.897,5297.173745803727
7043,4,6035.224041330727,39.889,3852.211082890772
7044,4,6036.224041330727,39.877,5777.825362569661
7045,4,6037.224041330727,39.869,3851.5557472009677
7046,4,6038.224041330727,39.856,6258.166352035296
7047,4,6039.224041330727,39.847,4332.098463895811
7048,4,6040.224041330727,39.836,5294.33489514026
7049,4,6041.224041330727,39.827,4331.358277240932
7050,4,6042.224041330727,39.82,3368.715127538067
7051,4,6043.224041330727,39.814,2887.476619844096
7052,4,6044.224041330727,39.807,3368.7301367625446
7053,4,6045.224041330727,39.802,2406.2712035327204
7054,4,6046.224041330727,39.795,3368.829065123601
7055,4,6047.224041330727,39.788,3368.79361617097
7056,4,6048.224041330727,39.785,1443.8259949224844
7057,4,6049.224041330727,39.78,2406.532554240208
7058,4,6050.224041330727,39.778,962.6874485615565
7059,4,6051.224041330727,39.776,962.7981547658055
7060,4,6052.224041330727,39.774,962.9088449768956
7086,4,6078.224041330727,39.769,2417.400874599087
7087,4,6079.224041330727,39.768,483.52324257419514
7108,4,6100.224041330727,39.758,4851.264171107709
7109,4,6101.224041330727,39.747,5335.855991467345
7110,4,6102.224041330727,39.741,2910.321507583891
7111,4,6103.224041330727,39.733,3880.3810196870413
7112,4,6104.224041330727,39.728,2425.2387327386987
7135,4,6127.224041330727,39.723,2434.0703865400833
7136,4,6128.224041330727,39.716,3407.7399273338774
7137,4,6129.224041330727,39.707,4381.212249311659
7138,4,6130.224041330727,39.696,5354.339975092977
7139,4,6131.224041330727,39.686,4867.08826848819
7140,4,6132.224041330727,39.68,2920.1405595856377
7141,4,6133.224041330727,39.67,4866.713276794964
7142,4,6134.224041330727,39.664,2919.9151805697024
7143,4,6135.224041330727,39.657,3406.5647432791966
7144,4,6136.224041330727,39.648,4379.699228376308
7145,4,6137.224041330727,39.641,3406.3004990939385
7146,4,6138.224041330727,39.632,4379.358909855862
7147,4,6139.224041330727,39.622,4865.580621715287
7148,4,6140.224041330727,39.615,3405.7305265394366
7149,4,6141.224041330727,39.607,3892.160408019723
7150,4,6142.224041330727,39.596,5351.308278202048
7151,4,6143.224041330727,39.589,3405.158369988392
7152,4,6144.224041330727,39.58,4377.888658153177
7153,4,6145.224041330727,39.574,2918.514382605065
7154,4,6146.224041330727,39.565,4377.654219662018
7155,4,6147.224041330727,39.56,2431.995511349257
7156,4,6148.224041330727,39.549,5350.178412543312
7157,4,6149.224041330727,39.542,3404.437950569197
7158,4,6150.224041330727,39.533,4376.960694614211
7159,4,6151.224041330727,39.523,4862.911678113453
7160,4,6152.224041330727,39.512,5348.651298173669
7161,4,6153.224041330727,39.501,5348.031602955666
7162,4,6154.224041330727,39.495,2916.954494213883
7163,4,6155.224041330727,39.486,4375.311750075245
7164,4,6156.224041330727,39.476,4861.077627514602
7165,4,6157.224041330727,39.469,3402.5743635989575
7166,4,6158.224041330727,39.46,4374.562188223903
7167,4,6159.224041330727,39.451,4374.274754929207
7168,4,6160.224041330727,39.441,4859.92395068567
7169,4,6161.224041330727,39.43,5345.360915003107
7170,4,6162.224041330727,39.421,4373.077750946888
7171,4,6163.224041330727,39.409,5830.163414137435
7172,4,6164.224041330727,39.399,4857.901682490953
7173,4,6165.224041330727,39.389,4857.456717682687
7174,4,6166.224041330727,39.376,6313.874276002932
7175,4,6167.224041330727,39.366,4856.195554623675
7176,4,6168.224041330727,39.357,4370.229910851275
7177,4,6169.224041330727,39.347,4855.42608948797
7178,4,6170.224041330727,39.337,4854.979084679704
7179,4,6171.224041330727,39.328,4369.134052901701
7180,4,6172.224041330727,39.317,5339.560157036358
7181,4,6173.224041330727,39.304,6309.48561559411
7182,4,6174.224041330727,39.295,4367.59051882115
7183,4,6175.224041330727,39.285,4852.491051680167
7184,4,6176.224041330727,39.28,2426.1752090335362
7185,4,6177.224041330727,39.271,4367.044131035295
7186,4,6178.224041330727,39.262,4366.7502177405995
7187,4,6179.224041330727,39.253,4366.455980445904
7188,4,6180.224041330727,39.241,5821.32607080279
7189,4,6181.224041330727,39.233,3880.5230033563957
7190,4,6182.224041330727,39.224,4365.348764496329
7191,4,6183.224041330727,39.216,3880.0967504137075
7192,4,6184.224041330727,39.204,5819.602191854088
7193,4,6185.224041330727,39.194,4849.091943921499
7194,4,6186.224041330727,39.186,3879.0099228773147
7195,4,6187.224041330727,39.176,4848.43250326662
7196,4,6188.224041330727,39.169,3393.714887628816
7197,4,6189.224041330727,39.159,4847.895407092567
7198,4,6190.224041330727,39.149,4847.440642284301
7199,4,6191.224041330727,39.141,3877.687441567556
7200,4,6192.224041330727,39.131,4846.777601629423
7201,4,6193.224041330727,39.122,4361.745248156446
7202,4,6194.224041330727,39.112,4845.989236493717
7203,4,6195.224041330727,39.103,4361.035035534311
7204,4,6196.224041330727,39.094,4360.735182239615
7205,4,6197.224041330727,39.088,2907.068219996024
7206,4,6198.224041330727,39.081,3391.5628256064524
7207,4,6199.224041330727,39.072,4360.391608519249
7208,4,6200.224041330727,39.067,2422.396531828948
7209,4,6201.224041330727,39.061,2906.9353914066323
7210,4,6202.224041330727,39.052,4360.268938864369
7211,4,6203.224041330727,39.044,3875.57587785541
7212,4,6204.224041330727,39.039,2422.222129093933
7213,4,6205.224041330727,39.032,3391.1363229175417
7214,4,6206.224041330727,39.023,4359.841357911352
7215,4,6207.224041330727,39.015,3875.1947979002325
7216,4,6208.224041330727,39.003,5812.238679078709
7217,4,6209.224041330727,38.997,2905.9168513428904
7218,4,6210.224041330727,38.989,3874.4842566990387
7219,4,6211.224041330727,38.982,3390.067448085168
7220,4,6212.224041330727,38.976,2905.7553708844753
7221,4,6213.224041330727,38.969,3390.0282353096463
7222,4,6214.224041330727,38.963,2905.7214479340278
7223,4,6215.224041330727,38.959,1937.2107509932182
7224,4,6216.224041330727,38.951,3874.44812048191
7225,4,6217.224041330727,38.94,5326.9237758375575
7226,4,6218.224041330727,38.928,5810.408035804313
7227,4,6219.224041330727,38.914,6777.635729551694
7228,4,6220.224041330727,38.904,4840.453944481783
7229,4,6221.224041330727,38.895,4356.045082723569
7230,4,6222.224041330727,38.883,5807.425697839676
7231,4,6223.224041330727,38.874,4355.093086035946
7232,4,6224.224041330727,38.866,3870.969415785699
7233,4,6225.224041330727,38.858,3870.794507108408
7234,4,6226.224041330727,38.85,3870.61934242768
7235,4,6227.224041330727,38.842,3870.4439217538275
7236,4,6228.224041330727,38.835,3386.528312008111
7237,4,6229.224041330727,38.833,967.6227456853323
7238,4,6230.224041330727,38.829,1935.4066379902351
7239,4,6231.224041330727,38.827,967.7838683083406
7240,4,6232.224041330727,38.825,967.8893225125715
7247,5,6239.224041330727,38.8,12107.994155210195
7257,5,6249.224041330727,38.79,4848.772933667547
7258,5,6250.224041330727,38.779,5333.05991527972
7259,5,6251.224041330727,38.767,5817.0890341086115
7260,5,6252.224041330727,38.761,2908.334552857842
7261,5,6253.224041330727,38.751,4846.999018918753
7262,5,6254.224041330727,38.743,3877.318702868918
7263,5,6255.224041330727,38.733,4846.297378263874
7264,5,6256.224041330727,38.724,4361.2951101243525
7265,5,6257.224041330727,38.714,4845.4691531247245
7266,5,6258.224041330727,38.702,5813.840068604135
7267,5,6259.224041330727,38.692,4844.263854546539
7268,5,6260.224041330727,38.682,4843.785749738274
7269,5,6261.224041330727,38.67,5811.818424540394
7270,5,6262.224041330727,38.659,5326.766751814051
7271,5,6263.224041330727,38.65,4357.832286701299
7272,5,6264.224041330727,38.641,4357.513263406604
7273,5,6265.224041330727,38.631,4841.263921216117
7274,5,6266.224041330727,38.62,5324.792807586588
7275,5,6267.224041330727,38.61,4840.177127118757
7276,5,6268.224041330727,38.597,6291.360056266371
7277,5,6269.224041330727,38.589,3871.170614834521
7278,5,6270.224041330727,38.584,2419.459999705881
7279,5,6271.224041330727,38.583,483.93154559967894
7291,5,6283.224041330727,38.576,3393.6509866342435
7292,5,6284.224041330727,38.562,6786.53463740378
7293,5,6285.224041330727,38.55,5815.994355301361
7294,5,6286.224041330727,38.54,4846.050113460893
7295,5,6287.224041330727,38.53,4845.5635686526275
7296,5,6288.224041330727,38.52,4845.076623844362
7297,5,6289.224041330727,38.512,3875.772050815603
7298,5,6290.224041330727,38.503,4359.974440887939
7299,5,6291.224041330727,38.496,3390.925719707954
7300,5,6292.224041330727,38.491,2422.0972613508825
7301,5,6293.224041330727,38.489,968.9047734044628
7316,5,6308.224041330727,38.483,2913.3397254559627
7317,5,6309.224041330727,38.473,4855.326453245508
7318,5,6310.224041330727,38.466,3398.5162926105927
7319,5,6311.224041330727,38.456,4854.719757071456
7320,5,6312.224041330727,38.446,4854.226532266639
7321,5,6313.224041330727,38.43,7765.3665824206
7322,5,6314.224041330727,38.417,6307.9792737529415
7323,5,6315.224041330727,38.403,6791.897151971777
7324,5,6316.224041330727,38.388,7275.437405367694
7325,5,6317.224041330727,38.377,5334.358738858191
7326,5,6318.224041330727,38.365,5818.477792557853
7327,5,6319.224041330727,38.357,3878.5880551931036
7328,5,6320.224041330727,38.344,6301.977554522497
7329,5,6321.224041330727,38.335,4362.346244386955
7330,5,6322.224041330727,38.32,7269.451258323379
7331,5,6323.224041330727,38.305,7267.75563250478
7332,5,6324.224041330727,38.292,6297.415655618618
7333,5,6325.224041330727,38.278,6780.513667827117
7334,5,6326.224041330727,38.265,6294.966168341603
7335,5,6327.224041330727,38.255,4841.591836425309
7336,5,6328.224041330727,38.245,4841.091391620483
7337,5,6329.224041330727,38.232,6292.520871114142
7338,5,6330.224041330727,38.221,5323.610804951787
7339,5,6331.224041330727,38.206,7258.146897098589
7340,5,6332.224041330727,38.194,5805.383001092231
7341,5,6333.224041330727,38.181,6288.099820038776
7342,5,6334.224041330727,38.168,6286.951727309369
7343,5,6335.224041330727,38.154,6769.237569952179
7344,5,6336.224041330727,38.141,6284.48877203579
7345,5,6337.224041330727,38.128,6283.338625306385
7346,5,6338.224041330727,38.113,7248.488087026714
7347,5,6339.224041330727,38.1,6280.706664204297
7348,5,6340.224041330727,38.088,5796.587871131085
7349,5,6341.224041330727,38.077,5312.772620188848
7350,5,6342.224041330727,38.068,4346.357846644319
7351,5,6343.224041330727,38.058,4828.842733702469
7352,5,6344.224041330727,38.045,6276.588268825195
7353,5,6345.224041330727,38.034,5310.121298245749
7354,5,6346.224041330727,38.021,6274.606903023405
7355,5,6347.224041330727,38.008,6273.450256297435
7356,5,6348.224041330727,37.992,7719.440434260742
7357,5,6349.224041330727,37.978,6752.907705876506
7358,5,6350.224041330727,37.965,6269.315836819228
7359,5,6351.224041330727,37.953,5786.066721237174
7360,5,6352.224041330727,37.941,5785.148296713271
7361,5,6353.224041330727,37.928,6266.165812294893
7362,5,6354.224041330727,37.915,6265.004381565498
7363,5,6355.224041330727,37.9,7227.31966040261
7364,5,6356.224041330727,37.888,5780.706091732697
7365,5,6357.224041330727,37.874,6742.904109468154
7366,5,6358.224041330727,37.862,5778.557471930907
7367,5,6359.224041330727,37.852,4814.82289065561
7368,5,6360.224041330727,37.84,5777.0169376336635
7369,5,6361.224041330727,37.832,3850.9323652459166
7370,5,6362.224041330727,37.823,4332.006538622049
7371,5,6363.224041330727,37.813,4812.8881358999515
7372,5,6364.224041330727,37.803,4812.371651095104
7373,5,6365.224041330727,37.791,5774.072954164479
7374,5,6366.224041330727,37.78,5292.12108729937
7375,5,6367.224041330727,37.766,6734.25630397059
7376,5,6368.224041330727,37.759,3366.7208450495104
7377,5,6369.224041330727,37.75,4328.403643231741
7378,5,6370.224041330727,37.743,3366.3512648642527
7379,5,6371.224041330727,37.738,2404.5318093196533
7380,5,6372.224041330727,37.729,4328.033685544118
7381,5,6373.224041330727,37.719,4808.470074702251
7382,5,6374.224041330727,37.706,6250.08602812491
7383,5,6375.224041330727,37.696,4807.046431646654
7384,5,6376.224041330727,37.688,3845.322185051273
7385,5,6377.224041330727,37.686,961.3537697836994
7405,5,6397.224041330727,37.681,2410.697921616098
7406,5,6398.224041330727,37.67,5303.238377119345
7407,5,6399.224041330727,37.658,5784.488983024552
7408,5,6400.224041330727,37.648,4819.752716563559
7409,5,6401.224041330727,37.638,4819.225531758717
7410,5,6402.224041330727,37.631,3373.223009567444
7411,5,6403.224041330727,37.628,1445.7007143795825
7412,5,6404.224041330727,37.621,3373.380184201658
7413,5,6405.224041330727,37.615,2891.4206158414613
7414,5,6406.224041330727,37.611,1927.658438934937
7415,5,6407.224041330727,37.606,2409.660853581675
7416,5,6408.224041330727,37.601,2409.716527383033
7417,5,6409.224041330727,37.595,2891.6880660715415
7418,5,6410.224041330727,37.592,1445.8965449866548
7419,5,6411.224041330727,37.587,2409.947061013822
7434,5,6426.224041330727,37.576,5313.157053805302
7435,5,6427.224041330727,37.562,6761.002640246515
7436,5,6428.224041330727,37.549,6276.794367588193
7437,5,6429.224041330727,37.536,6275.597732862224
7438,5,6430.224041330727,37.522,6756.956585320223
7439,5,6431.224041330727,37.51,5790.571227229745
7440,5,6432.224041330727,37.5,4824.811253401219
7441,5,6433.224041330727,37.498,964.957873304623
7442,5,6434.224041330727,37.497,482.53463197847327
7470,5,6462.224041330727,37.491,2907.5355384679615
7471,5,6463.224041330727,37.487,1938.3984486825068
7483,5,6475.224041330727,37.482,2427.205355773858
7484,5,6476.224041330727,37.471,5339.5366262698335
7485,5,6477.224041330727,37.463,3882.9144505024615
7486,5,6478.224041330727,37.458,2426.7751170039387
7487,5,6479.224041330727,37.457,485.3910690551602
7503,5,6495.224041330727,37.454,1459.6911844804338
7504,5,6496.224041330727,37.444,4865.54188247492
7505,5,6497.224041330727,37.433,5351.419089971285
7506,5,6498.224041330727,37.422,5350.6701667532825
7507,5,6499.224041330727,37.412,4863.629319088469
7508,5,6500.224041330727,37.398,6807.944647445279
7509,5,6501.224041330727,37.388,4862.005411552085
7510,5,6502.224041330727,37.375,6319.635088025207
7511,5,6503.224041330727,37.362,6318.408917299238
7512,5,6504.224041330727,37.352,4859.565950242326
7513,5,6505.224041330727,37.34,5830.658329137665
7514,5,6506.224041330727,37.33,4858.197491664139
7515,5,6507.224041330727,37.317,6314.681789170881
7516,5,6508.224041330727,37.307,4856.697108601676
7517,5,6509.224041330727,37.294,6312.730095197616
7518,5,6510.224041330727,37.283,5340.64276163144
7519,5,6511.224041330727,37.27,6310.606717392376
7520,5,6512.224041330727,37.257,6309.374774669855
7521,5,6513.224041330727,37.246,5337.802038261799
7522,5,6514.224041330727,37.235,5337.045129047245
7523,5,6515.224041330727,37.224,5336.287735829242
7524,5,6516.224041330727,37.213,5335.529858607793
7525,5,6517.224041330727,37.202,5334.771497393238
7526,5,6518.224041330727,37.192,4849.167593306616
7527,5,6519.224041330727,37.181,5333.3967458861425
7528,5,6520.224041330727,37.171,4847.916979209258
7529,5,6521.224041330727,37.159,5816.670995905576
7530,5,6522.224041330727,37.148,5331.115920228693
7531,5,6523.224041330727,37.138,4845.8422113454235
7532,5,6524.224041330727,37.13,3876.328568810255
7533,5,6525.224041330727,37.118,5813.818015448906
7534,5,6526.224041330727,37.108,4844.155056920624
7535,5,6527.224041330727,37.096,5812.153593155083
7536,5,6528.224041330727,37.082,6779.508441127592
7537,5,6529.224041330727,37.069,6293.930394552384
7538,5,6530.224041330727,37.054,7260.596949233638
7539,5,6531.224041330727,37.04,6774.943197658427
7540,5,6532.224041330727,37.026,6773.419881830788
7541,5,6533.224041330727,37.013,6288.273872351644
7542,5,6534.224041330727,37.0,6287.027811622237
7543,5,6535.224041330727,36.985,7252.628260468083
7544,5,6536.224041330727,36.974,5317.538532601918
7545,5,6537.224041330727,36.962,5800.03436063473
7546,5,6538.224041330727,36.951,5315.857289237005
7547,5,6539.224041330727,36.939,5798.199172967349
7548,5,6540.224041330727,36.925,6763.2195202453395
7549,5,6541.224041330727,36.913,5795.890809165558
7550,5,6542.224041330727,36.899,6760.52497313982
7551,5,6543.224041330727,36.885,6758.993397319049
7552,5,6544.224041330727,36.873,5792.266522085881
7553,5,6545.224041330727,36.86,6273.787055111795
7554,5,6546.224041330727,36.848,5790.108979661082
7555,5,6547.224041330727,36.836,5789.107875137179
7556,5,6548.224041330727,36.826,4823.552793324081
7557,5,6549.224041330727,36.815,5305.20548390534
7558,5,6550.224041330727,36.803,5786.572721696444
7559,5,6551.224041330727,36.792,5303.510666537
7560,5,6552.224041330727,36.78,5784.72272602563
7561,5,6553.224041330727,36.766,6747.487814813332
7562,5,6554.224041330727,36.755,5300.604163167359
7563,5,6555.224041330727,36.744,5299.82652995278
7564,5,6556.224041330727,36.732,5780.7014119300175
7565,5,6557.224041330727,36.719,6261.250619776279
7566,5,6558.224041330727,36.709,4815.572749067369
7567,5,6559.224041330727,36.698,5296.422551222953
7568,5,6560.224041330727,36.689,4332.916455490407
7569,5,6561.224041330727,36.682,3369.824983954325
7570,5,6562.224041330727,36.67,5776.227094556517
7571,5,6563.224041330727,36.658,5775.217110032614
7572,5,6564.224041330727,36.644,6736.390509488145
7573,5,6565.224041330727,36.63,6734.843169660525
7574,5,6566.224041330727,36.616,6733.295045839741
7575,5,6567.224041330727,36.602,6731.746138015538
7576,5,6568.224041330727,36.591,5288.228244826242
7577,5,6569.224041330727,36.581,4806.832615521564
7578,5,6570.224041330727,36.568,6247.869139193431
7579,5,6571.224041330727,36.559,4324.805104233693
7580,5,6572.224041330727,36.547,5765.628129186508
7581,5,6573.224041330727,36.535,5764.612312662604
7582,5,6574.224041330727,36.524,5283.368576589322
7583,5,6575.224041330727,36.513,5282.581021374733
7584,5,6576.224041330727,36.501,5761.877065844878
7585,5,6577.224041330727,36.488,6240.845072184049
7586,5,6578.224041330727,36.476,5759.682467420081
7587,5,6579.224041330727,36.466,4799.017600226504
7588,5,6580.224041330727,36.456,4798.430975418239
7589,5,6581.224041330727,36.447,4318.11878656637
7590,5,6582.224041330727,36.436,5277.0545828487175
7591,5,6583.224041330727,36.427,4317.06107991149
7592,5,6584.224041330727,36.414,6234.81902412853
7593,5,6585.224041330727,36.402,5754.116085522677
7594,5,6586.224041330727,36.392,4794.375928645336
7595,5,6587.224041330727,36.382,4793.786423840476
7596,5,6588.224041330727,36.369,6230.898534000174
7597,5,6589.224041330727,36.357,5750.49489155804
7598,5,6590.224041330727,36.342,7186.54046371081
7599,5,6591.224041330727,36.328,6705.779515167041
7600,5,6592.224041330727,36.311,8140.493556351229
7601,5,6593.224041330727,36.297,6702.091356702568
7602,5,6594.224041330727,36.282,7179.032800436415
7603,5,6595.224041330727,36.268,6698.769058777607
7604,5,6596.224041330727,36.255,6218.913429941671
7605,5,6597.224041330727,36.24,7173.986353144338
7606,5,6598.224041330727,36.227,6215.99552084298
7607,5,6599.224041330727,36.212,7170.617854946223
7608,5,6600.224041330727,36.197,7168.734339131021
7609,5,6601.224041330727,36.182,7166.849923312423
7610,5,6602.224041330727,36.167,7164.964607493824
7611,5,6603.224041330727,36.152,7163.078391675224
7612,5,6604.224041330727,36.134,8593.072902929718
7613,5,6605.224041330727,36.116,8590.093865750936
7614,5,6606.224041330727,36.101,7156.225223891988
7615,5,6607.224041330727,36.087,6677.472047336149
7616,5,6608.224041330727,36.074,6199.12871560656
7617,5,6609.224041330727,36.063,5244.465541362161
7618,5,6610.224041330727,36.052,5243.659374147547
7619,5,6611.224041330727,36.039,6195.926780725561
7620,5,6612.224041330727,36.027,5718.1984531507
7621,5,6613.224041330727,36.012,7146.150700701635
7622,5,6614.224041330727,36.0,5715.642019971917
7623,5,6615.224041330727,35.985,7142.953539228157
7624,5,6616.224041330727,35.972,6189.0872334455635
7625,5,6617.224041330727,35.958,6663.676954102249
7626,5,6618.224041330727,35.948,4758.900179158326
7627,5,6619.224041330727,35.933,7136.946649723681
7628,5,6620.224041330727,35.919,6659.468729449114
7629,5,6621.224041330727,35.905,6657.879137621533
7630,5,6622.224041330727,35.892,6180.925653439597
7631,5,6623.224041330727,35.878,6654.883052249666
7632,5,6624.224041330727,35.865,6178.142170162583
7633,5,6625.224041330727,35.855,4751.610682444828
7634,5,6626.224041330727,35.842,6176.045006185867
7635,5,6627.224041330727,35.83,5699.836817883286
7636,5,6628.224041330727,35.817,6173.600782559003
7637,5,6629.224041330727,35.806,5222.85404863586
7638,5,6630.224041330727,35.793,6171.326344757213
7639,5,6631.224041330727,35.782,5220.9284683420365
7640,5,6632.224041330727,35.77,5694.586735260398
7641,5,6633.224041330727,35.757,6167.910008057899
7642,5,6634.224041330727,35.747,4743.7355585121795
7643,5,6635.224041330727,35.734,6165.801846077813
7644,5,6636.224041330727,35.722,5690.376301168158
7645,5,6637.224041330727,35.712,4741.234621683248
7646,5,6638.224041330727,35.699,6162.548821203571
7647,5,6639.224041330727,35.686,6161.233106474232
7648,5,6640.224041330727,35.674,5686.156651072543
7649,5,6641.224041330727,35.66,6632.431060701379
7650,5,6642.224041330727,35.649,5210.153895793735
7651,5,6643.224041330727,35.635,6629.778155872446
7652,5,6644.224041330727,35.623,5681.449400845954
7653,5,6645.224041330727,35.613,4733.7917980814145
7654,5,6646.224041330727,35.602,5206.419296138363
7655,5,6647.224041330727,35.59,5678.750087401859
7656,5,6648.224041330727,35.578,5677.689702881318
7657,5,6649.224041330727,35.566,5676.628742357415
7658,5,6650.224041330727,35.553,6148.444686742673
7659,5,6651.224041330727,35.539,6619.883473645988
7660,5,6652.224041330727,35.526,6145.623919462299
7661,5,6653.224041330727,35.514,5671.740430753834
7662,5,6654.224041330727,35.503,5198.193316176344
7663,5,6655.224041330727,35.49,6142.166164759614
7664,5,6656.224041330727,35.476,6613.118334440439
7665,5,6657.224041330727,35.463,6139.3386114826
7666,5,6658.224041330727,35.45,6138.0103387566305
7667,5,6659.224041330727,35.439,5192.723063726148
7668,5,6660.224041330727,35.428,5191.8910685081455
7669,5,6661.224041330727,35.413,7078.316584678918
7670,5,6662.224041330727,35.402,5189.639350353152
7671,5,6663.224041330727,35.39,5660.435476006833
7672,5,6664.224041330727,35.377,6130.892855526186
7673,5,6665.224041330727,35.362,7072.369251895683
7674,5,6666.224041330727,35.348,6599.161827476307
7675,5,6667.224041330727,35.336,5655.192769649268
7676,5,6668.224041330727,35.323,6125.210552972158
7677,5,6669.224041330727,35.31,6123.874922246189
7678,5,6670.224041330727,35.299,5180.7563426788465
7679,5,6671.224041330727,35.285,6592.343488267397
7680,5,6672.224041330727,35.274,5178.640017452769
7681,5,6673.224041330727,35.262,5648.430371751864
7682,5,6674.224041330727,35.25,5647.354627227961
7683,5,6675.224041330727,35.237,6116.7147210157445
7684,5,6676.224041330727,35.223,6585.694443331647
7685,5,6677.224041330727,35.209,6584.063411504103
7686,5,6678.224041330727,35.195,6582.431595683242
7687,5,6679.224041330727,35.181,6580.79899585904
7688,5,6680.224041330727,35.167,6579.165612031499
7689,5,6681.224041330727,35.152,7047.254900435299
7690,5,6682.224041330727,35.141,5166.849319911177
7691,5,6683.224041330727,35.127,6574.63501710521
7692,5,6684.224041330727,35.112,7042.398186585701
7693,5,6685.224041330727,35.102,4693.963208382358
7694,5,6686.224041330727,35.088,6570.2849164520785
7695,5,6687.224041330727,35.075,6099.5441053536615
7696,5,6688.224041330727,35.064,5160.158806385161
7697,5,6689.224041330727,35.051,6097.194267551871
7698,5,6690.224041330727,35.04,5158.169426091338
7699,5,6691.224041330727,35.025,7032.309186837827
7700,5,6692.224041330727,35.013,5624.519848880871
7701,5,6693.224041330727,34.998,7028.989625364349
7702,5,6694.224041330727,34.984,6558.652616043727
7703,5,6695.224041330727,34.971,6088.737171549233
7704,5,6696.224041330727,34.956,7023.702878068945
7705,5,6697.224041330727,34.94,7489.746745488142
7706,5,6698.224041330727,34.923,7955.286445389391
7707,5,6699.224041330727,34.909,6549.482985560259
7708,5,6700.224041330727,34.893,7483.024616526654
7709,5,6701.224041330727,34.878,7013.266538815558
7710,5,6702.224041330727,34.863,7011.297102996959
7711,5,6703.224041330727,34.848,7009.326767178361
7712,5,6704.224041330727,34.833,7007.355531359762
7713,5,6705.224041330727,34.818,7005.383395541162
7714,5,6706.224041330727,34.804,6536.610222875426
7715,5,6707.224041330727,34.789,7001.637640625205
7716,5,6708.224041330727,34.771,8399.233157669696
7717,5,6709.224041330727,34.756,6997.083298824287
7718,5,6710.224041330727,34.741,6995.106603005688
7719,5,6711.224041330727,34.726,6993.129007187089
7720,5,6712.224041330727,34.711,6991.150511368491
7721,5,6713.224041330727,34.7,5125.687533258865
7722,5,6714.224041330727,34.688,5590.63893335849
7723,5,6715.224041330727,34.675,6055.245107327138
7724,5,6716.224041330727,34.661,6519.465541813944
7725,5,6717.224041330727,34.648,6052.333054046815
7726,5,6718.224041330727,34.635,6050.9633113241525
7727,5,6719.224041330727,34.621,6514.852122887654
7728,5,6720.224041330727,34.608,6048.047072047137
7729,5,6721.224041330727,34.596,5581.627062675231
7730,5,6722.224041330727,34.581,6975.349387603996
7731,5,6723.224041330727,34.567,6508.564944140468
7732,5,6724.224041330727,34.555,5577.501770218561
7733,5,6725.224041330727,34.543,5576.394369694658
7734,5,6726.224041330727,34.529,6504.31245775719
7735,5,6727.224041330727,34.517,5573.854933892869
7736,5,6728.224041330727,34.503,6501.348326658402
7737,5,6729.224041330727,34.49,6035.501605685031
7738,5,6730.224041330727,34.475,6962.2485151558685
7739,5,6731.224041330727,34.459,7424.16316904066
7740,5,6732.224041330727,34.445,6494.280314815279
7741,5,6733.224041330727,34.43,6956.262087700071
7742,5,6734.224041330727,34.417,6027.204593454586
7743,5,6735.224041330727,34.403,6489.253659342673
7744,5,6736.224041330727,34.388,6950.873820407994
7745,5,6737.224041330727,34.373,6948.873934589395
7746,5,6738.224041330727,34.358,6946.8731487707955
7747,5,6739.224041330727,34.343,6944.871462948908
7748,5,6740.224041330727,34.328,6942.868877133599
7749,5,6741.224041330727,34.314,6478.235409031675
7750,5,6742.224041330727,34.297,7864.0424728970165
7751,5,6743.224041330727,34.283,6474.304266560513
7752,5,6744.224041330727,34.268,6934.849533859203
7753,5,6745.224041330727,34.254,6470.747384642237
7754,5,6746.224041330727,34.241,6007.074004241459
7755,5,6747.224041330727,34.231,4619.959245579056
7756,5,6748.224041330727,34.218,6004.819436264745
7757,5,6749.224041330727,34.205,6003.428035542056
7758,5,6750.224041330727,34.192,6002.035958812805
7759,5,6751.224041330727,34.181,5077.615855158249
7760,5,6752.224041330727,34.17,5076.733919936968
7761,5,6753.224041330727,34.16,4614.477987443646
7762,5,6754.224041330727,34.15,4613.8104426321015
7763,5,6755.224041330727,34.141,4151.889045058808
7764,5,6756.224041330727,34.127,6457.274639947985
7765,5,6757.224041330727,34.116,5072.465642779145
7766,5,6758.224041330727,34.103,5993.510716381166
7767,5,6759.224041330727,34.09,5992.112945655197
7768,5,6760.224041330727,34.078,5529.971429393407
7769,5,6761.224041330727,34.065,5989.491168031606
7770,5,6762.224041330727,34.055,4606.427016953575
7771,5,6763.224041330727,34.042,5987.218478051617
7772,5,6764.224041330727,34.03,5525.451107297793
7773,5,6765.224041330727,34.016,6444.850091630804
7774,5,6766.224041330727,34.004,5522.862711496002
7775,5,6767.224041330727,33.992,5521.729990972099
7776,5,6768.224041330727,33.978,6440.506633247558
7777,5,6769.224041330727,33.963,6898.617758881026
7778,5,6770.224041330727,33.949,6436.912371329266
7779,5,6771.224041330727,33.935,6435.208819501798
7780,5,6772.224041330727,33.921,6433.504483680862
7781,5,6773.224041330727,33.906,6891.112005770349
7782,5,6774.224041330727,33.893,5970.7130051155045
7783,5,6775.224041330727,33.881,5510.208410125993
7784,5,6776.224041330727,33.868,5968.071233488639
7785,5,6777.224041330727,33.854,6425.540331379324
7786,5,6778.224041330727,33.841,5965.074394211626
7787,5,6779.224041330727,33.829,5505.001090522413
7788,5,6780.224041330727,33.815,6420.980650726189
7789,5,6781.224041330727,33.803,5502.393686720621
7790,5,6782.224041330727,33.79,5959.601305132822
7791,5,6783.224041330727,33.777,5958.187284406852
7792,5,6784.224041330727,33.762,6872.9956129118
7793,5,6785.224041330727,33.75,5497.008545740049
7794,5,6786.224041330727,33.736,6411.651619146764
7795,5,6787.224041330727,33.723,5952.171505852824
7796,5,6788.224041330727,33.709,6408.409329768265
7797,5,6789.224041330727,33.694,6864.211020867486
7798,5,6790.224041330727,33.679,6862.1664650488865
7799,5,6791.224041330727,33.664,6860.121009230288
7800,5,6792.224041330727,33.649,6858.074653411689
7801,5,6793.224041330727,33.634,6856.0273975930895
7802,5,6794.224041330727,33.616,8224.408202031156
7803,5,6795.224041330727,33.602,6394.659174543687
7804,5,6796.224041330727,33.585,7762.504379301219
7805,5,6797.224041330727,33.57,6847.013707433734
7806,5,6798.224041330727,33.553,7757.392269547496
7807,5,6799.224041330727,33.536,7754.6034090483645
7808,5,6800.224041330727,33.521,6840.039353092978
7809,5,6801.224041330727,33.505,7293.7414815069305
7810,5,6802.224041330727,33.488,7746.923718416153
7811,5,6803.224041330727,33.473,6833.260275473461
7812,5,6804.224041330727,33.455,8197.075919487603
7813,5,6805.224041330727,33.44,6828.531933672543
7814,5,6806.224041330727,33.423,7736.437487281576
7815,5,6807.224041330727,33.409,6369.1655598243315
7816,5,6808.224041330727,33.391,8186.208587296376
7817,5,6809.224041330727,33.379,5455.8226708760385
7818,5,6810.224041330727,33.361,8181.258345331738
7819,5,6811.224041330727,33.344,7723.825894506565
7820,5,6812.224041330727,33.327,7721.0224140139035
7821,5,6813.224041330727,33.31,7718.217777514788
7822,5,6814.224041330727,33.294,7261.673248783093
7823,5,6815.224041330727,33.278,7259.2495180707065
7824,5,6816.224041330727,33.264,6349.912522213302
7825,5,6817.224041330727,33.248,7254.835286994252
7826,5,6818.224041330727,33.231,7705.568172739777
7827,5,6819.224041330727,33.215,7249.762570403386
7828,5,6820.224041330727,33.196,8605.820077369955
7829,5,6821.224041330727,33.179,7696.8986776347065
7830,5,6822.224041330727,33.163,7241.599797601828
7831,5,6823.224041330727,33.149,6334.462856800221
7832,5,6824.224041330727,33.135,6332.716128979234
7833,5,6825.224041330727,33.121,6330.968617151819
7834,5,6826.224041330727,33.106,6781.205093778409
7835,5,6827.224041330727,33.092,6327.280079233471
7836,5,6828.224041330727,33.079,5873.7953695047945
7837,5,6829.224041330727,33.066,5872.347314778825
7838,5,6830.224041330727,33.051,6773.908844110212
7839,5,6831.224041330727,33.039,5417.707162698779
7840,5,6832.224041330727,33.026,5867.821456775842
7841,5,6833.224041330727,33.015,4964.002438050005
7842,5,6834.224041330727,33.002,5865.274590974052
7843,5,6835.224041330727,32.988,6314.790082825113
7844,5,6836.224041330727,32.976,5411.336191948286
7845,5,6837.224041330727,32.962,6311.660303719821
7846,5,6838.224041330727,32.948,6309.9028518988225
7847,5,6839.224041330727,32.934,6308.14461607462
7848,5,6840.224041330727,32.92,6306.385596247217
7849,5,6841.224041330727,32.91,4503.577786410322
7850,5,6842.224041330727,32.899,4953.079141293327
7851,5,6843.224041330727,32.887,5402.2600413960035
7852,5,6844.224041330727,32.876,4951.063761931612
7853,5,6845.224041330727,32.862,6299.878732404098
7854,5,6846.224041330727,32.849,5848.338963740837
7855,5,6847.224041330727,32.838,4947.509661629863
7856,5,6848.224041330727,32.827,4946.5749484150565
7857,5,6849.224041330727,32.814,5844.66889886003
7858,5,6850.224041330727,32.801,5843.206856134061
7859,5,6851.224041330727,32.787,6291.0131539204995
7860,5,6852.224041330727,32.775,5390.946151172906
7861,5,6853.224041330727,32.761,6287.860470815219
7862,5,6854.224041330727,32.746,6734.994814132035
7863,5,6855.224041330727,32.732,6284.129036896848
7864,5,6856.224041330727,32.719,5833.707356477945
7865,5,6857.224041330727,32.707,5383.688881537454
7866,5,6858.224041330727,32.691,7176.22617367836
7867,5,6859.224041330727,32.678,5828.9480126530725
7868,5,6860.224041330727,32.667,4931.094739786384
7869,5,6861.224041330727,32.652,6722.524397335482
7870,5,6862.224041330727,32.636,7168.334131365619
7871,5,6863.224041330727,32.621,6718.101168977044
7872,5,6864.224041330727,32.606,6715.991123158445
7873,5,6865.224041330727,32.592,6266.384278654828
7874,5,6866.224041330727,32.58,5369.826638659477
7875,5,6867.224041330727,32.567,5815.927580066608
7876,5,6868.224041330727,32.554,5814.4530313406385
7877,5,6869.224041330727,32.539,6707.07600783537
7878,5,6870.224041330727,32.525,6258.05959835329
7879,5,6871.224041330727,32.509,7149.810948861653
7880,5,6872.224041330727,32.495,6254.108722158571
7881,5,6873.224041330727,32.483,5359.300221091258
7882,5,6874.224041330727,32.468,6697.315885624163
7883,5,6875.224041330727,32.456,5356.404547912477
7884,5,6876.224041330727,32.442,6247.544629681235
7885,5,6877.224041330727,32.429,5799.721210206316
7886,5,6878.224041330727,32.413,7135.964852609855
7887,5,6879.224041330727,32.401,5350.440324174751
7888,5,6880.224041330727,32.386,6686.236124485661
7889,5,6881.224041330727,32.372,6238.600290560225
7890,5,6882.224041330727,32.357,6682.192199569703
7891,5,6883.224041330727,32.342,6680.065683751104
7892,5,6884.224041330727,32.327,6677.9382679325045
7893,5,6885.224041330727,32.313,6230.852348440782
7894,5,6886.224041330727,32.3,5784.214721774856
7895,5,6887.224041330727,32.286,6227.455527065537
7896,5,6888.224041330727,32.272,6225.659547244496
7897,5,6889.224041330727,32.258,6223.862783417136
7898,5,6890.224041330727,32.242,7110.711210655685
7899,5,6891.224041330727,32.227,6664.0548408085115
7900,5,6892.224041330727,32.213,6217.88884112506
7901,5,6893.224041330727,32.2,5772.172122264237
7902,5,6894.224041330727,32.186,6214.48112775297
7903,5,6895.224041330727,32.174,5325.319431600749
7904,5,6896.224041330727,32.162,5324.105639076845
7905,5,6897.224041330727,32.148,6209.846693369841
7906,5,6898.224041330727,32.135,5764.7009686375395
7907,5,6899.224041330727,32.124,4876.709614388668
7908,5,6900.224041330727,32.109,6648.331362702202
7909,5,6901.224041330727,32.096,5760.210164459629
7910,5,6902.224041330727,32.083,5758.71187773051
7911,5,6903.224041330727,32.068,6642.730882131364
7912,5,6904.224041330727,32.055,5755.354256628422
7913,5,6905.224041330727,32.043,5311.332607214805
7914,5,6906.224041330727,32.032,4867.679359932162
7915,5,6907.224041330727,32.016,7078.302166385626
7916,5,6908.224041330727,32.002,6191.509613488886
7917,5,6909.224041330727,31.988,6189.697449667828
7918,5,6910.224041330727,31.973,6629.772598613571
7919,5,6911.224041330727,31.961,5302.346374301465
7920,5,6912.224041330727,31.945,7067.721433363725
7921,5,6913.224041330727,31.933,5299.235103745691
7922,5,6914.224041330727,31.918,6622.201788945375
7923,5,6915.224041330727,31.902,7061.273573082854
7924,5,6916.224041330727,31.888,6176.603042350531
7925,5,6917.224041330727,31.874,6174.7845505278965
7926,5,6918.224041330727,31.858,7054.5960736326615
7927,5,6919.224041330727,31.845,5730.0792783643265
7928,5,6920.224041330727,31.831,6169.130604780567
7929,5,6921.224041330727,31.814,7488.5221698781625
7930,5,6922.224041330727,31.799,6605.151569117824
7931,5,6923.224041330727,31.786,5722.77160868336
7932,5,6924.224041330727,31.771,6601.243610923106
7933,5,6925.224041330727,31.755,7038.908519194
7934,5,6926.224041330727,31.739,7036.378708483277
7935,5,6927.224041330727,31.725,6154.810851825899
7936,5,6928.224041330727,31.709,7031.7594214051605
7937,5,6929.224041330727,31.694,6590.003878387631
7938,5,6930.224041330727,31.679,6587.836322569032
7939,5,6931.224041330727,31.665,6146.720379436463
7940,5,6932.224041330727,31.647,7900.0734330854575
7941,5,6933.224041330727,31.634,5703.6375572720235
7942,5,6934.224041330727,31.618,7017.656624996804
7943,5,6935.224041330727,31.605,5700.053704344861
7944,5,6936.224041330727,31.588,7451.453699344578
7945,5,6937.224041330727,31.574,6134.365228579153
7946,5,6938.224041330727,31.558,7008.383362837448
7947,5,6939.224041330727,31.541,7443.587662326532
7948,5,6940.224041330727,31.528,5690.268870815673
7949,5,6941.224041330727,31.511,7438.652979804375
7950,5,6942.224041330727,31.496,6561.130652582126
7951,5,6943.224041330727,31.485,4810.20312681722
7952,5,6944.224041330727,31.472,5683.437668609941
7953,5,6945.224041330727,31.457,6555.840055453768
7954,5,6946.224041330727,31.444,5680.017699509405
7955,5,6947.224041330727,31.431,5678.487250781884
7956,5,6948.224041330727,31.418,5676.956126057466
7957,5,6949.224041330727,31.403,6548.358052506812
7958,5,6950.224041330727,31.389,6109.858552045061
7959,5,6951.224041330727,31.378,4799.382273423928
7960,5,6952.224041330727,31.365,5670.644109328511
7961,5,6953.224041330727,31.35,6541.071686279547
7962,5,6954.224041330727,31.337,5667.212752226422
7963,5,6955.224041330727,31.324,5665.676817498904
7964,5,6956.224041330727,31.314,4357.239615009422
7965,5,6957.224041330727,31.307,3049.6782868458317
7966,5,6958.224041330727,31.302,2178.237245017944
7989,5,6981.224041330727,31.29,5243.625302339873
7990,5,6982.224041330727,31.277,5679.138550720396
7991,5,6983.224041330727,31.263,6114.231641627246
7992,5,6984.224041330727,31.252,4802.806425382911
7993,5,6985.224041330727,31.244,3492.3884934956563
7994,5,6986.224041330727,31.239,2182.601183871905
8025,5,7017.224041330727,31.232,3068.6110216024385
8026,5,7018.224041330727,31.222,4383.16164277182
8027,5,7019.224041330727,31.21,5258.690344180519
8028,5,7020.224041330727,31.199,4819.376784149167
8029,5,7021.224041330727,31.186,5694.247803640161
8030,5,7022.224041330727,31.175,4817.042047855344
8031,5,7023.224041330727,31.159,7004.570358277737
8032,5,7024.224041330727,31.145,6126.9215653946885
8033,5,7025.224041330727,31.134,4812.763208770064
8034,5,7026.224041330727,31.121,5686.428510010311
8035,5,7027.224041330727,31.108,5684.862623282787
8036,5,7028.224041330727,31.097,4809.097441400421
8037,5,7029.224041330727,31.085,5245.094512056527
8038,5,7030.224041330727,31.074,4806.908658035508
8039,5,7031.224041330727,31.062,5242.705644385712
8040,5,7032.224041330727,31.051,4804.717850672147
8041,5,7033.224041330727,31.038,5676.9160175275665
8042,5,7034.224041330727,31.027,4802.370266376773
8043,5,7035.224041330727,31.016,4801.350457160321
8044,5,7036.224041330727,31.005,4800.330163940768
8045,5,7037.224041330727,30.996,3926.8343500790666
8046,5,7038.224041330727,30.985,4798.597807362583
8047,5,7039.224041330727,30.973,5233.6349178334285
8048,5,7040.224041330727,30.963,4360.433162237731
8049,5,7041.224041330727,30.953,4359.644277431014
8050,5,7042.224041330727,30.944,3923.032873376381
8051,5,7043.224041330727,30.935,3922.448944081685
8052,5,7044.224041330727,30.924,4793.235204699117
8053,5,7045.224041330727,30.911,5663.338571743095
8054,5,7046.224041330727,30.9,4790.8756964068425
8055,5,7047.224041330727,30.889,4789.850189187293
8056,5,7048.224041330727,30.88,3918.2557572807677
8057,5,7049.224041330727,30.87,4352.895845520858
8058,5,7050.224041330727,30.86,4352.103300714139
8059,5,7051.224041330727,30.849,4786.363828030922
8060,5,7052.224041330727,30.839,4350.375966616779
8061,5,7053.224041330727,30.827,5219.3293647910605
8062,5,7054.224041330727,30.816,4783.278858378461
8063,5,7055.224041330727,30.808,3478.169010583335
8064,5,7056.224041330727,30.801,3043.0883487370434
8065,5,7057.224041330727,30.798,1304.1538311658437
8096,5,7088.224041330727,30.793,2182.8540346475697
8097,5,7089.224041330727,30.782,4801.708673794
8098,5,7090.224041330727,30.771,4800.670164575998
8099,5,7091.224041330727,30.76,4799.631171357996
8100,5,7092.224041330727,30.747,5670.878513432409
8101,5,7093.224041330727,30.734,5669.28059470489
8102,5,7094.224041330727,30.722,5231.791592208453
8103,5,7095.224041330727,30.708,6102.034580026516
8104,5,7096.224041330727,30.699,3921.8204673525643
8105,5,7097.224041330727,30.686,5663.620271102857
8106,5,7098.224041330727,30.675,4791.095379400708
8107,5,7099.224041330727,30.666,3919.261517273562
8108,5,7100.224041330727,30.661,2177.1771989130143
8109,5,7101.224041330727,30.659,870.8941164298648
8125,5,7117.224041330727,30.652,3054.54886238528
8126,5,7118.224041330727,30.641,4799.270367819342
8127,5,7119.224041330727,30.631,4362.090954603295
8128,5,7120.224041330727,30.628,1308.5334136436866
8151,5,7143.224041330727,30.627,437.5581886522484
8152,5,7144.224041330727,30.625,875.1960219586944
8166,5,7158.224041330727,30.611,6136.774103528712
8167,5,7159.224041330727,30.6,4820.455890732511
8168,5,7160.224041330727,30.589,4819.396437516065
8169,5,7161.224041330727,30.583,2628.398382337799
8170,5,7162.224041330727,30.578,2190.243922958707
8171,5,7163.224041330727,30.574,1752.1819063008554
8172,5,7164.224041330727,30.571,1314.1694370215519
8173,5,7165.224041330727,30.57,438.0889631115374
8174,5,7166.224041330727,30.568,876.2572108772704
8189,5,7181.224041330727,30.56,3511.7909055888904
8190,5,7182.224041330727,30.546,6144.2777517734885
8191,5,7183.224041330727,30.537,3948.955867049593
8192,5,7184.224041330727,30.531,2632.3571625360087
8193,5,7185.224041330727,30.53,438.73696518667305
8214,5,7206.224041330727,30.518,5279.106783302099
8215,5,7207.224041330727,30.512,2639.141299454586
8216,5,7208.224041330727,30.511,439.86745567466255
8226,5,7218.224041330727,30.507,1761.766378214697
8227,5,7219.224041330727,30.495,5284.645259631285
8228,5,7220.224041330727,30.483,5283.297859107382
8229,5,7221.224041330727,30.479,1760.8810400310033
8248,5,7240.224041330727,30.477,882.6701933262224
8249,5,7241.224041330727,30.463,6177.922703101435
8250,5,7242.224041330727,30.451,5293.83402304364
8251,5,7243.224041330727,30.443,3528.551078181958
8252,5,7244.224041330727,30.433,4409.993827401183
8253,5,7245.224041330727,30.425,3527.438757658055
8254,5,7246.224041330727,30.412,5730.900916032426
8255,5,7247.224041330727,30.402,4407.326828493991
8256,5,7248.224041330727,30.39,5287.6084310471315
8257,5,7249.224041330727,30.38,4405.353449917371
8258,5,7250.224041330727,30.368,5285.239320753309
8259,5,7251.224041330727,30.356,5283.8799442278405
8260,5,7252.224041330727,30.346,4402.245037569266
8261,5,7253.224041330727,30.338,3521.237181792523
8262,5,7254.224041330727,30.329,3960.828089238851
8263,5,7255.224041330727,30.32,3960.1987459441557
8264,5,7256.224041330727,30.309,4839.31368141991
8265,5,7257.224041330727,30.298,4838.2243522034705
8266,5,7258.224041330727,30.288,4397.467617679759
8267,5,7259.224041330727,30.277,4836.203944694813
8268,5,7260.224041330727,30.266,4835.1131854783725
8269,5,7261.224041330727,30.254,5273.3913477746655
8270,5,7262.224041330727,30.241,5711.267163944667
8271,5,7263.224041330727,30.227,6148.696838636322
8272,5,7264.224041330727,30.212,6585.636552510067
8273,5,7265.224041330727,30.2,5266.880577418662
8274,5,7266.224041330727,30.186,6142.8948694368755
8275,5,7267.224041330727,30.174,5263.795717616872
8276,5,7268.224041330727,30.162,5262.426789092969
8277,5,7269.224041330727,30.15,5261.057284569065
8278,5,7270.224041330727,30.138,5259.687204043605
8279,5,7271.224041330727,30.127,4820.20348535998
8280,5,7272.224041330727,30.115,5257.119848374347
8281,5,7273.224041330727,30.103,5255.748063848888
8282,5,7274.224041330727,30.087,7005.368720763928
8283,5,7275.224041330727,30.073,6127.484696570105
8284,5,7276.224041330727,30.06,5688.035343606161
8285,5,7277.224041330727,30.046,6123.667595194859
8286,5,7278.224041330727,30.033,5684.489488327594
8287,5,7279.224041330727,30.016,7430.872115785087
8288,5,7280.224041330727,30.001,6554.05809432689
8289,5,7281.224041330727,29.988,5678.313537200789
8290,5,7282.224041330727,29.971,7422.792812000298
8291,5,7283.224041330727,29.955,6983.271742413344
8292,5,7284.224041330727,29.941,6108.142364513348
8293,5,7285.224041330727,29.928,5670.068015694763
8294,5,7286.224041330727,29.914,6104.311067138103
8295,5,7287.224041330727,29.904,4359.071677043896
8296,5,7288.224041330727,29.893,4793.953262993654
8297,5,7289.224041330727,29.882,4792.847037775652
8298,5,7290.224041330727,29.867,6533.753943682293
8299,5,7291.224041330727,29.855,5225.357786356442
8300,5,7292.224041330727,29.84,6529.639712208814
8301,5,7293.224041330727,29.828,5222.0651051776595
8302,5,7294.224041330727,29.812,6960.440349198667
8303,5,7295.224041330727,29.8,5218.594746621886
8304,5,7296.224041330727,29.787,5651.881325360791
8305,5,7297.224041330727,29.773,6084.717294622929
8306,5,7298.224041330727,29.76,5648.307234082234
8307,5,7299.224041330727,29.748,5212.346691018305
8308,5,7300.224041330727,29.736,5210.958322494402
8309,5,7301.224041330727,29.722,6077.6265066919095
8310,5,7302.224041330727,29.708,6075.59644686925
8311,5,7303.224041330727,29.695,5639.834430452385
8312,5,7304.224041330727,29.678,7372.452798100563
8313,5,7305.224041330727,29.666,5202.254586104966
8314,5,7306.224041330727,29.652,6067.468367570902
8315,5,7307.224041330727,29.639,5632.284068249748
8316,5,7308.224041330727,29.627,5197.550472402279
8317,5,7309.224041330727,29.616,4763.223958685787
8318,5,7310.224041330727,29.602,6060.555861913039
8319,5,7311.224041330727,29.589,5625.862608996017
8320,5,7312.224041330727,29.573,6921.692779730573
8321,5,7313.224041330727,29.56,5621.887404068853
8322,5,7314.224041330727,29.544,6916.798363820219
8323,5,7315.224041330727,29.533,4753.776397586317
8324,5,7316.224041330727,29.519,6048.5272692425215
8325,5,7317.224041330727,29.507,5182.877595161712
8326,5,7318.224041330727,29.495,5181.478258639343
8327,5,7319.224041330727,29.485,4316.878339577538
8328,5,7320.224041330727,29.471,6041.995800129439
8329,5,7321.224041330727,29.458,5608.621349911243
8330,5,7322.224041330727,29.445,5606.912515183741
8331,5,7323.224041330727,29.432,5605.203004459303
8332,5,7324.224041330727,29.418,6034.4281876521045
8333,5,7325.224041330727,29.404,6032.380599827903
8334,5,7326.224041330727,29.392,5169.032024809173
8335,5,7327.224041330727,29.378,6028.693396725815
8336,5,7328.224041330727,29.367,4735.461734387379
8337,5,7329.224041330727,29.353,6025.208499896883
8338,5,7330.224041330727,29.34,5593.026915552438
8339,5,7331.224041330727,29.329,4731.271416088827
8340,5,7332.224041330727,29.317,5160.067333534777
8341,5,7333.224041330727,29.301,6877.742829676363
8342,5,7334.224041330727,29.288,5586.163080647031
8343,5,7335.224041330727,29.273,6443.370826265775
8344,5,7336.224041330727,29.262,4723.684616851906
8345,5,7337.224041330727,29.25,5151.787837276317
8346,5,7338.224041330727,29.236,6008.567197937485
8347,5,7339.224041330727,29.224,5148.612449474527
8348,5,7340.224041330727,29.212,5147.199984950624
8349,5,7341.224041330727,29.2,5145.78694442672
8350,5,7342.224041330727,29.188,5144.3733279028165
8351,5,7343.224041330727,29.175,5571.4436014136045
8352,5,7344.224041330727,29.163,5141.368105478018
8353,5,7345.224041330727,29.149,5996.405860172803
8354,5,7346.224041330727,29.137,5138.184173676228
8355,5,7347.224041330727,29.125,5136.767605152325
8356,5,7348.224041330727,29.113,5135.350460628421
8357,5,7349.224041330727,29.097,6844.773303133033
8358,5,7350.224041330727,29.085,5131.808822072647
8359,5,7351.224041330727,29.072,5557.8267754324415
8360,5,7352.224041330727,29.06,5128.793855647848
8361,5,7353.224041330727,29.047,5554.559261804058
8362,5,7354.224041330727,29.034,5552.828925079606
8363,5,7355.224041330727,29.022,5124.178643322154
8364,5,7356.224041330727,29.01,5122.756722796735
8365,5,7357.224041330727,29.0,4267.925666376622
8366,5,7358.224041330727,28.988,5120.264348504428
8367,5,7359.224041330727,28.978,4265.84780779692
8368,5,7360.224041330727,28.968,4264.95542299017
8369,5,7361.224041330727,28.956,5116.6984964406865
8370,5,7362.224041330727,28.943,5541.450326996302
8371,5,7363.224041330727,28.934,3835.451860561032
8372,5,7364.224041330727,28.921,5538.743364846175
8373,5,7365.224041330727,28.909,5111.170875722065
8374,5,7366.224041330727,28.897,5109.743363198161
8375,5,7367.224041330727,28.884,5533.912440316901
8376,5,7368.224041330727,28.869,6383.055645884844
8377,5,7369.224041330727,28.856,5530.0499512148135
8378,5,7370.224041330727,28.841,6378.597247690127
8379,5,7371.224041330727,28.828,5526.184550114235
8380,5,7372.224041330727,28.816,5099.5737916618145
8381,5,7373.224041330727,28.805,4673.37796734037
8382,5,7374.224041330727,28.793,5096.886675991
8383,5,7375.224041330727,28.787,2547.992401799036
8384,5,7376.224041330727,28.777,4246.049607150775
8385,5,7377.224041330727,28.77,2971.759783345831
8386,5,7378.224041330727,28.762,3395.8718843663414
8387,5,7379.224041330727,28.754,3395.387599689051
8388,5,7380.224041330727,28.748,2546.2658569476935
8389,5,7381.224041330727,28.742,2546.0794208167176
8390,5,7382.224041330727,28.734,3394.4056719958253
8391,5,7383.224041330727,28.726,3393.920427320042
8392,5,7384.224041330727,28.72,2545.164805669806
8393,5,7385.224041330727,28.711,3817.2672172591297
8394,5,7386.224041330727,28.704,2968.560373330134
8395,5,7387.224041330727,28.697,2968.23833037559
8396,5,7388.224041330727,28.69,2967.9160914180334
8397,5,7389.224041330727,28.685,2119.7836468578366
8398,5,7390.224041330727,28.678,2967.47795177909
8399,5,7391.224041330727,28.669,3814.7807258838834
8400,5,7392.224041330727,28.661,3390.3696343155516
8401,5,7393.224041330727,28.653,3389.8819416397664
8402,5,7394.224041330727,28.648,2118.4821589610383
8403,5,7395.224041330727,28.643,2118.398902758972
8404,5,7396.224041330727,28.639,1694.6820221425928
8405,5,7397.224041330727,28.636,1271.0280209017003
8406,5,7398.224041330727,28.634,847.3925816935518
8407,5,7399.224041330727,28.633,423.7313631754046
8408,5,7400.224041330727,28.631,847.5328590050558
8409,5,7401.224041330727,28.629,847.5881772127251
8417,5,7409.224041330727,28.616,5513.833393198419
8418,5,7410.224041330727,28.604,5088.156235739523
8419,5,7411.224041330727,28.592,5086.70844321562
8420,5,7412.224041330727,28.583,3814.1451860679035
8421,5,7413.224041330727,28.576,2966.12731084807
8439,5,7431.224041330727,28.575,424.70188518661143
8440,5,7432.224041330727,28.573,849.4734790274659
8458,5,7450.224041330727,28.568,2128.566259727972
8459,5,7451.224041330727,28.563,2128.4794035274176
8593,5,7585.224041330727,28.561,866.5966762734727
8594,5,7586.224041330727,28.553,3466.2367991721235
8595,5,7587.224041330727,28.547,2599.382956560006
8596,5,7588.224041330727,28.538,3898.563924594429
8597,5,7589.224041330727,28.531,3031.7659877035508
8598,5,7590.224041330727,28.522,3897.4054700705256
8599,5,7591.224041330727,28.514,3463.784435370333
8600,5,7592.224041330727,28.505,3896.109203513878
8601,5,7593.224041330727,28.494,4760.867948449579
8602,5,7594.224041330727,28.484,4327.036974268561
8603,5,7595.224041330727,28.476,3460.9916911547416
8604,5,7596.224041330727,28.465,4757.902524511211
8605,5,7597.224041330727,28.455,4324.339924326126
8606,5,7598.224041330727,28.444,4755.644847004116
8607,5,7599.224041330727,28.434,4322.286650227231
8608,5,7600.224041330727,28.421,5617.439592308885
8609,5,7601.224041330727,28.407,6047.473037490114
8610,5,7602.224041330727,28.392,6476.980849853405
8611,5,7603.224041330727,28.38,5179.802823293333
8612,5,7604.224041330727,28.369,4746.853211335921
8613,5,7605.224041330727,28.358,4745.636986117919
8614,5,7606.224041330727,28.346,5175.639936475607
8615,5,7607.224041330727,28.335,4743.0357247530055
8616,5,7608.224041330727,28.324,4741.8180255350035
8617,5,7609.224041330727,28.311,5602.329246550677
8618,5,7610.224041330727,28.299,5169.777395756985
8619,5,7611.224041330727,28.288,4737.65968309427
8620,5,7612.224041330727,28.272,6888.758268443426
8621,5,7613.224041330727,28.261,4734.38234201372
8622,5,7614.224041330727,28.248,5593.538422569448
8623,5,7615.224041330727,28.238,4301.535451986747
8624,5,7616.224041330727,28.224,6020.381385502336
8625,5,7617.224041330727,28.213,4728.826005426075
8626,5,7618.224041330727,28.201,5157.293892811776
8627,5,7619.224041330727,28.191,4296.632821387895
8628,5,7620.224041330727,28.178,5584.077316814227
8629,5,7621.224041330727,28.167,4723.596554696249
8630,5,7622.224041330727,28.155,5151.586829470146
8631,5,7623.224041330727,28.144,4720.97879333286
8632,5,7624.224041330727,28.134,4290.760805979253
8633,5,7625.224041330727,28.123,4718.694517824241
8634,5,7626.224041330727,28.111,5146.236992882501
8635,5,7627.224041330727,28.103,3430.0541780745466
8636,5,7628.224041330727,28.09,5572.486316209187
8637,5,7629.224041330727,28.081,3856.8702926304404
8638,5,7630.224041330727,28.072,3856.139735335745
8639,5,7631.224041330727,28.061,4711.998490231866
8640,5,7632.224041330727,28.052,3854.402888680866
8641,5,7633.224041330727,28.042,4281.780693743206
8642,5,7634.224041330727,28.034,3424.7739787344385
8643,5,7635.224041330727,28.027,2996.268064866393
8644,5,7636.224041330727,28.016,4707.525943432469
8645,5,7637.224041330727,28.008,3422.942717531724
8646,5,7638.224041330727,28.0,3422.413216854434
8647,5,7639.224041330727,27.992,3421.8834601771437
8648,5,7640.224041330727,27.982,4276.539004895129
8649,5,7641.224041330727,27.974,3420.5786596532407
8650,5,7642.224041330727,27.968,2565.1277839208383
8651,5,7643.224041330727,27.962,2564.9131237898628
8652,5,7644.224041330727,27.953,3846.841085439214
8653,5,7645.224041330727,27.943,4273.3744301413735
8654,5,7646.224041330727,27.936,2990.8434724392573
8655,5,7647.224041330727,27.927,3844.7718895878716
8656,5,7648.224041330727,27.921,2562.828097561528
8657,5,7649.224041330727,27.914,2989.66097043301
8658,5,7650.224041330727,27.909,2135.2922832971185
8659,5,7651.224041330727,27.899,4269.995112985002
8660,5,7652.224041330727,27.892,2988.476620429797
8661,5,7653.224041330727,27.886,2561.2891834641687
8662,5,7654.224041330727,27.878,3414.641195525757
8663,5,7655.224041330727,27.869,3840.801971688722
8664,5,7656.224041330727,27.863,2560.1800696287614
8665,5,7657.224041330727,27.852,4692.844612089829
8666,5,7658.224041330727,27.843,3838.7230918373793
8667,5,7659.224041330727,27.833,4264.349577251962
8668,5,7660.224041330727,27.825,3410.821997538709
8669,5,7661.224041330727,27.817,3410.286624861419
8670,5,7662.224041330727,27.808,3835.900910691341
8671,5,7663.224041330727,27.8,3409.092499922177
8672,5,7664.224041330727,27.792,3408.556343244887
8673,5,7665.224041330727,27.781,4685.774452138784
8674,5,7666.224041330727,27.77,4684.530528919268
8675,5,7667.224041330727,27.761,3831.917564152375
8676,5,7668.224041330727,27.748,5533.520828032157
8677,5,7669.224041330727,27.738,4255.345651573432
8678,5,7670.224041330727,27.726,5105.055674740603
8679,5,7671.224041330727,27.713,5528.7048651545465
8680,5,7672.224041330727,27.697,6801.886946082931
8681,5,7673.224041330727,27.683,5949.204063724262
8682,5,7674.224041330727,27.669,5946.97108790006
8683,5,7675.224041330727,27.655,5944.737328075858
8684,5,7676.224041330727,27.642,5518.13809057576
8685,5,7677.224041330727,27.63,5092.026326549376
8686,5,7678.224041330727,27.618,5090.478262025473
8687,5,7679.224041330727,27.604,5936.8695401448385
8688,5,7680.224041330727,27.591,5510.829557495448
8689,5,7681.224041330727,27.577,5932.608750769593
8690,5,7682.224041330727,27.565,5083.3583770449
8691,5,7683.224041330727,27.552,5505.191373319044
8692,5,7684.224041330727,27.542,4233.546393329909
8693,5,7685.224041330727,27.534,3386.1711944037797
8694,5,7686.224041330727,27.524,4231.881232675029
8695,5,7687.224041330727,27.514,4230.894367868267
8696,5,7688.224041330727,27.501,5498.579393238736
8697,5,7689.224041330727,27.489,5073.965160393513
8698,5,7690.224041330727,27.473,6762.721500154667
8699,5,7691.224041330727,27.46,5492.526133410678
8700,5,7692.224041330727,27.451,3801.4894290017482
8701,5,7693.224041330727,27.438,5489.553867260538
8702,5,7694.224041330727,27.43,3377.3334775975027
8703,5,7695.224041330727,27.418,5064.811778627085
8704,5,7696.224041330727,27.408,4219.531792899145
8705,5,7697.224041330727,27.396,5062.063996333262
8706,5,7698.224041330727,27.383,5482.1131918814335
8707,5,7699.224041330727,27.373,4215.787116070214
8708,5,7700.224041330727,27.363,4214.794631263446
8709,5,7701.224041330727,27.355,3371.1646167479066
8710,5,7702.224041330727,27.344,4634.34348120392
8711,5,7703.224041330727,27.332,5054.177732205778
8712,5,7704.224041330727,27.322,4210.666607549554
8713,5,7705.224041330727,27.31,5051.421597911954
8714,5,7706.224041330727,27.298,5049.857789388051
8715,5,7707.224041330727,27.288,4207.065315199954
8716,5,7708.224041330727,27.28,3364.9789558983107
8717,5,7709.224041330727,27.274,2523.4140501046345
8718,5,7710.224041330727,27.266,3364.1249537145463
8719,5,7711.224041330727,27.257,3783.9516156479267
8720,5,7712.224041330727,27.25,2942.591370746307
8721,5,7713.224041330727,27.24,4202.93578012177
8722,5,7714.224041330727,27.232,3361.6736958345687
8723,5,7715.224041330727,27.221,4621.288041948081
8724,5,7716.224041330727,27.211,4200.095070177798
8725,5,7717.224041330727,27.203,3359.4002318793914
8726,5,7718.224041330727,27.192,4618.160764009712
8727,5,7719.224041330727,27.183,3777.5952652263677
8728,5,7720.224041330727,27.176,2937.645610639487
8729,5,7721.224041330727,27.166,4195.867568539109
8730,5,7722.224041330727,27.158,3356.016790569634
8731,5,7723.224041330727,27.147,4613.506497210285
8732,5,7724.224041330727,27.135,5031.435952936876
8733,5,7725.224041330727,27.124,4610.792243845371
8734,5,7726.224041330727,27.113,4609.51934662588
8735,5,7727.224041330727,27.101,5027.084690120639
8736,5,7728.224041330727,27.089,5025.509529596736
8737,5,7729.224041330727,27.078,4605.357665114055
8738,5,7730.224041330727,27.066,5022.543005925921
8739,5,7731.224041330727,27.055,4602.637339749142
8740,5,7732.224041330727,27.043,5019.5742742551065
8741,5,7733.224041330727,27.033,4181.818232589172
8742,5,7734.224041330727,27.019,5852.70389034933
8743,5,7735.224041330727,27.007,5014.838568681912
8744,5,7736.224041330727,26.995,5013.258848159493
8745,5,7737.224041330727,26.985,4176.553537510979
8746,5,7738.224041330727,26.974,4593.0151415074915
8747,5,7739.224041330727,26.964,4174.38266341362
8748,5,7740.224041330727,26.954,4173.373998603871
8749,5,7741.224041330727,26.944,4172.364933797087
8750,5,7742.224041330727,26.93,5839.464092036849
8751,5,7743.224041330727,26.918,5003.485538131114
8752,5,7744.224041330727,26.907,4585.16144927057
8753,5,7745.224041330727,26.895,5000.502526460299
8754,5,7746.224041330727,26.886,3749.3970765014124
8755,5,7747.224041330727,26.875,4581.483628545474
8756,5,7748.224041330727,26.867,3331.2404514332006
8757,5,7749.224041330727,26.856,4579.427194896198
8758,5,7750.224041330727,26.848,3329.744255326115
8759,5,7751.224041330727,26.837,4577.369089246921
8760,5,7752.224041330727,26.829,3328.2468432160717
8761,5,7753.224041330727,26.82,3743.5744493403117
8762,5,7754.224041330727,26.811,3742.801106045616
8763,5,7755.224041330727,26.803,3326.308654014879
8764,5,7756.224041330727,26.796,2910.080966739602
8765,5,7757.224041330727,26.787,3740.898022259761
8766,5,7758.224041330727,26.779,3324.6162319830078
8767,5,7759.224041330727,26.769,4154.909289652427
8768,5,7760.224041330727,26.759,4153.892724842685
8769,5,7761.224041330727,26.749,4152.875760035895
8770,5,7762.224041330727,26.74,3736.7424157207947
8771,5,7763.224041330727,26.728,4981.00875650117
8772,5,7764.224041330727,26.716,4979.414275978742
8773,5,7765.224041330727,26.706,4148.33798736035
8774,5,7766.224041330727,26.691,6220.395977024288
8775,5,7767.224041330727,26.677,5803.296976928064
8776,5,7768.224041330727,26.664,5386.742901651313
8777,5,7769.224041330727,26.652,4970.687387851257
8778,5,7770.224041330727,26.639,5383.07912202592
8779,5,7771.224041330727,26.626,5381.145231298479
8780,5,7772.224041330727,26.614,4965.518495525564
8781,5,7773.224041330727,26.601,5377.4775256730845
8782,5,7774.224041330727,26.589,4962.1317211007645
8783,5,7775.224041330727,26.578,4547.2387026594215
8784,5,7776.224041330727,26.565,5372.27436496893
8785,5,7777.224041330727,26.555,4131.261410755528
8786,5,7778.224041330727,26.543,4956.097681759135
8787,5,7779.224041330727,26.531,4954.4944412352315
8788,5,7780.224041330727,26.519,4952.890624711328
8789,5,7781.224041330727,26.507,4951.286232185959
8790,5,7782.224041330727,26.498,3712.471067796758
8791,5,7783.224041330727,26.49,3299.3398040173624
8792,5,7784.224041330727,26.481,3711.0431852386455
8793,5,7785.224041330727,26.47,4534.589380338685
8794,5,7786.224041330727,26.459,4533.287575119219
8795,5,7787.224041330727,26.448,4531.985285901216
8796,5,7788.224041330727,26.434,5765.996092550852
8797,5,7789.224041330727,26.421,5352.092677159653
8798,5,7790.224041330727,26.409,4938.690433242215
8799,5,7791.224041330727,26.399,4114.389591745112
8800,5,7792.224041330727,26.39,3702.09343426041
8801,5,7793.224041330727,26.381,3701.3060329657146
8802,5,7794.224041330727,26.371,4111.609066283428
8803,5,7795.224041330727,26.362,3699.589944343579
8804,5,7796.224041330727,26.347,6163.967594916293
8805,5,7797.224041330727,26.337,4107.889513935323
8806,5,7798.224041330727,26.323,5749.162692230397
8807,5,7799.224041330727,26.31,5336.45526657637
8808,5,7800.224041330727,26.298,4924.250236396109
8809,5,7801.224041330727,26.285,5332.752928948047
8810,5,7802.224041330727,26.273,4920.831493971311
8811,5,7803.224041330727,26.26,5329.047991321183
8812,5,7804.224041330727,26.25,4097.998044103406
8813,5,7805.224041330727,26.239,4506.57245175918
8814,5,7806.224041330727,26.228,4505.260724541178
8815,5,7807.224041330727,26.218,4094.5767207169533
8816,5,7808.224041330727,26.205,5321.296875943535
8817,5,7809.224041330727,26.193,4910.252655810502
8818,5,7810.224041330727,26.18,5317.58322831667
8819,5,7811.224041330727,26.169,4498.0074407355305
8820,5,7812.224041330727,26.159,4087.9805963481817
8821,5,7813.224041330727,26.147,4904.141960470326
8822,5,7814.224041330727,26.137,4085.5888977685445
8823,5,7815.224041330727,26.126,4492.917594792432
8824,5,7816.224041330727,26.117,3675.08693332131
8825,5,7817.224041330727,26.103,5715.016152135801
8826,5,7818.224041330727,26.093,4080.8002206136243
8827,5,7819.224041330727,26.079,5711.223793580028
8828,5,7820.224041330727,26.069,4078.090433073785
8829,5,7821.224041330727,26.057,4892.2694925410515
8830,5,7822.224041330727,26.047,4075.691614494151
8831,5,7823.224041330727,26.037,4074.648009687333
8832,5,7824.224041330727,26.025,4888.137024477309
8833,5,7825.224041330727,26.013,4886.508103951959
8834,5,7826.224041330727,26.0,5291.85008380324
8835,5,7827.224041330727,25.99,4069.373779088481
8836,5,7828.224041330727,25.977,5288.521143825077
8837,5,7829.224041330727,25.966,4473.40722816695
8838,5,7830.224041330727,25.955,4472.083686950392
8839,5,7831.224041330727,25.946,3658.0352307206495
8840,5,7832.224041330727,25.932,5688.481663427355
8841,5,7833.224041330727,25.922,4061.839994390827
8842,5,7834.224041330727,25.908,5684.669648870137
8843,5,7835.224041330727,25.896,4870.751354845349
8844,5,7836.224041330727,25.886,4057.7535330825117
8845,5,7837.224041330727,25.873,5273.409429017322
8846,5,7838.224041330727,25.862,4460.6157285618265
8847,5,7839.224041330727,25.85,4864.583443502279
8848,5,7840.224041330727,25.839,4457.786745196912
8849,5,7841.224041330727,25.827,4861.496175831465
8850,5,7842.224041330727,25.815,4859.857607309002
8851,5,7843.224041330727,25.802,5262.968039438465
8852,5,7844.224041330727,25.79,4856.390480884203
8853,5,7845.224041330727,25.779,4450.273944460916
8854,5,7846.224041330727,25.766,5257.637036735779
8855,5,7847.224041330727,25.755,4447.265128167094
8856,5,7848.224041330727,25.743,4850.014100165581
8857,5,7849.224041330727,25.731,4848.371499640242
8858,5,7850.224041330727,25.718,5250.520297132197
8859,5,7851.224041330727,25.703,6055.766871439239
8860,5,7852.224041330727,25.691,4842.686428562
8861,5,7853.224041330727,25.68,4437.707694498899
8862,5,7854.224041330727,25.667,5242.780944051959
8863,5,7855.224041330727,25.656,4434.690298206509
8864,5,7856.224041330727,25.644,4836.291519843378
8865,5,7857.224041330727,25.632,4834.644239318044
8866,5,7858.224041330727,25.62,4832.996382795573
8867,5,7859.224041330727,25.609,4428.822072546342
8868,5,7860.224041330727,25.595,5634.648765373347
8869,5,7861.224041330727,25.582,5230.08021592062
8870,5,7862.224041330727,25.57,4826.021809945975
8871,5,7863.224041330727,25.558,4824.371025422072
8872,5,7864.224041330727,25.546,4822.719664898168
8873,5,7865.224041330727,25.536,4017.713744791763
8874,5,7866.224041330727,25.524,4819.792794604346
8875,5,7867.224041330727,25.514,4015.2738062150042
8876,5,7868.224041330727,25.501,5218.166843089579
8877,5,7869.224041330727,25.49,4413.855634007564
8878,5,7870.224041330727,25.477,5214.582213287788
8879,5,7871.224041330727,25.465,4811.710741361821
8880,5,7872.224041330727,25.452,5210.7904096609245
8881,5,7873.224041330727,25.441,4407.611902491008
8882,5,7874.224041330727,25.432,3605.2685968916994
8883,5,7875.224041330727,25.419,5206.019230433463
8884,5,7876.224041330727,25.408,4403.573232835579
8885,5,7877.224041330727,25.395,5202.425968633095
8886,5,7878.224041330727,25.385,4000.5621681869475
8887,5,7879.224041330727,25.373,4799.2038466785625
8888,5,7880.224041330727,25.363,3998.110469610183
8889,5,7881.224041330727,25.352,4396.65904981666
8890,5,7882.224041330727,25.34,4794.7884132378285
8891,5,7883.224041330727,25.328,4793.126348713925
8892,5,7884.224041330727,25.318,3993.0441079715656
8893,5,7885.224041330727,25.306,4790.178982420102
8894,5,7886.224041330727,25.294,4788.515237896199
8895,5,7887.224041330727,25.284,3989.2001756248787
8896,5,7888.224041330727,25.272,4785.564655602376
8897,5,7889.224041330727,25.26,4783.899231077056
8898,5,7890.224041330727,25.248,4782.23323055457
8899,5,7891.224041330727,25.237,4382.272902993509
8900,5,7892.224041330727,25.226,4380.918319774091
8901,5,7893.224041330727,25.218,3185.326348326747
8902,5,7894.224041330727,25.209,3582.738321589797
8903,5,7895.224041330727,25.199,3979.824534753201
8904,5,7896.224041330727,25.189,3978.749369946349
8905,5,7897.224041330727,25.178,4375.354316186447
8906,5,7898.224041330727,25.168,3976.4398758489897
8907,5,7899.224041330727,25.158,3975.3634910393107
8908,5,7900.224041330727,25.148,3974.286706232457
8909,5,7901.224041330727,25.138,3973.2095214227793
8910,5,7902.224041330727,25.128,3972.1319366159246
8911,5,7903.224041330727,25.118,3971.053951807658
8912,5,7904.224041330727,25.109,3573.049148313991
8913,5,7905.224041330727,25.096,5159.463048935785
8914,5,7906.224041330727,25.087,3570.822369595034
8915,5,7907.224041330727,25.076,4363.150875437702
8916,5,7908.224041330727,25.065,4361.7888782197
8917,5,7909.224041330727,25.056,3567.763963579972
8918,5,7910.224041330727,25.046,3963.1804491881403
8919,5,7911.224041330727,25.034,4754.329199878294
8920,5,7912.224041330727,25.025,3564.7022095649086
8921,5,7913.224041330727,25.015,3959.777310281108
8922,5,7914.224041330727,25.004,4354.477295556235
8923,5,7915.224041330727,24.995,3561.7795815825903
8924,5,7916.224041330727,24.984,4352.094574978049
8925,5,7917.224041330727,24.971,5141.564050801458
8926,5,7918.224041330727,24.959,4744.283116603899
8927,5,7919.224041330727,24.948,4347.471856537315
8928,5,7920.224041330727,24.936,4741.109472933083
8929,5,7921.224041330727,24.925,4344.561671172402
8930,5,7922.224041330727,24.915,3948.4364621998516
8931,5,7923.224041330727,24.904,4341.998083665308
8932,5,7924.224041330727,24.893,4340.628430447306
8933,5,7925.224041330727,24.881,4733.641217198527
8934,5,7926.224041330727,24.87,4337.7132950823925
8935,5,7927.224041330727,24.858,4730.4599655277125
8936,5,7928.224041330727,24.848,3940.803041984467
8937,5,7929.224041330727,24.834,5515.155923499247
8938,5,7930.224041330727,24.825,3544.2629610161175
8939,5,7931.224041330727,24.812,5117.868180613194
8940,5,7932.224041330727,24.8,4722.401989662179
8941,5,7933.224041330727,24.79,3934.0858020965225
8942,5,7934.224041330727,24.777,5112.583879735585
8943,5,7935.224041330727,24.765,4717.522433467461
8944,5,7936.224041330727,24.754,4322.932661328918
8945,5,7937.224041330727,24.742,4714.330093796647
8946,5,7938.224041330727,24.73,4712.637837272743
8947,5,7939.224041330727,24.717,5103.420545232504
8948,5,7940.224041330727,24.707,3924.376330186518
8949,5,7941.224041330727,24.694,5099.957315255788
8950,5,7942.224041330727,24.681,5097.915056528425
8951,5,7943.224041330727,24.669,4703.977277276235
8952,5,7944.224041330727,24.659,3918.7268351082334
8953,5,7945.224041330727,24.646,5092.610527650815
8954,5,7946.224041330727,24.637,3524.523834860254
8955,5,7947.224041330727,24.624,5089.346645500565
8956,5,7948.224041330727,24.611,5087.300538773205
8957,5,7949.224041330727,24.599,4694.175780886799
8958,5,7950.224041330727,24.588,4301.524369129979
8959,5,7951.224041330727,24.575,5081.778358071909
8960,5,7952.224041330727,24.564,4298.407708836156
8961,5,7953.224041330727,24.554,3906.464584621437
8962,5,7954.224041330727,24.544,3905.3649198117832
8963,5,7955.224041330727,24.531,5075.2340577686255
8964,5,7956.224041330727,24.52,4292.8681999641485
8965,5,7957.224041330727,24.509,4291.482112746147
8966,5,7958.224041330727,24.496,5069.905998891014
8967,5,7959.224041330727,24.484,4678.113522531341
8968,5,7960.224041330727,24.47,5455.587308071392
8969,5,7961.224041330727,24.457,5063.74451271172
8970,5,7962.224041330727,24.446,4283.143065224864
8971,5,7963.224041330727,24.436,3892.583175883895
8972,5,7964.224041330727,24.423,5058.612291660566
8973,5,7965.224041330727,24.41,5056.5552129332145
8974,5,7966.224041330727,24.398,4665.785556111418
8975,5,7967.224041330727,24.385,5052.64617530635
8976,5,7968.224041330727,24.373,4662.1760136866205
8977,5,7969.224041330727,24.362,4272.181470197865
8978,5,7970.224041330727,24.351,4270.788760978483
8979,5,7971.224041330727,24.338,5045.442055527845
8980,5,7972.224041330727,24.325,5043.380400803254
8981,5,7973.224041330727,24.31,5816.666268752019
8982,5,7974.224041330727,24.296,5426.331872540645
8983,5,7975.224041330727,24.283,5036.569313148743
8984,5,7976.224041330727,24.27,5034.50487642415
8985,5,7977.224041330727,24.257,5032.439763696804
8986,5,7978.224041330727,24.246,4256.645807444384
8987,5,7979.224041330727,24.233,5028.722429895014
8988,5,7980.224041330727,24.222,4253.499315149188
8989,5,7981.224041330727,24.209,5025.002600094598
8990,5,7982.224041330727,24.196,5022.934211367256
8991,5,7983.224041330727,24.184,4634.740549435143
8992,5,7984.224041330727,24.169,5790.917776057189
8993,5,7985.224041330727,24.158,4244.921144698995
8994,5,7986.224041330727,24.147,4243.520075482363
8995,5,7987.224041330727,24.134,5013.205131212631
8996,5,7988.224041330727,24.122,4625.756872061642
8997,5,7989.224041330727,24.109,5009.267441585767
8998,5,7990.224041330727,24.097,4622.1208816368435
8999,5,7991.224041330727,24.084,5005.32715196027
9000,5,7992.224041330727,24.071,5003.252133232933
9001,5,7993.224041330727,24.058,5001.176438508331
9002,5,7994.224041330727,24.046,4614.649839410255
9003,5,7995.224041330727,24.034,4612.924462886351
9004,5,7996.224041330727,24.019,5763.6383078712
9005,5,7997.224041330727,24.007,4608.8961817062045
9006,5,7998.224041330727,23.994,4990.995778703555
9007,5,7999.224041330727,23.98,5372.566838222953
9008,5,8000.224041330727,23.967,4986.62764742654
9009,5,8001.224041330727,23.954,4984.5465446992075
9010,5,8002.224041330727,23.943,4216.107773983503
9011,5,8003.224041330727,23.93,4980.79847889878
9012,5,8004.224041330727,23.917,4978.715400171449
9013,5,8005.224041330727,23.905,4593.909889254391
9014,5,8006.224041330727,23.895,3826.9750917566857
9015,5,8007.224041330727,23.881,5355.743901180385
9016,5,8008.224041330727,23.868,4971.000966744153
9017,5,8009.224041330727,23.858,3822.4822659647425
9018,5,8010.224041330727,23.844,5349.451901073568
9019,5,8011.224041330727,23.831,4965.156380216392
9020,5,8012.224041330727,23.818,4963.068023489066
9021,5,8013.224041330727,23.807,4197.927744653198
9022,5,8014.224041330727,23.795,4577.917113783921
9023,5,8015.224041330727,23.784,4194.919791288284
9024,5,8016.224041330727,23.772,4574.634606114462
9025,5,8017.224041330727,23.762,3810.9072758053894
9026,5,8018.224041330727,23.749,4952.399951560273
9027,5,8019.224041330727,23.739,3808.1691127463782
9028,5,8020.224041330727,23.727,4568.255452149825
9029,5,8021.224041330727,23.713,5327.376159289967
9030,5,8022.224041330727,23.703,3803.817751437972
9031,5,8023.224041330727,23.689,5323.312872734193
9032,5,8024.224041330727,23.677,4560.904751300228
9033,5,8025.224041330727,23.665,4559.161878776325
9034,5,8026.224041330727,23.655,3798.0092163569443
9035,5,8027.224041330727,23.642,4935.627001277289
9036,5,8028.224041330727,23.63,4554.122482581606
9037,5,8029.224041330727,23.617,4931.637727649076
9038,5,8030.224041330727,23.607,3792.1930012786156
9039,5,8031.224041330727,23.593,5307.032846511097
9040,5,8032.224041330727,23.58,4925.753361122663
9041,5,8033.224041330727,23.572,3030.2606399742776
9042,5,8034.224041330727,23.56,4544.02857019217
9043,5,8035.224041330727,23.549,4163.845062993251
9044,5,8036.224041330727,23.537,4540.723742521355
9045,5,8037.224041330727,23.527,3782.639122811141
9046,5,8038.224041330727,23.516,4159.563909340589
9047,5,8039.224041330727,23.506,3780.2039287137823
9048,5,8040.224041330727,23.494,4534.686359310702
9049,5,8041.224041330727,23.485,3399.917978139215
9050,5,8042.224041330727,23.473,4531.761078393871
9051,5,8043.224041330727,23.463,3775.167636038239
9052,5,8044.224041330727,23.452,4151.342479889053
9053,5,8045.224041330727,23.442,3772.7273619422213
9054,5,8046.224041330727,23.434,3017.398385291021
9055,5,8047.224041330727,23.423,4147.756545952023
9056,5,8048.224041330727,23.413,3769.4662119969094
9057,5,8049.224041330727,23.405,3014.788569335844
9058,5,8050.224041330727,23.393,4520.812616234516
9059,5,8051.224041330727,23.385,3012.9612656426184
9060,5,8052.224041330727,23.374,4141.653383435467
9061,5,8053.224041330727,23.365,3387.5967462099397
9062,5,8054.224041330727,23.355,3762.933472108967
9063,5,8055.224041330727,23.346,3385.683161587805
9064,5,8056.224041330727,23.338,3008.774105163538
9065,5,8057.224041330727,23.328,3759.984171127985
9066,5,8058.224041330727,23.319,3383.027791703718
9067,5,8059.224041330727,23.312,2630.6677338982618
9068,5,8060.224041330727,23.301,4132.823455625087
9069,5,8061.224041330727,23.294,2629.2891394398466
9070,5,8062.224041330727,23.284,3755.2227139716133
9071,5,8063.224041330727,23.277,2628.02242211801
9072,5,8064.224041330727,23.268,3378.1437720337763
9073,5,8065.224041330727,23.26,3002.0699535599583
9074,5,8066.224041330727,23.249,4126.672153321803
9075,5,8067.224041330727,23.243,2250.3682807773744
9076,5,8068.224041330727,23.233,3749.7878054481225
9077,5,8069.224041330727,23.225,2999.040084096813
9078,5,8070.224041330727,23.214,4122.504476809978
9079,5,8071.224041330727,23.203,4121.062069590645
9080,5,8072.224041330727,23.192,4119.619178372643
9081,5,8073.224041330727,23.182,3743.8769169272964
9082,5,8074.224041330727,23.168,5239.363980419264
9083,5,8075.224041330727,23.157,4114.932290860818
9084,5,8076.224041330727,23.146,4113.487419642816
9085,5,8077.224041330727,23.133,4859.476068314309
9086,5,8078.224041330727,23.121,4483.802097692707
9087,5,8079.224041330727,23.11,4108.616673202083
9088,5,8080.224041330727,23.098,4480.451910021892
9089,5,8081.224041330727,23.086,4478.679013497989
9090,5,8082.224041330727,23.073,4849.875933808506
9091,5,8083.224041330727,23.063,3729.2762437089273
9092,5,8084.224041330727,23.051,4473.550889303271
9093,5,8085.224041330727,23.039,4471.775712778044
9094,5,8086.224041330727,23.029,3725.161691360822
9095,5,8087.224041330727,23.016,4840.891002780578
9096,5,8088.224041330727,23.005,4094.5097446666095
9097,5,8089.224041330727,22.991,5209.00728607043
9098,5,8090.224041330727,22.98,4091.072583443878
9099,5,8091.224041330727,22.969,4089.620188225876
9100,5,8092.224041330727,22.955,5202.78215623809
9101,5,8093.224041330727,22.946,3343.383690488902
9102,5,8094.224041330727,22.933,4827.613762299385
9103,5,8095.224041330727,22.923,3712.1459363931986
9104,5,8096.224041330727,22.914,3339.959592441097
9105,5,8097.224041330727,22.904,3709.9861112574927
9106,5,8098.224041330727,22.895,3338.01506582028
9107,5,8099.224041330727,22.887,2966.3894004813
9108,5,8100.224041330727,22.882,1853.6957707379615
9109,5,8101.224041330727,22.876,2224.174858099353
9110,5,8102.224041330727,22.873,1112.0059430005606
9112,6,8104.224041330727,22.843,11114.781188204688
9123,6,8115.224041330727,22.842,370.74401032864733
9124,6,8116.224041330727,22.831,4077.6153070363966
9125,6,8117.224041330727,22.822,3335.1806624299716
9126,6,8118.224041330727,22.81,4445.409593448213
9127,6,8119.224041330727,22.795,5554.158186072213
9128,6,8120.224041330727,22.781,5181.222632708722
9129,6,8121.224041330727,22.766,5548.460871157569
9130,6,8122.224041330727,22.755,4067.0493664392925
9131,6,8123.224041330727,22.74,5543.491166405332
9132,6,8124.224041330727,22.728,4432.706624533562
9133,6,8125.224041330727,22.715,4800.049229433118
9134,6,8126.224041330727,22.7,5535.786972555734
9135,6,8127.224041330727,22.687,4795.314128329718
9136,6,8128.224041330727,22.673,5161.7473952077335
9137,6,8129.224041330727,22.658,5527.587825262348
9138,6,8130.224041330727,22.644,5156.415733286172
9139,6,8131.224041330727,22.631,4785.835190125542
9140,6,8132.224041330727,22.616,5519.38111797158
9141,6,8133.224041330727,22.601,5516.3998721529815
9142,6,8134.224041330727,22.585,5880.848760504477
9143,6,8135.224041330727,22.572,4775.710056447448
9144,6,8136.224041330727,22.557,5507.694821418424
9145,6,8137.224041330727,22.543,5137.843259695981
9146,6,8138.224041330727,22.53,4768.584238793011
9147,6,8139.224041330727,22.517,4766.419130068343
9148,6,8140.224041330727,22.502,5496.971191750228
9149,6,8141.224041330727,22.488,5127.8313746723325
9150,6,8142.224041330727,22.473,5491.23802683427
9151,6,8143.224041330727,22.458,5488.247991015672
9152,6,8144.224041330727,22.445,4754.101197661671
9153,6,8145.224041330727,22.433,4386.496374322251
9154,6,8146.224041330727,22.419,5115.2421698244825
9155,6,8147.224041330727,22.407,4382.48957852046
9156,6,8148.224041330727,22.394,4745.6316085841645
9157,6,8149.224041330727,22.379,5472.9781200364205
9158,6,8150.224041330727,22.362,6199.035955165125
9159,6,8151.224041330727,22.348,5102.177176430317
9160,6,8152.224041330727,22.334,5099.607444606116
9161,6,8153.224041330727,22.317,6188.843313380595
9162,6,8154.224041330727,22.304,4730.045202327449
9163,6,8155.224041330727,22.291,4727.868809600187
9164,6,8156.224041330727,22.275,5815.844490015774
9165,6,8157.224041330727,22.259,5812.381047305322
9166,6,8158.224041330727,22.246,4720.062892473121
9167,6,8159.224041330727,22.23,5806.234375394967
9168,6,8160.224041330727,22.214,5802.767956687095
9169,6,8161.224041330727,22.199,5436.966650213242
9170,6,8162.224041330727,22.185,5071.810125906973
9171,6,8163.224041330727,22.169,5793.146226066291
9172,6,8164.224041330727,22.153,5789.675807358416
9173,6,8165.224041330727,22.138,5424.68907021761
9174,6,8166.224041330727,22.121,6144.291467370452
9175,6,8167.224041330727,22.105,5779.258407229648
9176,6,8168.224041330727,22.09,5414.919922599378
9177,6,8169.224041330727,22.073,6133.216502733717
9178,6,8170.224041330727,22.06,4687.494469009242
9179,6,8171.224041330727,22.045,5405.877545142301
9180,6,8172.224041330727,22.03,5402.861619324982
9181,6,8173.224041330727,22.014,5759.703674822574
9182,6,8174.224041330727,21.999,5396.5818409665435
9183,6,8175.224041330727,21.985,5034.106759274235
9184,6,8176.224041330727,21.97,5390.788916050586
9185,6,8177.224041330727,21.956,5028.698405352674
9186,6,8178.224041330727,21.941,5384.992511134628
9187,6,8179.224041330727,21.928,4664.586933098117
9188,6,8180.224041330727,21.914,5020.92335388007
9189,6,8181.224041330727,21.898,5734.9726031811515
9190,6,8182.224041330727,21.884,5015.277861685352
9191,6,8183.224041330727,21.869,5370.6090222053535
9192,6,8184.224041330727,21.856,4652.1175506927475
9193,6,8185.224041330727,21.842,5007.490882214019
9194,6,8186.224041330727,21.83,4290.105315996108
9195,6,8187.224041330727,21.817,4645.520980514839
9196,6,8188.224041330727,21.801,5714.463299756858
9197,6,8189.224041330727,21.786,5354.155624341171
9198,6,8190.224041330727,21.771,5351.1238285238405
9199,6,8191.224041330727,21.757,4991.666400994382
9200,6,8192.224041330726,21.744,4632.809194285661
9201,6,8193.224041330726,21.73,4986.691107619135
9202,6,8194.224041330726,21.717,4628.187875008646
9203,6,8195.224041330726,21.705,4270.236219872115
9204,6,8196.224041330726,21.692,4623.989951380517
9205,6,8197.224041330726,21.679,4621.78345065581
9206,6,8198.224041330726,21.664,5330.034369349904
9207,6,8199.224041330726,21.653,3906.8236657825432
9208,6,8200.224041330726,21.636,6034.651474927627
9209,6,8201.224041330726,21.622,4966.759694118152
9210,6,8202.224041330726,21.608,4964.150034293951
9211,6,8203.224041330726,21.595,4607.250547349542
9212,6,8204.224041330726,21.581,4959.158080918704
9213,6,8205.224041330726,21.568,4602.613758071269
9214,6,8206.224041330726,21.555,4600.400991346557
9215,6,8207.224041330726,21.539,5658.913805393078
9216,6,8208.224041330726,21.526,4595.333188419393
9217,6,8209.224041330726,21.513,4593.118315692168
9218,6,8210.224041330726,21.5,4590.902766967453
9219,6,8211.224041330726,21.486,4941.547472968766
9220,6,8212.224041330726,21.473,4586.2561236904385
9221,6,8213.224041330726,21.46,4584.038520963216
9222,6,8214.224041330726,21.447,4581.820242238498
9223,6,8215.224041330726,21.433,4931.763296491431
9224,6,8216.224041330726,21.42,4577.168034960233
9225,6,8217.224041330726,21.404,5630.3104375357825
9226,6,8218.224041330726,21.391,4572.085672034319
9227,6,8219.224041330726,21.378,4569.863909307101
9228,6,8220.224041330726,21.365,4567.641470582379
9229,6,8221.224041330726,21.35,5267.543773880581
9230,6,8222.224041330726,21.337,4562.76700948029
9231,6,8223.224041330726,21.325,4209.830208615177
9232,6,8224.224041330726,21.312,4558.531125852179
9233,6,8225.224041330726,21.299,4556.305281127455
9234,6,8226.224041330726,21.286,4554.07876040024
9235,6,8227.224041330726,21.273,4551.851563675515
9236,6,8228.224041330726,21.26,4549.6236909483005
9237,6,8229.224041330726,21.247,4547.395142223574
9238,6,8230.224041330726,21.234,4545.1659174963615
9239,6,8231.224041330726,21.22,4892.277396310178
9240,6,8232.224041330726,21.209,3842.1353723455672
9241,6,8233.224041330726,21.194,5236.7009853684
9242,6,8234.224041330726,21.181,4536.02816876741
9243,6,8235.224041330726,21.168,4533.795538042679
9244,6,8236.224041330726,21.154,4880.028634280558
9245,6,8237.224041330726,21.141,4529.114080765664
9246,6,8238.224041330726,21.128,4526.879396038456
9247,6,8239.224041330726,21.115,4524.644035313724
9248,6,8240.224041330726,21.1,5217.915868570611
9249,6,8241.224041330726,21.087,4519.742742211634
9250,6,8242.224041330726,21.074,4517.50530148443
9251,6,8243.224041330726,21.061,4515.267184759695
9252,6,8244.224041330726,21.049,4165.9712925654
9253,6,8245.224041330726,21.036,4511.003299131597
9254,6,8246.224041330726,21.023,4508.763180406859
9255,6,8247.224041330726,21.01,4506.522385679657
9256,6,8248.224041330726,20.997,4504.280914954918
9257,6,8249.224041330726,20.984,4502.038768227719
9258,6,8250.224041330726,20.971,4499.795945502979
9259,6,8251.224041330726,20.958,4497.552446777008
9260,6,8252.224041330726,20.943,5186.64659333595
9261,6,8253.224041330726,20.932,3801.6413240389284
9262,6,8254.224041330726,20.919,4490.817894597871
9263,6,8255.224041330726,20.906,4488.571691873128
9264,6,8256.224041330726,20.895,3796.3026326680574
9265,6,8257.224041330726,20.882,4484.506634070111
9266,6,8258.224041330726,20.869,4482.258455345367
9267,6,8259.224041330726,20.857,4135.492588182948
9268,6,8260.224041330726,20.844,4477.9748357172775
9269,6,8261.224041330726,20.833,3787.3333780769062
9270,6,8262.224041330726,20.821,4129.8561626100145
9271,6,8263.224041330726,20.809,4127.976202087334
9272,6,8264.224041330726,20.8,3094.7948832216894
9273,6,8265.224041330726,20.79,3437.5066787899864
9274,6,8266.224041330726,20.779,3779.805338914583
9275,6,8267.224041330726,20.769,3434.866244692627
9276,6,8268.224041330726,20.757,4120.155258482533
9277,6,8269.224041330726,20.745,4118.27203395985
9278,6,8270.224041330726,20.73,5145.113131713073
9279,6,8271.224041330726,20.719,3771.173618180027
9280,6,8272.224041330726,20.707,4112.221837634156
9281,6,8273.224041330726,20.694,4452.756730957309
9282,6,8274.224041330726,20.681,4450.498256230122
9283,6,8275.224041330726,20.67,3764.076682663473
9284,6,8276.224041330726,20.66,3420.563396282524
9285,6,8277.224041330726,20.648,4102.986848391632
9286,6,8278.224041330726,20.635,4442.749000276692
9287,6,8279.224041330726,20.621,4781.947338688957
9288,6,8280.224041330726,20.611,3414.101976720806
9289,6,8281.224041330726,20.596,5118.665986066922
9290,6,8282.224041330726,20.585,3751.7729507061854
9291,6,8283.224041330726,20.572,4431.864474298205
9292,6,8284.224041330726,20.56,4088.96043921634
9293,6,8285.224041330726,20.546,4768.013872200949
9294,6,8286.224041330726,20.53,5445.8390195466145
9295,6,8287.224041330726,20.519,3742.0048563993823
9296,6,8288.224041330726,20.506,4420.317086842072
9297,6,8289.224041330726,20.491,5097.49977033673
9298,6,8290.224041330726,20.478,4415.348453739984
9299,6,8291.224041330726,20.465,4413.0786170152205
9300,6,8292.224041330726,20.451,4749.98494425101
9301,6,8293.224041330726,20.44,3730.300467014342
9302,6,8294.224041330726,20.429,3728.743065797544
9303,6,8295.224041330726,20.416,4404.63953758536
9304,6,8296.224041330726,20.405,3725.261777502518
9305,6,8297.224041330726,20.393,4062.1217572586856
9306,6,8298.224041330726,20.38,4398.465354883878
9307,6,8299.224041330726,20.366,4734.242559032644
9308,6,8300.224041330726,20.352,4731.559315208442
9309,6,8301.224041330726,20.34,4053.5209042781125
9310,6,8302.224041330726,20.327,4389.145086153723
9311,6,8303.224041330726,20.316,3712.147281830792
9312,6,8304.224041330726,20.303,4385.020592351933
9313,6,8305.224041330726,20.293,3371.588751819149
9314,6,8306.224041330726,20.28,4381.109564375218
9315,6,8307.224041330726,20.269,3705.345904172054
9316,6,8308.224041330726,20.254,5050.112442401671
9317,6,8309.224041330726,20.243,3701.485106020412
9318,6,8310.224041330726,20.231,4036.176094184796
9319,6,8311.224041330726,20.218,4370.349116221789
9320,6,8312.224041330726,20.207,3696.238225578483
9321,6,8313.224041330726,20.195,4030.4505326142807
9322,6,8314.224041330726,20.182,4364.1445135191025
9323,6,8315.224041330726,20.174,2684.5534512952468
9324,6,8316.224041330726,20.162,4025.3185551735464
9325,6,8317.224041330726,20.152,3353.005700021402
9326,6,8318.224041330726,20.142,3351.745195214327
9327,6,8319.224041330726,20.128,4690.2121300212175
9328,6,8320.224041330726,20.116,4018.069155831917
9329,6,8321.224041330726,20.107,3012.3413515301263
9330,6,8322.224041330726,20.095,4014.8406109150865
9331,6,8323.224041330726,20.084,3678.607006322643
9332,6,8324.224041330726,20.073,3677.034513104641
9333,6,8325.224041330726,20.062,3675.4615358866395
9334,6,8326.224041330726,20.05,4007.777984950449
9335,6,8327.224041330726,20.037,4339.574591883283
9336,6,8328.224041330726,20.026,3670.1900374459055
9337,6,8329.224041330726,20.014,4002.0255673787387
9338,6,8330.224041330726,20.001,4333.340895179412
9339,6,8331.224041330726,19.991,3331.823118609505
9340,6,8332.224041330726,19.978,4329.398615202696
9341,6,8333.224041330726,19.967,3661.5769776414418
9342,6,8334.224041330726,19.955,3992.626706136214
9343,6,8335.224041330726,19.942,4323.1556365000115
9344,6,8336.224041330726,19.932,3323.9859742407334
9345,6,8337.224041330726,19.918,4651.337292658195
9346,6,8338.224041330726,19.905,4316.690247972253
9347,6,8339.224041330726,19.892,4314.389289247462
9348,6,8340.224041330726,19.882,3317.240710198223
9349,6,8341.224041330726,19.869,4310.435959270746
9350,6,8342.224041330726,19.858,3645.526879389149
9351,6,8343.224041330726,19.846,3975.1124080440927
9352,6,8344.224041330726,19.833,4304.17605456806
9353,6,8345.224041330726,19.823,3309.3820458294545
9354,6,8346.224041330726,19.813,3308.109361022364
9355,6,8347.224041330726,19.803,3306.8362762129227
9356,6,8348.224041330726,19.795,2644.5838047086218
9357,6,8349.224041330726,19.783,3965.3470692936003
9358,6,8350.224041330726,19.77,4293.593349588359
9359,6,8351.224041330726,19.757,4291.284824861216
9360,6,8352.224041330726,19.746,3629.3169693524833
9361,6,8353.224041330726,19.734,3957.4234218198235
9362,6,8354.224041330726,19.721,4285.006824159703
9363,6,8355.224041330726,19.71,3624.0032309105777
9364,6,8356.224041330726,19.698,3951.624924249285
9365,6,8357.224041330726,19.685,4278.723207457016
9366,6,8358.224041330726,19.677,2631.9713177185904
9367,6,8359.224041330726,19.665,3946.4231068085505
9368,6,8360.224041330726,19.653,3944.4874662846473
9369,6,8361.224041330726,19.643,3285.6265992806684
9370,6,8362.224041330726,19.63,4269.325122077912
9371,6,8363.224041330726,19.62,3282.565436221657
9372,6,8364.224041330726,19.609,3609.321594090742
9373,6,8365.224041330726,19.596,4263.461911025375
9374,6,8366.224041330726,19.586,3278.0539038747174
9375,6,8367.224041330726,19.573,4259.477641047494
9376,6,8368.224041330726,19.562,3602.3949264320067
9377,6,8369.224041330726,19.552,3273.5382915266123
9378,6,8370.224041330726,19.539,4253.605563994959
9379,6,8371.224041330726,19.528,3597.4247058502533
9380,6,8372.224041330726,19.516,3922.621385636751
9381,6,8373.224041330726,19.503,4247.292775292274
9382,6,8374.224041330726,19.492,3592.081531408358
9383,6,8375.224041330726,19.48,3916.7907760650414
9384,6,8376.224041330726,19.465,4893.180679344562
9385,6,8377.224041330726,19.454,3586.365007109806
9386,6,8378.224041330726,19.442,3910.5528277393473
9387,6,8379.224041330726,19.432,3257.339553827416
9388,6,8380.224041330726,19.422,3256.0522490179924
9389,6,8381.224041330726,19.41,3905.5163036756053
9390,6,8382.224041330726,19.401,2927.9024754128923
9391,6,8383.224041330726,19.389,3902.2231267587745
9392,6,8384.224041330726,19.378,3575.3433475127013
9393,6,8385.224041330726,19.366,3898.5254430879595
9394,6,8386.224041330726,19.353,4221.180712531088
9395,6,8387.224041330726,19.339,4543.258616501299
9396,6,8388.224041330726,19.328,3567.822049067238
9397,6,8389.224041330726,19.318,3242.0995230120275
9398,6,8390.224041330726,19.304,4536.661260940794
9399,6,8391.224041330726,19.292,3886.412197189405
9400,6,8392.224041330726,19.282,3237.2165017034204
9401,6,8393.224041330726,19.271,3559.42363111941
9402,6,8394.224041330726,19.26,3557.8163119014084
9403,6,8395.224041330726,19.246,4525.73095709767
9404,6,8396.224041330726,19.234,3877.0404133238753
9405,6,8397.224041330726,19.222,3875.08377280112
9406,6,8398.224041330726,19.21,3873.126556277217
9407,6,8399.224041330726,19.198,3871.168763753313
9408,6,8400.224041330726,19.187,3546.868598091032
9409,6,8401.224041330726,19.175,3867.4530800824987
9410,6,8402.224041330726,19.165,3221.412697446704
9411,6,8403.224041330726,19.154,3542.034562437026
9412,6,8404.224041330726,19.142,3862.177966641764
9413,6,8405.224041330726,19.129,4181.792280714383
9414,6,8406.224041330726,19.118,3536.641359997435
9415,6,8407.224041330726,19.105,4177.541218912594
9416,6,8408.224041330726,19.092,4175.196138187765
9417,6,8409.224041330726,19.077,4814.575086502329
9418,6,8410.224041330726,19.066,3528.7029316941503
9419,6,8411.224041330726,19.054,3847.630325466473
9420,6,8412.224041330726,19.043,3525.2854923280975
9421,6,8413.224041330726,19.031,3843.901105795658
9422,6,8414.224041330726,19.023,2561.5590533501136
9423,6,8415.224041330726,19.014,2880.8088917409805
9424,6,8416.224041330726,19.003,3519.555483171727
9425,6,8417.224041330726,18.993,3198.2084467445225
9426,6,8418.224041330726,18.983,3196.9047619351204
9427,6,8419.224041330726,18.971,3834.518751176142
9428,6,8420.224041330726,18.957,4471.071604154076
9429,6,8421.224041330726,18.945,3830.1748033743515
9430,6,8422.224041330726,18.933,3828.204026850448
9431,6,8423.224041330726,18.92,4144.9758952737975
9432,6,8424.224041330726,18.907,4142.620596548961
9433,6,8425.224041330726,18.897,3185.0716965851657
9434,6,8426.224041330726,18.885,3820.315160753704
9435,6,8427.224041330726,18.871,4454.4957926636835
9436,6,8428.224041330726,18.861,3180.1374952742767
9437,6,8429.224041330726,18.847,4449.8885221067785
9438,6,8430.224041330726,18.834,4129.570537318513
9439,6,8431.224041330726,18.821,4127.210636591415
9440,6,8432.224041330726,18.81,3490.443251893366
9441,6,8433.224041330726,18.797,4122.927334789625
9442,6,8434.224041330726,18.785,3803.7000950556403
9443,6,8435.224041330726,18.774,3485.004377451505
9444,6,8436.224041330726,18.762,3799.945267384826
9445,6,8437.224041330726,18.751,3481.561440086592
9446,6,8438.224041330726,18.738,4112.427554111349
9447,6,8439.224041330726,18.727,3477.93081579277
9448,6,8440.224041330726,18.715,3792.2264226662046
9449,6,8441.224041330726,18.706,2842.9114036558417
9450,6,8442.224041330726,18.695,3473.223835067673
9451,6,8443.224041330726,18.686,2840.5454210009625
9452,6,8444.224041330726,18.675,3470.331198489488
9453,6,8445.224041330726,18.663,3783.9333030626235
9454,6,8446.224041330726,18.651,3781.94884653872
9455,6,8447.224041330726,18.64,3465.0597489776637
9456,6,8448.224041330726,18.627,4092.919549528066
9457,6,8449.224041330726,18.617,3146.82900195259
9458,6,8450.224041330726,18.606,3459.969584394749
9459,6,8451.224041330726,18.595,3458.3338411778636
9460,6,8452.224041330726,18.584,3456.6976139587446
9461,6,8453.224041330726,18.574,3141.0489892770465
9462,6,8454.224041330726,18.564,3139.729724469896
9463,6,8455.224041330726,18.555,2824.645150711504
9464,6,8456.224041330726,18.545,3137.2591193330754
9465,6,8457.224041330726,18.533,3762.923436053671
9466,6,8458.224041330726,18.522,3447.6144103674837
9467,6,8459.224041330726,18.512,3132.789031465798
9468,6,8460.224041330726,18.502,3131.4673266586447
9469,6,8461.224041330726,18.491,3443.066670570183
9470,6,8462.224041330726,18.483,2503.0581736330228
9471,6,8463.224041330726,18.471,3752.99977468017
9472,6,8464.224041330726,18.464,2188.3828047663055
9473,6,8465.224041330726,18.457,2187.8117578091446
9474,6,8466.224041330726,18.447,3124.3753202131797
9475,6,8467.224041330726,18.44,2186.3134524873085
9476,6,8468.224041330726,18.434,1873.5437598002463
9477,6,8469.224041330726,18.426,2497.4047853084385
9478,6,8470.224041330726,18.418,2496.615476630039
9479,6,8471.224041330726,18.408,3119.6129654598326
9480,6,8472.224041330726,18.396,3741.740803405775
9481,6,8473.224041330726,18.387,2805.0353992105192
9482,6,8474.224041330726,18.376,3426.9168827456174
9483,6,8475.224041330726,18.366,3113.9668172662223
9484,6,8476.224041330726,18.36,1867.7868248515442
9485,6,8477.224041330726,18.349,3423.0945906650672
9486,6,8478.224041330726,18.339,3110.490836283903
9487,6,8479.224041330726,18.33,2798.3219973441132
9488,6,8480.224041330726,18.32,3108.002111147093
9489,6,8481.224041330726,18.311,2796.0814607219786
9490,6,8482.224041330726,18.301,3105.511866012491
9491,6,8483.224041330726,18.293,2483.480804547379
9492,6,8484.224041330726,18.284,2792.9471648378917
9493,6,8485.224041330726,18.272,3722.2302006587734
9494,6,8486.224041330726,18.265,2170.428174586053
9495,6,8487.224041330726,18.255,3099.534219894466
9496,6,8488.224041330726,18.247,2478.6972316529605
9497,6,8489.224041330726,18.236,3406.83596769832
9498,6,8490.224041330726,18.223,4024.086018197919
9499,6,8491.224041330726,18.21,4021.6899514708502
9500,6,8492.224041330726,18.2,3092.018773449001
9501,6,8493.224041330726,18.188,3708.6172369914498
9502,6,8494.224041330726,18.178,3089.0095148697173
9503,6,8495.224041330726,18.17,2470.275227634042
9504,6,8496.224041330726,18.16,3086.6781942159355
9505,6,8497.224041330726,18.153,2159.9178762903457
9506,6,8498.224041330726,18.144,2776.1403422537373
9507,6,8499.224041330726,18.137,2158.522432103992
9508,6,8500.224041330726,18.129,2466.1530006629296
9509,6,8501.224041330726,18.125,1232.8135055780283
9510,6,8502.224041330726,18.12,1540.8155518898543
9511,6,8503.224041330726,18.115,1540.5716156888825
9512,6,8504.224041330726,18.108,2156.339552143212
9513,6,8505.224041330726,18.105,923.9990346261638
9514,6,8506.224041330726,18.101,1231.9053905620924
9515,6,8507.224041330726,18.096,1539.6799431199352
9516,6,8508.224041330726,18.092,1231.5824464311165
9517,6,8509.224041330726,18.086,1847.080244203648
9518,6,8510.224041330726,18.08,1846.6845760726721
9519,6,8511.224041330726,18.071,2769.2033428623354
9520,6,8512.224041330726,18.062,2768.149721568733
9521,6,8513.224041330726,18.052,3074.465730286659
9522,6,8514.224041330726,18.047,1536.7748683396837
9523,6,8515.224041330726,18.042,1536.5296021376173
9524,6,8516.224041330726,18.038,1229.0614536452608
9525,6,8517.224041330726,18.035,921.7254685288049
9526,6,8518.224041330726,18.032,921.6803594960609
9527,6,8519.224041330726,18.026,1843.1170828938898
9528,6,8520.224041330726,18.021,1535.642580088938
9529,6,8521.224041330726,18.014,2149.436158305914
9530,6,8522.224041330726,18.008,1841.9253265009622
9531,6,8523.224041330726,18.002,1841.5277863699864
9532,6,8524.224041330726,17.994,2454.703748733656
9533,6,8525.224041330726,17.989,1533.8156833957125
9534,6,8526.224041330726,17.981,2453.50623013306
9535,6,8527.224041330726,17.971,3065.707587339702
9536,6,8528.224041330726,17.963,2451.6256216091565
9537,6,8529.224041330726,17.953,3063.3561066848224
9538,6,8530.224041330726,17.947,1837.410258502708
9539,6,8531.224041330726,17.942,1530.8854980962876
9540,6,8532.224041330726,17.936,1836.7148049292523
9541,6,8533.224041330726,17.931,1530.3057334517414
9542,6,8534.224041330726,17.928,918.0862196942704
9543,6,8535.224041330726,17.923,1529.9815855295221
9544,6,8536.224041330726,17.916,2141.5081339201197
9545,6,8537.224041330726,17.91,1835.1275310283572
9546,6,8538.224041330726,17.904,1834.7277348973814
9547,6,8539.224041330726,17.899,1528.6491917585158
9548,6,8540.224041330726,17.892,2139.6421106433195
9549,6,8541.224041330726,17.885,2139.055607686183
9550,6,8542.224041330726,17.881,1222.0847402493473
9551,6,8543.224041330726,17.874,2138.2408291849038
9552,6,8544.224041330726,17.868,1832.3259341115263
9553,6,8545.224041330726,17.864,1221.3517817786412
9554,6,8546.224041330726,17.859,1526.483807141984
9555,6,8547.224041330726,17.855,1221.02223764875
9556,6,8548.224041330726,17.851,1220.8915504794275
9557,6,8549.224041330726,17.843,2441.2480234498025
9558,6,8550.224041330726,17.837,1830.4319627681512
9559,6,8551.224041330726,17.828,2744.814648906647
9560,6,8552.224041330726,17.822,1829.3207224407115
9561,6,8553.224041330726,17.817,1524.1417580446255
9562,6,8554.224041330726,17.814,914.38667045
9563,6,8555.224041330726,17.808,1828.5251448017682
9564,6,8556.224041330726,17.804,1218.8170022398863
9565,6,8557.224041330726,17.798,1827.9257419168082
9566,6,8558.224041330726,17.791,2132.0504478477937
9567,6,8559.224041330726,17.781,3044.6871759826417
9568,6,8560.224041330726,17.775,1826.203956081401
9569,6,8561.224041330726,17.768,2130.041102706486
9570,6,8562.224041330726,17.761,2129.450805751517
9571,6,8563.224041330726,17.752,2736.951978418106
9572,6,8564.224041330726,17.747,1520.1069462156947
9573,6,8565.224041330726,17.738,2735.432775959691
9574,6,8566.224041330726,17.732,1823.0638004760742
9575,6,8567.224041330726,17.723,2733.7583554685316
9576,6,8568.224041330726,17.716,2125.5450426043985
9577,6,8569.224041330726,17.708,2428.449539521608
9578,6,8570.224041330726,17.698,3034.3735240729534
9579,6,8571.224041330726,17.692,1820.0137129362354
9580,6,8572.224041330726,17.685,2122.8169893715394
9581,6,8573.224041330726,17.677,2425.33078839603
9582,6,8574.224041330726,17.668,2727.503538667614
9583,6,8575.224041330726,17.662,1817.7759922813561
9584,6,8576.224041330726,17.652,3028.60775795493
9585,6,8577.224041330726,17.645,2119.251938908393
9586,6,8578.224041330726,17.636,2723.834901619807
9587,6,8579.224041330726,17.628,2420.3020527476274
9588,6,8580.224041330726,17.622,1814.7173847415174
9589,6,8581.224041330726,17.619,907.2327493216427
9590,6,8582.224041330726,17.615,1209.5443274893912
9591,6,8583.224041330726,17.61,1511.7203342790733
9592,6,8584.224041330726,17.604,1813.7091923485898
9593,6,8585.224041330726,17.598,1813.302340217614
9594,6,8586.224041330726,17.59,2417.0564125304986
9595,6,8587.224041330726,17.58,3020.1266953364884
9596,6,8588.224041330726,17.571,2716.9619694903777
9597,6,8589.224041330726,17.564,2112.476706845523
9598,6,8590.224041330726,17.555,2715.120702967547
9599,6,8591.224041330726,17.549,1809.5179724813115
9600,6,8592.224041330726,17.542,2110.568136839722
9601,6,8593.224041330726,17.534,2411.3274117905376
9602,6,8594.224041330726,17.525,2711.744105985228
9603,6,8595.224041330726,17.517,2409.550726850225
9604,6,8596.224041330726,17.508,2709.744723428581
9605,6,8597.224041330726,17.5,2407.7729539109832
9606,6,8598.224041330726,17.492,2406.952445233693
9607,6,8599.224041330726,17.485,2105.4254150558095
9608,6,8600.224041330726,17.475,3006.6383248486236
9609,6,8601.224041330726,17.466,2704.818323053335
9610,6,8602.224041330726,17.459,2103.028722504765
9611,6,8603.224041330726,17.449,3003.2134483471327
9612,6,8604.224041330726,17.44,2701.734953201992
9613,6,8605.224041330726,17.434,1800.5914993042747
9614,6,8606.224041330726,17.425,2700.0392747108326
9615,6,8607.224041330726,17.422,899.8078085047896
9616,6,8608.224041330726,17.418,1199.6421024002507
9692,6,8684.224041330726,17.411,2117.239873947919
9693,6,8685.224041330726,17.403,2418.9391181999113
9694,6,8686.224041330726,17.396,2115.90337289924
9695,6,8687.224041330726,17.385,3323.6537331965324
9696,6,8688.224041330726,17.376,2718.1022031063794
9697,6,8689.224041330726,17.369,2113.34962521269
9698,6,8690.224041330726,17.36,2716.225116582476
9699,6,8691.224041330726,17.351,2715.1296992877806
9700,6,8692.224041330726,17.341,3015.506364417856
9701,6,8693.224041330726,17.332,2712.7814146656456
9702,6,8694.224041330726,17.325,2109.2100582032294
9703,6,8695.224041330726,17.315,3012.0256079163646
9704,6,8696.224041330726,17.307,2408.6453500724238
9705,6,8697.224041330726,17.298,2708.7069415523506
9706,6,8698.224041330726,17.287,3309.108863163424
9707,6,8699.224041330726,17.277,3006.799797644954
9708,6,8700.224041330726,17.27,2103.966479691404
9709,6,8701.224041330726,17.26,3004.532661470902
9710,6,8702.224041330726,17.25,3003.137516663703
9711,6,8703.224041330726,17.239,3301.820433575779
9712,6,8704.224041330726,17.229,3000.1719425663437
9713,6,8705.224041330726,17.219,2998.775577757012
9714,6,8706.224041330726,17.209,2997.378812949811
9715,6,8707.224041330726,17.2,2696.461848343443
9716,6,8708.224041330726,17.19,2994.758247813041
9717,6,8709.224041330726,17.178,3591.8233422295893
9718,6,8710.224041330726,17.169,2692.53058632838
9719,6,8711.224041330726,17.159,2990.388988908479
9720,6,8712.224041330726,17.149,2988.989824099151
9721,6,8713.224041330726,17.138,3286.253439755944
9722,6,8714.224041330726,17.128,2986.016010002854
9723,6,8715.224041330726,17.118,2984.6156251945868
9724,6,8716.224041330726,17.113,1491.8253257936635
9725,6,8717.224041330726,17.105,2386.2877779697756
9726,6,8718.224041330726,17.097,2385.4455892924852
9727,6,8719.224041330726,17.088,2682.60006467612
9728,6,8720.224041330726,17.078,2979.351745961522
9729,6,8721.224041330726,17.069,2680.2327360539844
9730,6,8722.224041330726,17.057,3571.8554116135633
9731,6,8723.224041330726,17.049,2380.1142332287436
9732,6,8724.224041330726,17.039,2973.9134912082263
9733,6,8725.224041330726,17.031,2378.147064705897
9734,6,8726.224041330726,17.022,2674.3869655150183
9735,6,8727.224041330726,17.01,3564.0586628938872
9736,6,8728.224041330726,17.0,2968.4689964570443
9737,6,8729.224041330726,16.99,2967.0632516487776
9738,6,8730.224041330726,16.982,2372.665369056438
9739,6,8731.224041330726,16.974,2371.819548379148
9740,6,8732.224041330726,16.967,2074.662913308073
9741,6,8733.224041330726,16.958,2666.471630419405
9742,6,8734.224041330726,16.954,1184.7800227577736
9743,6,8735.224041330726,16.946,2368.992760008632
9744,6,8736.224041330726,16.935,3255.912074188414
9745,6,8737.224041330726,16.927,2366.8790439000677
9746,6,8738.224041330726,16.919,2366.0314472227774
9747,6,8739.224041330726,16.909,2956.3047087018203
9748,6,8740.224041330726,16.901,2364.0557986988742
9749,6,8741.224041330726,16.893,2363.207402021584
9750,6,8742.224041330726,16.883,2952.7735922003276
9751,6,8743.224041330726,16.875,2361.230057497681
9752,6,8744.224041330726,16.864,3245.235124234805
9753,6,8745.224041330726,16.856,2359.1116373891173
9754,6,8746.224041330726,16.85,1768.801365222628
9755,6,8747.224041330726,16.841,2652.324526588362
9756,6,8748.224041330726,16.833,2356.701570942954
9757,6,8749.224041330726,16.823,2944.638843349683
9758,6,8750.224041330726,16.813,2943.2253585424633
9759,6,8751.224041330726,16.803,2941.8114737331516
9760,6,8752.224041330726,16.793,2940.3971889259305
9761,6,8753.224041330726,16.787,1763.5995798473814
9762,6,8754.224041330726,16.781,1763.1707557164057
9763,6,8755.224041330726,16.775,1762.7417875854298
9764,6,8756.224041330726,16.771,1174.945166761271
9765,6,8757.224041330726,16.769,587.4345886931831
10417,6,9409.224041330726,16.768,315.55714667337315
10418,6,9410.224041330726,16.754,4416.293424388635
10419,6,9411.224041330726,16.741,4097.976340437373
10420,6,9412.224041330726,16.729,3780.325663960216
10421,6,9413.224041330726,16.716,4092.7286148093895
10422,6,9414.224041330726,16.703,4089.9813920845377
10423,6,9415.224041330726,16.694,2829.9621357750075
10424,6,9416.224041330726,16.682,3771.3107232415946
10425,6,9417.224041330726,16.669,4082.9599070308846
10426,6,9418.224041330726,16.655,4393.9405713460665
10427,6,9419.224041330726,16.642,4077.2147377549854
10428,6,9420.224041330726,16.627,4701.021504465657
10429,6,9421.224041330726,16.617,3131.9917202993634
10430,6,9422.224041330726,16.604,4069.20416340215
10431,6,9423.224041330726,16.59,4379.122983590845
10432,6,9424.224041330726,16.579,3438.5129594956475
10433,6,9425.224041330726,16.567,3748.901712887521
10434,6,9426.224041330726,16.553,4370.751563484027
10435,6,9427.224041330726,16.542,3431.933776126005
10436,6,9428.224041330726,16.53,3741.7227059388197
10437,6,9429.224041330726,16.516,4362.373927378316
10438,6,9430.224041330726,16.504,3736.631974135922
10439,6,9431.224041330726,16.492,3734.3120216131256
10440,6,9432.224041330726,16.479,4042.8681652678215
10441,6,9433.224041330726,16.467,3729.4439911883264
10442,6,9434.224041330726,16.453,4348.045176168302
10443,6,9435.224041330726,16.441,3724.3471153865357
10444,6,9436.224041330726,16.43,3411.959325088167
10445,6,9437.224041330726,16.418,3719.927223715721
10446,6,9438.224041330726,16.405,4027.2807602111984
10447,6,9439.224041330726,16.392,4024.517001486329
10448,6,9440.224041330726,16.38,3712.500267390027
10449,6,9441.224041330726,16.368,3710.174458866124
10450,6,9442.224041330726,16.353,4634.385192844818
10451,6,9443.224041330726,16.341,3704.8412016873417
10452,6,9444.224041330726,16.331,3085.6168787840575
10453,6,9445.224041330726,16.319,3700.6387793935187
10454,6,9446.224041330726,16.305,4314.430583741029
10455,6,9447.224041330726,16.293,3695.527311591728
10456,6,9448.224041330726,16.281,3693.197399067825
10457,6,9449.224041330726,16.268,3998.3163131759825
10458,6,9450.224041330726,16.255,3995.545274451105
10459,6,9451.224041330726,16.244,3378.708631311044
10460,6,9452.224041330726,16.231,3990.4926846482235
10461,6,9453.224041330726,16.219,3681.085441694325
10462,6,9454.224041330726,16.205,4291.612644426393
10463,6,9455.224041330726,16.194,3369.737840865581
10464,6,9456.224041330726,16.181,3979.888293394495
10465,6,9457.224041330726,16.168,3977.112626669613
10466,6,9458.224041330726,16.156,3668.7316069438316
10467,6,9459.224041330726,16.143,3971.8052050416613
10468,6,9460.224041330726,16.129,4274.204903665353
10469,6,9461.224041330726,16.118,3356.057008269561
10470,6,9462.224041330726,16.106,3658.928490093151
10471,6,9463.224041330726,16.092,4265.756427559618
10472,6,9464.224041330726,16.08,3653.7961902924435
10473,6,9465.224041330726,16.065,4563.894402127735
10474,6,9466.224041330726,16.053,3648.434205113662
10475,6,9467.224041330726,16.041,3646.0930605897584
10476,6,9468.224041330726,16.027,4250.7781198033135
10477,6,9469.224041330726,16.015,3640.954520787968
10478,6,9470.224041330726,16.002,3941.7061207072247
10479,6,9471.224041330726,15.991,3333.1415782970007
10480,6,9472.224041330726,15.977,4239.312814145451
10481,6,9473.224041330726,15.965,3631.1246679383703
10482,6,9474.224041330726,15.952,3931.054513452956
10483,6,9475.224041330726,15.94,3626.2061415135718
10484,6,9476.224041330726,15.928,3623.859692989132
10485,6,9477.224041330726,15.916,3621.5126684657653
10486,6,9478.224041330726,15.903,3920.638940024301
10487,6,9479.224041330726,15.892,3315.311212335519
10488,6,9480.224041330726,15.878,4216.614049102884
10489,6,9481.224041330726,15.868,3009.9093841607882
10490,6,9482.224041330726,15.857,3309.0591348236935
10491,6,9483.224041330726,15.844,3908.1599093448995
10492,6,9484.224041330726,15.829,4505.907420915659
10493,6,9485.224041330726,15.818,3301.9677375962315
10494,6,9486.224041330726,15.804,4199.627272889247
10495,6,9487.224041330726,15.792,3597.099969718764
10496,6,9488.224041330726,15.781,3295.2886742260553
10497,6,9489.224041330726,15.769,3592.620222047949
10498,6,9490.224041330726,15.759,2992.077835750688
10499,6,9491.224041330726,15.748,3289.439954572581
10500,6,9492.224041330726,15.735,3884.9679634117683
10501,6,9493.224041330726,15.721,4180.663976217195
10502,6,9494.224041330726,15.711,2984.2245006710104
10503,6,9495.224041330726,15.698,3877.0613948840087
10504,6,9496.224041330726,15.685,3874.259988158039
10505,6,9497.224041330726,15.672,3871.4579054320693
10506,6,9498.224041330726,15.662,2976.1735211105065
10507,6,9499.224041330726,15.651,3271.9412264683797
10508,6,9500.224041330726,15.639,3567.144123038996
10509,6,9501.224041330726,15.625,4158.647757994099
10510,6,9502.224041330726,15.615,2968.4947905116555
10511,6,9503.224041330726,15.604,3263.4926648096425
10512,6,9504.224041330726,15.597,2075.789060194823
10513,6,9505.224041330726,15.585,3556.7027526809047
10514,6,9506.224041330726,15.577,2369.86362860785
10515,6,9507.224041330726,15.565,3552.887653141592
10516,6,9508.224041330726,15.554,3254.7506633636526
10517,6,9509.224041330726,15.543,3252.791740146176
10518,6,9510.224041330726,15.533,2955.3972230838735
10519,6,9511.224041330726,15.523,2953.8057382756074
10520,6,9512.224041330726,15.513,2952.2138534673413
10521,6,9513.224041330726,15.502,3245.579080060371
10522,6,9514.224041330726,15.492,2948.8385993699826
10523,6,9515.224041330726,15.481,3241.8653765537997
10524,6,9516.224041330726,15.471,2945.4616652726236
10525,6,9517.224041330726,15.46,3238.149825046182
10526,6,9518.224041330726,15.45,2942.083051175787
10527,6,9519.224041330726,15.439,3234.432425539087
10528,6,9520.224041330726,15.432,2057.29185465935
10529,6,9521.224041330726,15.422,2937.6784657121198
10530,6,9522.224041330726,15.414,2349.018404308057
10531,6,9523.224041330726,15.404,2934.8671850572405
10532,6,9524.224041330726,15.393,3226.492805809261
10533,6,9525.224041330726,15.383,2931.4829509604024
10534,6,9526.224041330726,15.372,3222.7692243021665
10535,6,9527.224041330726,15.363,2635.373078192799
10536,6,9528.224041330726,15.353,2926.6892965350835
10537,6,9529.224041330726,15.343,2925.0906117268173
10538,6,9530.224041330726,15.335,2338.9457051192944
10539,6,9531.224041330726,15.326,2630.1317429812725
10540,6,9532.224041330726,15.315,3212.8456453548574
10541,6,9533.224041330726,15.308,2043.5514387236003
10542,6,9534.224041330726,15.297,3209.744194633972
10543,6,9535.224041330726,15.29,2041.5772842657032
10544,6,9536.224041330726,15.28,2915.2236894347407
10545,6,9537.224041330726,15.274,1748.4020601529803
10546,6,9538.224041330726,15.264,2912.782857741515
10547,6,9539.224041330726,15.257,2038.0265987580904
10548,6,9540.224041330726,15.247,2910.1499415674625
10549,6,9541.224041330726,15.238,2617.777934099804
10550,6,9542.224041330726,15.23,2325.8598567298604
10551,6,9543.224041330726,15.222,2324.882068053086
10552,6,9544.224041330726,15.212,2904.6891447385315
10553,6,9545.224041330726,15.205,2032.359557656002
10554,6,9546.224041330726,15.197,2321.7944264365537
10555,6,9547.224041330726,15.186,3190.8063885250435
10556,6,9548.224041330726,15.179,2029.5227611049577
10557,6,9549.224041330726,15.17,2608.2846038732146
10558,6,9550.224041330726,15.159,3186.1361944444934
10559,6,9551.224041330726,15.153,1737.1002188449677
10560,6,9552.224041330726,15.143,2893.9417955614954
10561,6,9553.224041330726,15.136,2024.8344952325908
10562,6,9554.224041330726,15.126,2891.2992793874428
10563,6,9555.224041330726,15.121,1445.084307890365
10564,6,9556.224041330726,15.111,2889.0376521750436
10565,6,9557.224041330726,15.103,2310.095737478391
10566,6,9558.224041330726,15.093,2886.201331520165
10567,6,9559.224041330726,15.082,3172.94543991848
10568,6,9560.224041330726,15.073,2594.5970036970507
10569,6,9561.224041330726,15.063,2881.3704770953664
10570,6,9562.224041330726,15.054,2591.8695130749156
10571,6,9563.224041330726,15.047,2015.0382480765793
10572,6,9564.224041330726,15.038,2589.6571225510124
10573,6,9565.224041330726,15.029,2588.3783212563167
10574,6,9566.224041330726,15.021,2299.7202595356534
10575,6,9567.224041330726,15.013,2298.7360548588736
10576,6,9568.224041330726,15.002,3159.092690605739
10577,6,9569.224041330726,14.996,1722.3454967511002
10578,6,9570.224041330726,14.986,2869.3445720717173
10579,6,9571.224041330726,14.978,2294.3372573957276
10580,6,9572.224041330726,14.969,2579.9345402916792
10581,6,9573.224041330726,14.96,2578.6532009964744
10582,6,9574.224041330726,14.949,3149.9101353740566
10583,6,9575.224041330726,14.94,2575.744842342104
10584,6,9576.224041330726,14.93,2860.418121145427
10585,6,9577.224041330726,14.921,2573.007433719969
10586,6,9578.224041330726,14.912,2571.724420424766
10587,6,9579.224041330726,14.905,1999.366062682922
10588,6,9580.224041330726,14.895,2854.9067643164954
10589,6,9581.224041330726,14.887,2282.784115191042
10590,6,9582.224041330726,14.878,2566.934087311979
10591,6,9583.224041330726,14.869,2565.6494900172834
10592,6,9584.224041330726,14.859,2849.1981230067377
10593,6,9585.224041330726,14.85,2562.906789395148
10594,6,9586.224041330726,14.844,1707.9200200997122
10595,6,9587.224041330726,14.837,1991.908777395068
10596,6,9588.224041330726,14.831,1706.7805851492647
10597,6,9589.224041330726,14.826,1421.938086968444
10598,6,9590.224041330726,14.82,1705.870691575809
10599,6,9591.224041330726,14.811,2557.7780361181335
10600,6,9592.224041330726,14.803,2272.512982079495
10601,6,9593.224041330726,14.795,2271.521961402709
10602,6,9594.224041330726,14.784,3121.663082103519
10603,6,9595.224041330726,14.777,1985.5109252008544
10604,6,9596.224041330726,14.767,2835.108430770689
10605,6,9597.224041330726,14.758,2550.222358382704
10606,6,9598.224041330726,14.75,2265.795160092447
10607,6,9599.224041330726,14.741,2547.8164458260567
10608,6,9600.224041330726,14.735,1697.8572230536513
10609,6,9601.224041330726,14.729,1697.3427909226755
10610,6,9602.224041330726,14.724,1414.071523446288
10611,6,9603.224041330726,14.716,2261.7513262144657
10612,6,9604.224041330726,14.711,1413.1175043209153
10613,6,9605.224041330726,14.702,2542.6660925490423
10614,6,9606.224041330726,14.699,847.2977791175261
10615,6,9607.224041330726,14.698,282.42356514284285
10644,6,9636.224041330726,14.697,283.25680569526287
10645,6,9637.224041330726,14.691,1699.3124407593257
10646,6,9638.224041330726,14.688,849.4841523307985
10647,6,9639.224041330726,14.685,849.3987832980545
10648,6,9640.224041330726,14.681,1132.3792767912505
10649,6,9641.224041330726,14.677,1132.188221621425
10650,6,9642.224041330726,14.673,1131.9971024521026
10651,6,9643.224041330726,14.666,1980.4578510401227
10652,6,9644.224041330726,14.657,2545.1782340755644
10653,6,9645.224041330726,14.65,1978.708066854865
10654,6,9646.224041330726,14.642,2260.45755694953
10655,6,9647.224041330726,14.639,847.4411014626471
10690,6,9682.224041330726,14.636,850.3413264299032
10691,6,9683.224041330726,14.63,1700.3354087610712
10692,6,9684.224041330726,14.626,1133.2866342130653
10693,6,9685.224041330726,14.62,1699.5243738766148
10694,6,9686.224041330726,14.615,1415.8837992412373
10695,6,9687.224041330726,14.609,1698.5966123031592
10696,6,9688.224041330726,14.602,1981.0189872990904
10697,6,9689.224041330726,14.594,2263.0926808857885
10698,6,9690.224041330726,14.589,1413.9490409904915
10699,6,9691.224041330726,14.587,565.5023052599194
10952,6,9944.224041330726,14.586,290.1028479575805
10953,6,9945.224041330726,14.58,1740.3744263367778
10954,6,9946.224041330726,14.578,580.0240011944363
10987,6,9979.224041330726,14.572,1745.3662848288102
10988,6,9980.224041330726,14.564,2326.2704613454403
10989,6,9981.224041330726,14.557,2034.6425771530496
10990,6,9982.224041330726,14.548,2614.7936765064765
10991,6,9983.224041330726,14.542,1742.471924173931
10992,6,9984.224041330726,14.536,1741.9276000429552
10993,6,9985.224041330726,14.53,1741.3831319119793
10994,6,9986.224041330726,14.527,870.5091359068737
11164,6,10156.224041330726,14.521,1770.1079757149926
11165,6,10157.224041330726,14.512,2654.0521703276954
11166,6,10158.224041330726,14.503,2652.667835033
11167,6,10159.224041330726,14.495,2356.777430004331
11168,6,10160.224041330726,14.482,3827.3665565932965
11169,6,10161.224041330726,14.473,2647.9641790501582
11170,6,10162.224041330726,14.464,2646.5784937559856
11171,6,10163.224041330726,14.457,2057.5142174951857
11172,6,10164.224041330726,14.447,2937.8673169066924
11173,6,10165.224041330726,14.438,2642.6024679041207
11174,6,10166.224041330726,14.429,2641.215504609947
11175,6,10167.224041330726,14.42,2639.828217315251
11176,6,10168.224041330726,14.411,2638.4406060205556
11177,6,10169.224041330726,14.402,2637.0526707258596
11178,6,10170.224041330726,14.39,3513.8530871755443
11179,6,10171.224041330726,14.381,2633.7265820382368
11180,6,10172.224041330726,14.369,3509.4172942592336
11181,6,10173.224041330726,14.356,3798.936187633897
11182,6,10174.224041330726,14.346,2920.205784342683
11183,6,10175.224041330726,14.337,2626.7035605975025
11184,6,10176.224041330726,14.325,3500.051201671588
11185,6,10177.224041330726,14.316,2623.3728639093615
11186,6,10178.224041330726,14.305,3204.420453156488
11187,6,10179.224041330726,14.296,2620.223881255
11188,6,10180.224041330726,14.284,3491.4096372144013
11189,6,10181.224041330726,14.273,3198.1973644313903
11190,6,10182.224041330726,14.262,3196.047393212872
11191,6,10183.224041330726,14.252,2903.6445031449816
11192,6,10184.224041330726,14.242,2901.8927983367153
11193,6,10185.224041330726,14.233,2610.218291192131
11194,6,10186.224041330726,14.224,2608.824397897435
11195,6,10187.224041330726,14.211,3765.758302998081
11196,6,10188.224041330726,14.201,2894.6782146228243
11197,6,10189.224041330726,14.191,2892.9244898145585
11198,6,10190.224041330726,14.179,3469.159872630764
11199,6,10191.224041330726,14.17,2600.199093129261
11200,6,10192.224041330726,14.16,2887.457070908933
11201,6,10193.224041330726,14.148,3462.5974339440136
11202,6,10194.224041330726,14.138,2883.5382123307477
11203,6,10195.224041330726,14.126,3457.8937476501906
11204,6,10196.224041330726,14.115,3167.4671946632106
11205,6,10197.224041330726,14.104,3165.3101174457197
11206,6,10198.224041330726,14.093,3163.152556227207
11207,6,10199.224041330726,14.082,3160.994511009205
11208,6,10200.224041330726,14.071,3158.835981791713
11209,6,10201.224041330726,14.059,3443.5251873917305
11210,6,10202.224041330726,14.05,2580.9688401994767
11211,6,10203.224041330726,14.038,3439.0578824748995
11212,6,10204.224041330726,14.027,3150.1970249197043
11213,6,10205.224041330726,14.016,3148.0360757011936
11214,6,10206.224041330726,14.004,3431.7407716571734
11215,6,10207.224041330726,13.994,2857.818587091716
11216,6,10208.224041330726,13.982,3427.0233093633506
11217,6,10209.224041330726,13.973,2568.5897226781944
11218,6,10210.224041330726,13.963,2852.328188186598
11219,6,10211.224041330726,13.95,3705.3366566536106
11220,6,10212.224041330726,13.939,3132.89587917518
11221,6,10213.224041330726,13.927,3415.2204136287937
11222,6,10214.224041330726,13.918,2559.7356158777834
11223,6,10215.224041330726,13.905,3694.836320525254
11224,6,10216.224041330726,13.896,2556.191201156912
11225,6,10217.224041330726,13.886,2838.549183162946
11226,6,10218.224041330726,13.876,2836.7833583541756
11227,6,10219.224041330726,13.863,3685.123723872121
11228,6,10220.224041330726,13.854,2549.4655477821702
11229,6,10221.224041330726,13.843,3114.069664999891
11230,6,10222.224041330726,13.831,3394.677937437567
11231,6,10223.224041330726,13.821,2826.925911908712
11232,6,10224.224041330726,13.81,3107.5608793458855
11233,6,10225.224041330726,13.799,3105.390316128385
11234,6,10226.224041330726,13.789,2821.2106885222606
11235,6,10227.224041330726,13.779,2819.4411237139943
11236,6,10228.224041330726,13.767,3380.9599133100824
11237,6,10229.224041330726,13.758,2534.03452563875
11238,6,10230.224041330726,13.745,3657.7040735133182
11239,6,10231.224041330726,13.734,3092.5818597487814
11240,6,10232.224041330726,13.723,3090.4079305307796
11241,6,10233.224041330726,13.712,3088.2335173132765
11242,6,10234.224041330726,13.701,3086.058620094776
11243,6,10235.224041330726,13.691,2803.632569401253
11244,6,10236.224041330726,13.679,3361.985424134791
11245,6,10237.224041330726,13.667,3359.365543610888
11246,6,10238.224041330726,13.656,3077.1289502938594
11247,6,10239.224041330726,13.644,3354.3697959400733
11248,6,10240.224041330726,13.631,3630.9274394548147
11249,6,10241.224041330726,13.621,2790.93837574339
11250,6,10242.224041330726,13.608,3625.511739478099
11251,6,10243.224041330726,13.599,2508.1865684324607
11252,6,10244.224041330726,13.586,3620.3599973264577
11253,6,10245.224041330726,13.576,2782.8077541061925
11254,6,10246.224041330726,13.565,3059.02043376361
11255,6,10247.224041330726,13.553,3334.6106586333126
11256,6,10248.224041330726,13.543,2776.858786239408
11257,6,10249.224041330726,13.531,3329.8499003394904
11258,6,10250.224041330726,13.52,3050.066915962692
11259,6,10251.224041330726,13.511,2493.907533550992
11260,6,10252.224041330726,13.502,2492.489952255805
11261,6,10253.224041330726,13.494,2214.368289758362
11262,6,10254.224041330726,13.485,2489.8383936996493
11263,6,10255.224041330726,13.474,3041.176434232373
11264,6,10256.224041330726,13.463,3038.990977014862
11265,6,10257.224041330726,13.453,2760.8344229645195
11266,6,10258.224041330726,13.442,3034.844291507277
11267,6,10259.224041330726,13.433,2481.4498149969636
11268,6,10260.224041330726,13.424,2480.0295337022676
11269,6,10261.224041330726,13.415,2478.608928407572
11270,6,10262.224041330726,13.406,2477.187999112388
11271,6,10263.224041330726,13.394,3300.6528516920866
11272,6,10264.224041330726,13.383,3023.2963987021185
11273,6,10265.224041330726,13.37,3570.1320041103445
11274,6,10266.224041330726,13.361,2469.837913638911
11275,6,10267.224041330726,13.352,2468.4152023447027
11276,6,10268.224041330726,13.342,2740.9997255927656
11277,6,10269.224041330726,13.333,2465.3839617225676
11278,6,10270.224041330726,13.321,3284.9106191716746
11279,6,10271.224041330726,13.312,2461.981589034944
11280,6,10272.224041330726,13.303,2460.557185739763
11281,6,10273.224041330726,13.29,3551.546010104862
11282,6,10274.224041330726,13.281,2456.9676630193967
11283,6,10275.224041330726,13.271,2728.2774874540764
11284,6,10276.224041330726,13.262,2453.9314723977463
11285,6,10277.224041330726,13.25,3269.6371654052464
11286,6,10278.224041330726,13.241,2450.5238977101235
11287,6,10279.224041330726,13.234,1904.9971954595278
11288,6,10280.224041330726,13.223,2991.8227620761486
11289,6,10281.224041330726,13.214,2446.2424798260367
11290,6,10282.224041330726,13.205,2444.814692531341
11291,6,10283.224041330726,13.196,2443.3865812366453
11292,6,10284.224041330726,13.186,2713.183986583814
11293,6,10285.224041330726,13.177,2440.34425261451
11294,6,10286.224041330726,13.171,1626.1285862459533
11295,6,10287.224041330726,13.162,2438.0412361228696
11296,6,10288.224041330726,13.153,2436.611540828655
11297,6,10289.224041330726,13.145,2164.688110711566
11298,6,10290.224041330726,13.136,2433.9364022720074
11299,6,10291.224041330726,13.129,1892.0929961187724
11300,6,10292.224041330726,13.121,2161.3670486792143
11301,6,10293.224041330726,13.112,2430.199316486153
11302,6,10294.224041330726,13.103,2428.767749191457
11303,6,10295.224041330726,13.094,2427.3358578967614
11304,6,10296.224041330726,13.082,3234.167526070121
11305,6,10297.224041330726,13.071,2962.336303882419
11306,6,10298.224041330726,13.062,2422.1113998489545
11307,6,10299.224041330726,13.053,2420.678122553781
11308,6,10300.224041330726,13.043,2687.9464658260868
11309,6,10301.224041330726,13.034,2417.6251739316467
11310,6,10302.224041330726,13.025,2416.1909066374283
11311,6,10303.224041330726,13.013,3219.3041710581556
11312,6,10304.224041330726,13.004,2412.764971949805
11313,6,10305.224041330726,12.993,2946.954003427018
11314,6,10306.224041330726,12.984,2409.523037294926
11315,6,10307.224041330726,12.976,2140.6042889033297
11316,6,10308.224041330726,12.967,2406.836306738279
11317,6,10309.224041330726,12.958,2405.399699443583
11318,6,10310.224041330726,12.949,2403.9627681488873
11319,6,10311.224041330726,12.94,2402.5255128541917
11320,6,10312.224041330726,12.931,2401.087933559496
11321,6,10313.224041330726,12.922,2399.6500302643267
11322,6,10314.224041330726,12.912,2664.576638837323
11323,6,10315.224041330726,12.905,1864.1569735256335
11324,6,10316.224041330726,12.897,2129.433701715089
11325,6,10317.224041330726,12.888,2394.2665971515057
11326,6,10318.224041330726,12.881,1861.2322072472734
11327,6,10319.224041330726,12.872,2391.7587906276026
11328,6,10320.224041330726,12.863,2390.318691332907
11329,6,10321.224041330726,12.855,2123.529919159315
11330,6,10322.224041330726,12.847,2122.4144184824963
11331,6,10323.224041330726,12.837,2651.416862775327
11332,6,10324.224041330726,12.83,1854.9430092817636
11333,6,10325.224041330726,12.822,2118.9011768659634
11334,6,10326.224041330726,12.816,1588.4623918294128
11335,6,10327.224041330726,12.808,2116.9983106807053
11336,6,10328.224041330726,12.801,1851.4684263209836
11337,6,10329.224041330726,12.796,1321.9857389299195
11338,6,10330.224041330726,12.787,2378.5030948438966
11339,6,10331.224041330726,12.779,2113.024590725527
11340,6,10332.224041330726,12.771,2111.906594047768
11341,6,10333.224041330726,12.761,2638.2787622329733
11342,6,10334.224041330726,12.755,1582.1283638311604
11343,6,10335.224041330726,12.745,2635.4821305397472
11344,6,10336.224041330726,12.738,1843.78598071653
11345,6,10337.224041330726,12.729,2369.322761945216
11346,6,10338.224041330726,12.72,2367.877172650053
11347,6,10339.224041330726,12.71,2629.264673710348
11348,6,10340.224041330726,12.7,2627.450928902548
11349,6,10341.224041330726,12.693,1838.162914570492
11350,6,10342.224041330726,12.683,2624.442772728029
11351,6,10343.224041330726,12.674,2360.458188144298
11352,6,10344.224041330726,12.662,3144.975123733517
11353,6,10345.224041330726,12.653,2357.0041194566757
11354,6,10346.224041330726,12.645,2093.910206380912
11355,6,10347.224041330726,12.638,1831.2620580586677
11356,6,10348.224041330726,12.631,1830.4249131026174
11357,6,10349.224041330726,12.623,2090.874431518363
11358,6,10350.224041330726,12.613,2611.9825390701662
11359,6,10351.224041330726,12.606,1827.3326336881516
11360,6,10352.224041330726,12.598,2087.339637901367
11361,6,10353.224041330726,12.589,2346.899885361062
11362,6,10354.224041330726,12.579,2605.951106722062
11363,6,10355.224041330726,12.572,1823.1096790449412
11364,6,10356.224041330726,12.563,2342.7332215092565
11365,6,10357.224041330726,12.557,1561.0408075094263
11366,6,10358.224041330726,12.548,2340.3889310185596
11367,6,10359.224041330726,12.541,1819.3180038105413
11368,6,10360.224041330726,12.533,2078.1780608988456
11369,6,10361.224041330726,12.523,2596.1082957957715
11370,6,10362.224041330726,12.516,1816.2180943960755
11371,6,10363.224041330726,12.51,1556.1002691501155
11372,6,10364.224041330726,12.501,2332.9764674795933
11373,6,10365.224041330726,12.496,1295.4975268054632
11374,6,10366.224041330726,12.491,1295.1042006038567
11375,6,10367.224041330726,12.484,1812.4499430255596
11376,6,10368.224041330726,12.476,2070.3269765726914
11377,6,10369.224041330726,12.466,2586.291860389114
11378,6,10370.224041330726,12.459,1809.344839611094
11379,6,10371.224041330726,12.451,2066.7775269561594
11380,6,10372.224041330726,12.441,2581.8540083679895
11381,6,10373.224041330726,12.436,1290.273472381124
11382,6,10374.224041330726,12.426,2579.2395811555903
11383,6,10375.224041330726,12.419,1804.4070891479491
11384,6,10376.224041330726,12.411,2061.1331435701663
11385,6,10377.224041330726,12.404,1802.5757020992696
11386,6,10378.224041330726,12.396,2059.0396497997895
11387,6,10379.224041330726,12.391,1286.3491315625247
11388,6,10380.224041330726,12.386,1285.954055360458
11389,6,10381.224041330726,12.379,1799.6370936848039
11390,6,10382.224041330726,12.372,1798.7929907287537
11391,6,10383.224041330726,12.365,1797.9486917727033
11392,6,10384.224041330726,12.357,2053.7502939984556
11393,6,10385.224041330726,12.348,2309.102639469312
11394,6,10386.224041330726,12.341,1794.9783974952718
11395,6,10387.224041330726,12.334,1794.1332725387658
11396,6,10388.224041330726,12.327,1793.2879515827156
11397,6,10389.224041330726,12.32,1792.4424346266653
11398,6,10390.224041330726,12.314,1535.7166742049048
11399,6,10391.224041330726,12.308,1535.116310073929
11400,6,10392.224041330726,12.299,2301.493112865314
11401,6,10393.224041330726,12.291,2044.5550334103552
11402,6,10394.224041330726,12.284,1788.0663907098349
11403,6,10395.224041330726,12.276,2042.4536196408897
11404,6,10396.224041330726,12.267,2296.390739817507
11405,6,10397.224041330726,12.26,1785.0889984319476
11406,6,10398.224041330726,12.252,2039.0501416085656
11407,6,10399.224041330726,12.246,1528.5611433871788
11408,6,10400.224041330726,12.24,1527.959315256203
11409,6,10401.224041330726,12.233,1781.844091744325
11410,6,10402.224041330726,12.228,1272.2440113751534
11411,6,10403.224041330726,12.226,508.8008814131212
11412,6,10404.224041330726,12.221,1271.7603256922603
11413,6,10405.224041330726,12.213,2033.9299538072273
11414,6,10406.224041330726,12.208,1270.6519865664354
11415,6,10407.224041330726,12.203,1270.2537303648203
11416,6,10408.224041330726,12.198,1269.8553741623027
11417,6,10409.224041330726,12.196,507.8452225286131
11418,6,10410.224041330726,12.192,1015.5381756797832
11419,6,10411.224041330726,12.186,1522.8289180774204
11420,6,10412.224041330726,12.181,1268.5733160757272
11421,6,10413.224041330726,12.176,1268.1744898732102
11422,6,10414.224041330726,12.171,1267.7755636715942
11423,6,10415.224041330726,12.166,1267.3765374690772
11424,6,10416.224041330726,12.16,1520.310396176525
11425,6,10417.224041330726,12.158,506.6521084743304
11426,6,10418.224041330726,12.153,1266.3872233437046
11427,6,10419.224041330726,12.145,2025.3304460502586
11428,6,10420.224041330726,12.14,1265.2757042183316
11429,6,10421.224041330726,12.134,1517.7887542756298
11430,6,10422.224041330726,12.127,1769.9750422669906
11431,6,10423.224041330726,12.122,1263.7637988913416
11432,6,10424.224041330726,12.116,1515.9740538827023
11433,6,10425.224041330726,12.109,1767.8573668085753
11434,6,10426.224041330726,12.102,1767.005171852525
11435,6,10427.224041330726,12.095,1766.1527808964747
11436,6,10428.224041330726,12.086,2269.483969890851
11437,6,10429.224041330726,12.082,1008.213946523413
11438,6,10430.224041330726,12.073,2267.4785554651794
11439,6,10431.224041330726,12.068,1259.1008979090223
11440,6,10432.224041330726,12.063,1258.6999917065084
11441,6,10433.224041330726,12.055,2013.027979430741
11442,6,10434.224041330726,12.047,2011.8853427530037
11443,6,10435.224041330726,12.041,1508.1820602455043
11444,6,10436.224041330726,12.033,2009.933260568192
11445,6,10437.224041330726,12.027,1506.7176626065607
11446,6,10438.224041330726,12.02,1757.0558146530777
11447,6,10439.224041330726,12.015,1254.5337491666705
11448,6,10440.224041330726,12.006,2257.061595271334
11449,6,10441.224041330726,12.002,1002.6916271369619
11450,6,10442.224041330726,11.993,2255.0504928456626
11451,6,10443.224041330726,11.987,1502.571075066722
11452,6,10444.224041330726,11.98,1752.217023189933
11453,6,10445.224041330726,11.971,2251.5620491252953
11454,6,10446.224041330726,11.967,1000.2468444053895
11455,6,10447.224041330726,11.958,2249.548516699624
11456,6,10448.224041330726,11.953,1249.1374252614903
11457,6,10449.224041330726,11.949,999.029412143438
11458,6,10450.224041330726,11.944,1248.4360150973268
11459,6,10451.224041330726,11.94,998.4681400129057
11460,6,10452.224041330726,11.935,1247.7342449336072
11461,6,10453.224041330726,11.93,1247.3309587319839
11462,6,10454.224041330726,11.923,1745.5522424049511
11463,6,10455.224041330726,11.917,1495.5152468720037
11464,6,10456.224041330726,11.909,1993.0399520697476
11465,6,10457.224041330726,11.9,2240.7844248004744
11466,6,10458.224041330726,11.891,2239.304473505779
11467,6,10459.224041330726,11.883,1989.260738868996
11468,6,10460.224041330726,11.876,1739.6712409857557
11469,6,10461.224041330726,11.868,1987.1304290986352
11470,6,10462.224041330726,11.864,993.1580037953338
11471,6,10463.224041330726,11.855,2233.5948993269963
11472,6,10464.224041330726,11.849,1488.2638000542777
11473,6,10465.224041330726,11.842,1735.5213593420826
11474,6,10466.224041330726,11.836,1486.91551710383
11475,6,10467.224041330726,11.83,1486.3039449728542
11476,6,10468.224041330726,11.821,2228.2557012137013
11477,6,10469.224041330726,11.816,1237.3052433244256
11478,6,10470.224041330726,11.808,1978.788582019398
11479,6,10471.224041330726,11.803,1236.180354199053
11480,6,10472.224041330726,11.796,1729.9381060599048
11481,6,10473.224041330726,11.787,2222.9103830999684
11482,6,10474.224041330726,11.782,1234.3349321508124
11483,6,10475.224041330726,11.775,1727.3539691913147
11484,6,10476.224041330726,11.766,2219.587111412784
11485,6,10477.224041330726,11.761,1232.4882501021327
11486,6,10478.224041330726,11.754,1724.7680683231636
11487,6,10479.224041330726,11.746,1970.0941197699597
11488,6,10480.224041330726,11.741,1230.7451102938662
11489,6,10481.224041330726,11.733,1968.290025169363
11490,6,10482.224041330726,11.729,983.7357618311345
11491,6,10483.224041330726,11.721,1966.6528301534277
11492,6,10484.224041330726,11.713,1965.4984494765738
11493,6,10485.224041330726,11.707,1473.3836822874132
11494,6,10486.224041330726,11.699,1963.5244792913156
11495,6,10487.224041330726,11.692,1717.1466028552888
11496,6,10488.224041330726,11.684,1961.381801521396
11497,6,10489.224041330726,11.68,980.2809220064963
11498,6,10490.224041330726,11.672,1959.7416945050252
11499,6,10491.224041330726,11.664,1958.5856338281699
11500,6,10492.224041330726,11.658,1468.1978945515468
11501,6,10493.224041330726,11.65,1956.6085276424772
11502,6,10494.224041330726,11.643,1711.0937241629365
11503,6,10495.224041330726,11.635,1954.4626018729919
11504,6,10496.224041330726,11.63,1220.973261607554
11505,6,10497.224041330726,11.623,1708.6436544317976
11506,6,10498.224041330726,11.615,1951.6618421793323
11507,6,10499.224041330726,11.607,1950.5038455024753
11508,6,10500.224041330726,11.602,1218.4984988759818
11509,6,10501.224041330726,11.595,1705.1782586071624
11510,6,10502.224041330726,11.59,1217.4703219914547
11511,6,10503.224041330726,11.583,1703.738474968219
11512,6,10504.224041330726,11.578,1216.4416651064948
11513,6,10505.224041330726,11.57,1945.399408869575
11514,6,10506.224041330726,11.562,1944.2397961927165
11515,6,10507.224041330726,11.554,1943.0799275149946
11516,6,10508.224041330726,11.548,1456.56595081699
11517,6,10509.224041330726,11.54,1941.0957173301676
11518,6,10510.224041330726,11.532,1939.9351126524464
11519,6,10511.224041330726,11.526,1454.2068236700784
11520,6,10512.224041330726,11.52,1453.5882915391026
11521,6,10513.224041330726,11.514,1452.9696154081266
11522,6,10514.224041330726,11.508,1452.3507952771508
11523,6,10515.224041330726,11.502,1451.7318311457452
11524,6,10516.224041330726,11.496,1451.1127230151994
11525,6,10517.224041330726,11.491,1208.797145190536
11526,6,10518.224041330726,11.484,1691.5933814469352
11527,6,10519.224041330726,11.479,1207.764708305576
11528,6,10520.224041330726,11.472,1690.1476338079915
11529,6,10521.224041330726,11.467,1206.7317914201876
11530,6,10522.224041330726,11.46,1688.7012141690482
11531,6,10523.224041330726,11.453,1687.830427213426
11532,6,10524.224041330726,11.445,1927.8694567869154
11533,6,10525.224041330726,11.439,1445.1553617709287
11534,6,10526.224041330726,11.433,1444.534777639953
11535,6,10527.224041330726,11.428,1203.3143440440692
11536,6,10528.224041330726,11.421,1683.915737842909
11537,6,10529.224041330726,11.417,961.8656746235386
11538,6,10530.224041330726,11.41,1682.613969340117
11539,6,10531.224041330726,11.405,1201.3493825149903
11540,6,10532.224041330726,11.398,1681.1641337011733
11541,6,10533.224041330726,11.39,1920.2488756305452
11542,6,10534.224041330726,11.385,1199.584762706724
11543,6,10535.224041330726,11.379,1438.9430404611703
11544,6,10536.224041330726,11.374,1198.6535280617516
11545,6,10537.224041330726,11.368,1437.8252948877148
11546,6,10538.224041330726,11.364,958.2196356300147
11547,6,10539.224041330726,11.356,1915.6093617524873
11548,6,10540.224041330726,11.349,1675.2105080088209
11549,6,10541.224041330726,11.344,1196.0599858497778
11550,6,10542.224041330726,11.336,1912.7811300588362
11551,6,10543.224041330726,11.328,1911.6130373819706
11552,6,10544.224041330726,11.322,1432.9600472169
11553,6,10545.224041330726,11.315,1670.9856563651474
11554,6,10546.224041330726,11.307,1908.6134421036593
11555,6,10547.224041330726,11.299,1907.4443734267927
11556,6,10548.224041330726,11.294,1191.5801288286884
11557,6,10549.224041330726,11.288,1429.335463808037
11558,6,10550.224041330726,11.283,1190.6455341845651
11559,6,10551.224041330726,11.276,1666.1754420385812
11560,6,10552.224041330726,11.27,1427.4626594151093
11561,6,10553.224041330726,11.262,1902.2819527939018
11562,6,10554.224041330726,11.255,1663.5462391704302
11563,6,10555.224041330726,11.247,1900.1092110244047
11564,6,10556.224041330726,11.24,1661.6446701217508
11565,6,10557.224041330726,11.232,1897.935509254485
11566,6,10558.224041330726,11.225,1659.7422610730712
11567,6,10559.224041330726,11.217,1895.7608474841445
11568,6,10560.224041330726,11.212,1184.2763251152194
11569,6,10561.224041330726,11.206,1420.5691233513671
11570,6,10562.224041330726,11.199,1656.526407522027
11571,6,10563.224041330726,11.196,709.6902072168317
11572,6,10564.224041330726,11.189,1655.3610861562408
11573,6,10565.224041330726,11.184,1181.8787873836463
11574,6,10566.224041330726,11.178,1417.6914120730603
11575,6,10567.224041330726,11.174,944.7943670876131
11576,6,10568.224041330726,11.168,1416.6915691885201
11577,6,10569.224041330726,11.163,1180.1067103345474
11578,6,10570.224041330726,11.158,1179.6898541329
11579,6,10571.224041330726,11.155,707.6271661026643
11580,6,10572.224041330726,11.15,1179.0672862091747
11581,6,10573.224041330726,11.145,1178.650150007527
11582,6,10574.224041330726,11.142,707.0031936274405
11583,6,10575.224041330726,11.137,1178.0270820838018
11584,6,10576.224041330726,11.134,706.6292568734566
11585,6,10577.224041330726,11.132,471.0249410086972
11586,6,10578.224041330726,11.126,1412.7006642716892
11587,6,10579.224041330726,11.123,706.1314670867287
11588,6,10580.224041330726,11.12,706.0077700539847
11589,6,10581.224041330726,11.118,470.61052046196454
11590,6,10582.224041330726,11.114,941.0560195473553
11591,6,10583.224041330726,11.108,1411.082427878762
11592,6,10584.224041330726,11.104,940.3871376244664
11593,6,10585.224041330726,11.098,1410.0788649933847
11594,6,10586.224041330726,11.096,469.90131274674525
11595,6,10587.224041330726,11.093,704.7597427592892
11596,6,10588.224041330726,11.09,704.6357217265452
11597,6,10589.224041330726,11.087,704.5116646938012
11598,6,10590.224041330726,11.083,939.1410679851053
11599,6,10591.224041330726,11.078,1173.5605798998345
11600,6,10592.224041330726,11.075,703.9486175628253
11601,6,10593.224041330726,11.069,1407.4581190270023
11602,6,10594.224041330726,11.065,937.9702197235705
11603,6,10595.224041330726,11.06,1172.0966595719783
11604,6,10596.224041330726,11.057,703.0700613663616
11605,6,10597.224041330726,11.053,937.2184942151863
11606,6,10598.224041330726,11.05,702.7576379566258
11607,6,10599.224041330726,11.045,1170.949275966195
11608,6,10600.224041330726,11.043,468.27549724998255
11609,6,10601.224041330726,11.039,936.3849171225572
11610,6,10602.224041330726,11.034,1170.1144563212329
11611,6,10603.224041330726,11.032,467.9414833921639
11612,6,10604.224041330726,11.025,1637.2815877573464
11613,6,10605.224041330726,11.023,467.6479593266759
11614,6,10606.224041330726,11.017,1402.5670672256283
11615,6,10607.224041330726,11.014,701.0632585636982
11616,6,10608.224041330726,11.01,934.5421051449687
11617,6,10609.224041330726,11.005,1167.8103363492473
11618,6,10610.224041330726,11.003,467.01962140336923
11619,6,10611.224041330726,11.0,700.4362877442264
11620,6,10612.224041330726,10.996,933.7059200523398
11621,6,10613.224041330726,10.994,466.76959333788125
11622,6,10614.224041330726,10.989,1166.6624355026347
11623,6,10615.224041330726,10.986,699.8086449247547
11624,6,10616.224041330726,10.984,466.47688437622793
11625,6,10617.224041330726,10.981,699.6219782035147
11626,6,10618.224041330726,10.976,1165.7217263772618
11627,6,10619.224041330726,10.973,699.2440454495309
11628,6,10620.224041330726,10.969,932.1158236598264
11629,6,10621.224041330726,10.964,1164.7765344923023
11630,6,10622.224041330726,10.962,465.80576866059056
11631,6,10623.224041330726,10.96,465.7646348678462
11632,6,10624.224041330726,10.957,698.5533549415632
11633,6,10625.224041330726,10.955,465.63981838743325
11634,6,10626.224041330726,10.954,232.80994252138586
11635,6,10627.224041330726,10.952,465.5999396989373
11636,6,10628.224041330726,10.95,465.5587259066066
11637,6,10629.224041330726,10.946,930.9499584358077
11638,6,10630.224041330726,10.941,1163.3185679627966
11639,6,10631.224041330726,10.939,465.22236404878794
11640,6,10632.224041330726,10.938,232.6011653520634
11641,6,10633.224041330726,10.934,930.2795049282532
11642,6,10634.224041330726,10.933,232.5385771116501
11643,6,10635.224041330726,10.929,930.029071966187
11644,6,10636.224041330726,10.925,929.7761607968644
11645,6,10637.224041330726,10.92,1161.8507959145302
11646,6,10638.224041330726,10.918,464.63507322931594
11647,6,10639.224041330726,10.914,929.1021570812273
11648,6,10640.224041330726,10.909,1161.0080462695712
11649,6,10641.224041330726,10.907,464.2978873714973
11650,6,10642.224041330726,10.903,928.4276253655903
11651,6,10643.224041330726,10.898,1160.1646366254372
11652,6,10644.224041330726,10.895,695.9087235981879
11653,6,10645.224041330726,10.89,1159.5310287017187
11654,6,10646.224041330726,10.884,1390.8652936556641
11655,6,10647.224041330726,10.878,1390.2293375246884
11656,6,10648.224041330726,10.875,694.8924527132282
11657,6,10649.224041330726,10.87,1157.836883893864
11658,6,10650.224041330726,10.868,463.02914042063804
11659,6,10651.224041330726,10.862,1388.7065905087527
11660,6,10652.224041330726,10.859,694.1308752052604
11661,6,10653.224041330726,10.855,925.2964273337196
11662,6,10654.224041330726,10.849,1387.435671558305
11663,6,10655.224041330726,10.845,924.6177214104133
11664,6,10656.224041330726,10.841,924.3634982415012
11665,6,10657.224041330726,10.838,693.1138799760527
11666,6,10658.224041330726,10.834,923.9401256947762
11667,6,10659.224041330726,10.832,461.88549615868703
11669,6,10661.224041330726,10.83,461.88687036676663
11671,6,10663.224041330726,10.828,461.88821257443595
11672,6,10664.224041330726,10.826,461.84621478169515
11673,6,10665.224041330726,10.824,461.8042009897747
11674,6,10666.224041330726,10.823,230.89175182255826
11675,6,10667.224041330726,10.822,230.89206437488573
11676,6,10668.224041330726,10.82,461.7634094047032
11677,6,10669.224041330726,10.814,1384.9079574609461
11678,6,10670.224041330726,10.813,230.76493534173173
11680,6,10672.224041330726,10.811,461.5523453396254
11681,6,10673.224041330726,10.809,461.5102075472947
11682,6,10674.224041330726,10.808,230.7447011013184
11683,6,10675.224041330726,10.806,461.46858485879875
11684,6,10676.224041330726,10.804,461.42640306605824
11685,6,10677.224041330726,10.803,230.70277986090517
11687,6,10679.224041330726,10.799,922.7703909636135
11688,6,10680.224041330726,10.797,461.30023679290105
11689,6,10681.224041330726,10.795,461.25797900098013
11690,6,10682.224041330726,10.792,691.7915111406454
11691,6,10683.224041330726,10.789,691.6639741079014
11692,6,10684.224041330726,10.784,1152.4538262179096
11693,6,10685.224041330726,10.781,691.2805693539176
11694,6,10686.224041330726,10.776,1151.8146582950124
11695,6,10687.224041330726,10.771,1151.3880820925367
11696,6,10688.224041330726,10.766,1150.9614058908792
11697,6,10689.224041330726,10.763,690.3849131574538
11698,6,10690.224041330726,10.758,1150.3215579675725
11699,6,10691.224041330726,10.753,1149.8946017650974
11700,6,10692.224041330726,10.747,1379.296901331716
11701,6,10693.224041330726,10.742,1148.9334571205513
11702,6,10694.224041330726,10.736,1378.1432637582604
11703,6,10695.224041330726,10.731,1147.971872476413
11704,6,10696.224041330726,10.725,1376.9890981848046
11705,6,10697.224041330726,10.722,688.2700920432864
11706,6,10698.224041330726,10.712,2293.057341018779
11707,6,10699.224041330726,10.707,1145.8333987060862
11708,6,10700.224041330726,10.701,1374.4223776609012
11709,6,10701.224041330726,10.695,1373.7803375299254
11710,6,10702.224041330726,10.689,1373.1381533989495
11711,6,10703.224041330726,10.683,1372.4958252679737
11712,6,10704.224041330726,10.676,1600.4206490914062
11713,6,10705.224041330726,10.668,1827.9384155055086
11714,6,10706.224041330726,10.66,1826.7387708278127
11715,6,10707.224041330726,10.657,684.7376846671673
11716,6,10708.224041330726,10.652,1140.9077304837606
11717,6,10709.224041330726,10.647,1140.4788142812888
11718,6,10710.224041330726,10.64,1595.9197741745757
11719,6,10711.224041330726,10.634,1367.223481531671
11720,6,10712.224041330726,10.63,911.138928059326
11721,6,10713.224041330726,10.625,1138.547884992601
11722,6,10714.224041330726,10.62,1138.1184487905343
11723,6,10715.224041330726,10.615,1137.6889125880634
11724,6,10716.224041330726,10.61,1137.259276386401
11725,6,10717.224041330726,10.606,909.5065010433906
11726,6,10718.224041330726,10.598,1818.1537805788137
11727,6,10719.224041330726,10.592,1362.8421446148402
11728,6,10720.224041330726,10.585,1589.1552916627516
11729,6,10721.224041330726,10.58,1134.5735341740015
11730,6,10722.224041330726,10.574,1360.9075642219127
11731,6,10723.224041330726,10.568,1360.2624160909368
11732,6,10724.224041330726,10.561,1586.1449083848643
11733,6,10725.224041330726,10.556,1132.4227804040818
11734,6,10726.224041330726,10.549,1584.6387087459207
11735,6,10727.224041330726,10.543,1357.5516568785374
11736,6,10728.224041330726,10.537,1356.90577674716
11737,6,10729.224041330726,10.534,678.226439324665
11738,6,10730.224041330726,10.53,904.0857568266636
11739,6,10731.224041330726,10.524,1355.611145797114
11740,6,10732.224041330726,10.52,903.3956909029557
11741,6,10733.224041330726,10.515,1128.8668385467345
11742,6,10734.224041330726,10.51,1128.435302345069
11743,6,10735.224041330726,10.504,1353.5399880271946
11744,6,10736.224041330726,10.5,902.014599056343
11745,6,10737.224041330726,10.494,1352.5036891422349
11746,6,10738.224041330726,10.488,1351.856501011259
11747,6,10739.224041330726,10.484,900.8920263790527
11748,6,10740.224041330726,10.479,1125.736582892256
11749,6,10741.224041330726,10.475,900.286434248077
11750,6,10742.224041330726,10.471,900.0264990787545
11751,6,10743.224041330726,10.465,1349.5208311758518
11752,6,10744.224041330726,10.461,899.3345291554481
11753,6,10745.224041330726,10.456,1123.7892563627497
11754,6,10746.224041330726,10.45,1347.963358848412
11755,6,10747.224041330726,10.444,1347.3149947170373
11756,6,10748.224041330726,10.438,1346.6664865864605
11757,6,10749.224041330726,10.432,1346.0178344554847
11758,6,10750.224041330726,10.424,1793.6533808481497
11759,6,10751.224041330726,10.419,1120.4388134670587
11760,6,10752.224041330726,10.411,1791.7506142475527
11761,6,10753.224041330726,10.403,1790.5408415698646
11762,6,10754.224041330726,10.398,1118.493071418777
11763,6,10755.224041330726,10.39,1788.636778969268
11764,6,10756.224041330726,10.383,1564.0732940742662
11765,6,10757.224041330726,10.378,1116.653641610114
11766,6,10758.224041330726,10.374,893.0186612226826
11767,6,10759.224041330726,10.368,1339.0069503917423
11768,6,10760.224041330726,10.364,892.3238592993763
11769,6,10761.224041330726,10.36,892.0624281304498
11770,6,10762.224041330726,10.357,668.8829863927713
11771,6,10763.224041330726,10.351,1337.3090606869148
11772,6,10764.224041330726,10.348,668.4260202945395
11773,6,10765.224041330726,10.344,891.0160634531592
11774,6,10766.224041330726,10.341,668.0980328848035
11775,6,10767.224041330726,10.336,1113.1694575127556
11776,6,10768.224041330726,10.33,1335.2167082288954
11777,6,10769.224041330726,10.327,667.3795830653318
11778,6,10770.224041330726,10.32,1556.6097104694159
11779,6,10771.224041330726,10.317,666.8572516228519
11780,6,10772.224041330726,10.312,1111.1010487432313
11781,6,10773.224041330726,10.308,888.5755189288604
11782,6,10774.224041330726,10.303,1110.337658579117
11783,6,10775.224041330726,10.298,1109.901952377445
11784,6,10776.224041330726,10.295,665.7443450493962
11785,6,10777.224041330726,10.292,665.6121340166522
11786,6,10778.224041330726,10.289,665.4798869839083
11787,6,10779.224041330726,10.288,221.80409309833942
11788,6,10780.224041330726,10.283,1108.7999437712451
11789,6,10781.224041330726,10.28,665.0829298856763
11790,6,10782.224041330726,10.276,886.55758957428
11791,6,10783.224041330726,10.271,1107.8145218858917
11792,6,10784.224041330726,10.267,885.9455734436978
11793,6,10785.224041330726,10.264,664.2943043777086
11794,6,10786.224041330726,10.26,885.5058488969897
11796,6,10788.224041330726,10.255,1106.602081039279
11797,6,10789.224041330726,10.253,442.5308132793689
11798,6,10790.224041330726,10.247,1327.1975570837296
11799,6,10791.224041330726,10.242,1105.5069469139064
11800,6,10792.224041330726,10.24,442.09266562921954
11801,6,10793.224041330726,10.235,1104.9563112314058
11802,6,10794.224041330726,10.231,883.6583569194013
11803,6,10795.224041330726,10.227,883.3947737500787
11804,6,10796.224041330726,10.223,883.1311265807562
11805,6,10797.224041330726,10.217,1324.1715564288506
11806,6,10798.224041330726,10.213,882.4308686578416
11807,6,10799.224041330726,10.207,1323.120929543499
11808,6,10800.224041330726,10.204,661.3301187228295
11809,6,10801.224041330726,10.199,1101.8868705765262
11810,6,10802.224041330726,10.195,881.2022283954983
11811,6,10803.224041330726,10.187,1761.53049928342
11812,6,10804.224041330726,10.183,880.3281748875306
11813,6,10805.224041330726,10.18,660.0803314608777
11814,6,10806.224041330726,10.176,879.8859863412162
11815,6,10807.224041330726,10.172,879.6215791718936
11816,6,10808.224041330726,10.168,879.3571080029616
11817,6,10809.224041330726,10.167,219.80557088033848
11818,6,10810.224041330726,10.164,659.34799495291
11819,6,10811.224041330726,10.163,219.75975108800787
11820,6,10812.224041330726,10.161,439.4952828321581
11821,6,10813.224041330726,10.16,219.7355257437599
11822,6,10814.224041330726,10.158,439.44680814366217
11823,6,10815.224041330726,10.157,219.71127639951192
11824,6,10816.224041330726,10.155,439.39828545516616
11825,6,10817.224041330726,10.152,658.9961058219341
11826,6,10818.224041330726,10.151,219.642402711016
11827,6,10819.224041330726,10.149,439.2604960781742
11828,6,10820.224041330726,10.148,219.618087366768
11829,6,10821.224041330726,10.147,219.61674191868536
11830,6,10822.224041330726,10.145,439.20914049351285
11831,6,10823.224041330726,10.144,219.5923925744374
11832,6,10824.224041330726,10.143,219.59103312635474
11833,6,10825.224041330726,10.139,878.2287760253724
11834,6,10826.224041330726,10.137,439.0250373238003
11835,6,10827.224041330726,10.134,658.4359756254704
11836,6,10828.224041330726,10.132,438.88957684336356
11837,6,10829.224041330726,10.131,219.4325667493629
11838,6,10830.224041330726,10.127,877.5947145170148
11839,6,10831.224041330726,10.125,438.7078985702063
11840,6,10832.224041330726,10.12,1096.491878583874
11841,6,10833.224041330726,10.118,438.4855762966595
11842,6,10834.224041330726,10.114,876.7920832167165
11843,6,10835.224041330726,10.111,657.4272187077668
11844,6,10836.224041330726,10.109,438.21690023156094
11845,6,10837.224041330726,10.108,219.09615844346186
11846,6,10838.224041330726,10.106,438.16772154306494
11847,6,10839.224041330726,10.1,1314.1041658748218
11848,6,10840.224041330726,10.099,218.961685410718
11849,6,10841.224041330726,10.097,437.89872147757694
11850,6,10842.224041330726,10.096,218.93703006647002
11851,6,10843.224041330726,10.095,218.93553661838737
11852,6,10844.224041330726,10.094,218.9340391706936
11853,6,10845.224041330726,10.092,437.8433849963614
11857,6,10849.224041330726,10.091,218.96988882644567
11858,6,10850.224041330726,10.089,437.9150423078654
11859,6,10851.224041330726,10.088,218.94514748219765
11865,6,10857.224041330726,10.087,219.04449503372598
11868,6,10860.224041330726,10.086,219.08329958564332
12520,6,11512.224041330726,10.083,696.5701400688247
12521,6,11513.224041330726,10.073,2320.605437770572
12522,6,11514.224041330726,10.064,2086.7573656825707
12523,6,11515.224041330726,10.059,1158.604266918672
12524,6,11516.224041330726,10.057,463.320725630561
12538,6,11530.224041330726,10.053,927.4912218845416
12539,6,11531.224041330726,10.043,2317.314783346185
12540,6,11532.224041330726,10.036,1620.8886856810818
12541,6,11533.224041330726,10.028,1851.2208573218736
12542,6,11534.224041330726,10.016,2774.303840213302
12543,6,11535.224041330726,10.01,1386.0263799101872
12544,6,11536.224041330726,10.0,2308.398430670229
12545,6,11537.224041330726,9.996,922.7933277216952
12546,6,11538.224041330726,9.994,461.2981971725565
12568,6,11560.224041330726,9.987,1616.8938559887292
12569,6,11561.224041330726,9.979,1846.651193673881
12570,6,11562.224041330726,9.967,2767.4414487402873
12571,6,11563.224041330726,9.961,1382.5915721738847
12572,6,11564.224041330726,9.949,2762.924407954842
12573,6,11565.224041330726,9.941,1840.2584494563425
12574,6,11566.224041330726,9.931,2298.4400414936013
12575,6,11567.224041330726,9.922,2066.7968900325204
12576,6,11568.224041330726,9.917,1147.5099837799808
12577,6,11569.224041330726,9.914,688.2878458909149
12648,6,11640.224041330726,9.912,461.55816368659015
12649,6,11641.224041330726,9.901,2537.123291239975
12650,6,11642.224041330726,9.891,2304.2289822601283
12651,6,11643.224041330726,9.882,2071.9932207231705
12652,6,11644.224041330726,9.874,1840.3463212840359
12653,6,11645.224041330726,9.865,2068.7856961665234
12654,6,11646.224041330726,9.856,2067.0766588718275
12655,6,11647.224041330726,9.849,1606.5598481408788
12656,6,11648.224041330726,9.84,2064.0769483479244
12657,6,11649.224041330726,9.832,1833.3082827282626
12658,6,11650.224041330726,9.824,1831.9744300513792
12659,6,11651.224041330726,9.814,2288.0673772364794
12660,6,11652.224041330726,9.805,2057.4448512018857
12661,6,11653.224041330726,9.797,1827.411981265118
12662,6,11654.224041330726,9.789,1826.0770565882333
12663,6,11655.224041330726,9.781,1824.7418759105376
12664,6,11656.224041330726,9.773,1823.4064392336522
12665,6,11657.224041330726,9.766,1594.393503804853
12666,6,11658.224041330726,9.757,2048.4315716301753
12667,6,11659.224041330726,9.75,1592.055383619595
12668,6,11660.224041330726,9.741,2045.4248411062722
12669,6,11661.224041330726,9.732,2043.7111418115765
12670,6,11662.224041330726,9.723,2041.997118516478
12671,6,11663.224041330726,9.714,2040.2827712221854
12672,6,11664.224041330726,9.706,1812.1538470613443
12673,6,11665.224041330726,9.694,2715.664156821494
12674,6,11666.224041330726,9.684,2260.6808947294217
12675,6,11667.224041330726,9.675,2032.7921119447697
12676,6,11668.224041330726,9.664,2482.1696320884716
12677,6,11669.224041330726,9.654,2254.2607003042217
12678,6,11670.224041330726,9.642,2702.2637172183145
12679,6,11671.224041330726,9.633,2024.6655905699242
12680,6,11672.224041330726,9.625,1798.269524703379
12681,6,11673.224041330726,9.612,2919.251541480007
12682,6,11674.224041330726,9.604,1794.6551134258907
12683,6,11675.224041330726,9.591,2913.3770311534404
12684,6,11676.224041330726,9.581,2238.565673203879
12685,6,11677.224041330726,9.572,2012.8848485725428
12686,6,11678.224041330726,9.561,2457.834066410417
12687,6,11679.224041330726,9.549,2678.2796571580634
12688,6,11680.224041330726,9.538,2452.3447990455043
12689,6,11681.224041330726,9.527,2449.727899827898
12690,6,11682.224041330726,9.515,2669.434922339942
12691,6,11683.224041330726,9.501,3110.3546371794805
12692,6,11684.224041330726,9.491,2219.067829929484
12693,6,11685.224041330726,9.48,2438.484238168767
12694,6,11686.224041330726,9.467,2878.445529844191
12695,6,11687.224041330726,9.456,2432.730745875338
12696,6,11688.224041330726,9.443,2871.6447000424
12697,6,11689.224041330726,9.432,2426.975141581123
12698,6,11690.224041330726,9.421,2424.3537323635123
12699,6,11691.224041330726,9.411,2201.6913114633553
12700,6,11692.224041330726,9.399,2639.1688106092715
12701,6,11693.224041330726,9.388,2416.486600709115
12702,6,11694.224041330726,9.376,2633.1650389384567
12703,6,11695.224041330726,9.365,2410.982131344202
12704,6,11696.224041330726,9.354,2408.357796126589
12705,6,11697.224041330726,9.344,2187.1469512479725
12706,6,11698.224041330726,9.334,2184.9942864397062
12707,6,11699.224041330726,9.323,2400.9966523300136
12708,6,11700.224041330726,9.315,1744.5502054587719
12709,6,11701.224041330726,9.304,2396.5159946807375
12710,6,11702.224041330726,9.294,2176.379627206642
12711,6,11703.224041330726,9.283,2391.518723174029
12712,6,11704.224041330726,9.27,2822.930092304495
12713,6,11705.224041330726,9.258,2602.492692453407
12714,6,11706.224041330726,9.245,2815.8034246776297
12715,6,11707.224041330726,9.231,3028.2373994266295
12716,6,11708.224041330726,9.222,1944.4667241121567
12717,6,11709.224041330726,9.212,2158.47835977886
12718,6,11710.224041330726,9.202,2156.3206549705938
12719,6,11711.224041330726,9.194,1723.5174197143706
12720,6,11712.224041330726,9.181,2797.757517873238
12721,6,11713.224041330726,9.169,2579.2519339007417
12722,6,11714.224041330726,9.159,2146.98298229505
12723,6,11715.224041330726,9.147,2573.506695607301
12724,6,11716.224041330726,9.138,1928.0804093616641
12725,6,11717.224041330726,9.129,1926.3467840669684
12726,6,11718.224041330726,9.116,2779.386969243007
12727,6,11719.224041330726,9.107,1922.0347773466012
12728,6,11720.224041330726,9.093,2986.3130857309293
12729,6,11721.224041330726,9.084,1917.5102045934902
12730,6,11722.224041330726,9.071,2766.62070711465
12731,6,11723.224041330726,9.063,1700.7115581237438
12732,6,11724.224041330726,9.052,2336.2275035959815
12733,6,11725.224041330726,9.043,1909.5113612509876
12734,6,11726.224041330726,9.031,2543.2772798758583
12735,6,11727.224041330726,9.019,2540.1167273523315
12736,6,11728.224041330726,9.005,2959.453141693092
12737,6,11729.224041330726,8.993,2533.230891550541
12738,6,11730.224041330726,8.983,2108.6250736695665
12739,6,11731.224041330726,8.968,3158.808041489038
12740,6,11732.224041330726,8.956,2523.460604601839
12741,6,11733.224041330726,8.941,3149.8426600151865
12742,6,11734.224041330726,8.931,2097.140520666955
12743,6,11735.224041330726,8.916,3141.578151984189
12744,6,11736.224041330726,8.903,2718.661090502118
12745,6,11737.224041330726,8.893,2088.756390395172
12746,6,11738.224041330726,8.881,2503.622329327443
12747,6,11739.224041330726,8.869,2500.4547208035397
12748,6,11740.224041330726,8.857,2497.286536279636
12749,6,11741.224041330726,8.848,1870.9053448655463
12750,6,11742.224041330726,8.836,2491.7938793628055
12751,6,11743.224041330726,8.822,2903.065901705684
12752,6,11744.224041330726,8.809,2691.811382945106
12753,6,11745.224041330726,8.798,2274.7797566526524
12754,6,11746.224041330726,8.786,2478.547242513208
12755,6,11747.224041330726,8.773,2681.50359024242
12756,6,11748.224041330726,8.76,2677.7609575164506
12757,6,11749.224041330726,8.748,2468.4649741875137
12758,6,11750.224041330726,8.732,3286.3026598793804
12759,6,11751.224041330726,8.722,2051.058644173821
12760,6,11752.224041330726,8.708,2867.77771056539
12761,6,11753.224041330726,8.697,2250.2135088331806
12762,6,11754.224041330726,8.688,1839.1246646265188
12763,6,11755.224041330726,8.676,2449.4125230440936
12764,6,11756.224041330726,8.666,2038.7643732475312
12765,6,11757.224041330726,8.654,2443.6214447502707
12766,6,11758.224041330726,8.644,2033.9375946693458
12767,6,11759.224041330726,8.632,2437.8282544564477
12768,6,11760.224041330726,8.619,2637.3831241809326
12769,6,11761.224041330726,8.608,2228.7166721598933
12770,6,11762.224041330726,8.599,1821.5333017126693
12771,6,11763.224041330726,8.586,2627.963066953471
12772,6,11764.224041330726,8.575,2220.7443365062463
12773,6,11765.224041330726,8.565,2016.5594006840433
12774,6,11766.224041330726,8.555,2014.3775558757773
12775,6,11767.224041330726,8.545,2012.1953110675113
12776,6,11768.224041330726,8.533,2411.732762134245
12777,6,11769.224041330726,8.523,2007.3588524893257
12778,6,11770.224041330726,8.515,1604.3286177293667
12779,6,11771.224041330726,8.503,2403.872288824487
12780,6,11772.224041330726,8.487,3200.1613833953475
12781,6,11773.224041330726,8.474,2595.913488545116
12782,6,11774.224041330726,8.463,2193.620358468405
12783,6,11775.224041330726,8.453,1991.896898831463
12784,6,11776.224041330726,8.441,2387.3703474506324
12785,6,11777.224041330726,8.431,1987.0532402536307
12786,6,11778.224041330726,8.421,1984.8663154450114
12787,6,11779.224041330726,8.409,2378.9320873868915
12788,6,11780.224041330726,8.398,2177.8924800893005
12789,6,11781.224041330726,8.385,2570.415680113477
12790,6,11782.224041330726,8.373,2369.358125815533
12791,6,11783.224041330726,8.364,1774.9423870174883
12792,6,11784.224041330726,8.352,2363.821068898703
12793,6,11785.224041330726,8.345,1377.4452007266298
12794,6,11786.224041330726,8.334,2162.4067386391052
12795,6,11787.224041330726,8.323,2159.7376994207543
12877,6,11869.224041330726,8.317,1185.0233282865047
12878,6,11870.224041330726,8.311,1184.2685121555287
12879,6,11871.224041330726,8.303,1577.828129781176
12880,6,11872.224041330726,8.298,985.4539565508111
12881,6,11873.224041330726,8.288,1969.2929394950722
12882,6,11874.224041330726,8.282,1180.5353541891457
12883,6,11875.224041330726,8.275,1376.3265911661256
12884,6,11876.224041330726,8.267,1571.6519847337188
12885,6,11877.224041330726,8.259,1570.2640360560797
12886,6,11878.224041330726,8.248,2156.812286752907
12887,6,11879.224041330726,8.24,1566.9171679475155
12888,6,11880.224041330726,8.227,2543.2114407516906
12889,6,11881.224041330726,8.22,1367.8734426543015
12890,6,11882.224041330726,8.209,2147.3436465254445
12891,6,11883.224041330726,8.2,1754.9264096478294
12892,6,11884.224041330726,8.192,1558.4496038837744
12893,6,11885.224041330726,8.18,2335.0186560560883
12894,6,11886.224041330726,8.168,2331.791887532185
12895,6,11887.224041330726,8.158,1940.7081969876128
12896,6,11888.224041330726,8.149,1744.7514249778874
12897,6,11889.224041330726,8.137,2323.5348328450905
12898,6,11890.224041330726,8.128,1740.5504462902643
12899,6,11891.224041330726,8.118,1931.8482577545487
12900,6,11892.224041330726,8.107,2122.464685776696
12901,6,11893.224041330726,8.096,2119.7650005583514
12902,6,11894.224041330726,8.084,2309.3825398648614
12903,6,11895.224041330726,8.074,1922.0303005981777
12904,6,11896.224041330726,8.064,1919.8126357899116
