fixIdx,time,lat,lng,alt,tickLead,tickRace,zoneIdx,legIdx,togo,area
14,2019-05-27T10:09:41Z,45.55286667,6.10491667,886.00,-3024.426970591061,-3865.465329566278,1,0,44.589,
15,2019-05-27T10:09:42Z,45.55286667,6.10491667,885.00,-3023.426970591061,-3864.465329566278,2,0,44.589,
16,2019-05-27T10:09:43Z,45.55285000,6.10491667,885.00,-3022.426970591061,-3863.465329566278,3,0,44.59,
17,2019-05-27T10:09:44Z,45.55281667,6.10496667,884.00,-3021.426970591061,-3862.465329566278,4,0,44.589,
18,2019-05-27T10:09:45Z,45.55280000,6.10496667,883.00,-3020.426970591061,-3861.465329566278,5,0,44.59,
19,2019-05-27T10:09:46Z,45.55275000,6.10500000,881.00,-3019.426970591061,-3860.465329566278,6,0,44.591,
20,2019-05-27T10:09:47Z,45.55266667,6.10500000,880.00,-3018.426970591061,-3859.465329566278,7,0,44.596,
21,2019-05-27T10:09:48Z,45.55256667,6.10496667,880.00,-3017.426970591061,-3858.465329566278,8,0,44.604,
22,2019-05-27T10:09:49Z,45.55255000,6.10496667,884.00,-3016.426970591061,-3857.465329566278,9,0,44.605,
23,2019-05-27T10:09:50Z,45.55251667,6.10496667,888.00,-3015.426970591061,-3856.465329566278,10,0,44.607,
24,2019-05-27T10:09:51Z,45.55251667,6.10500000,890.00,-3014.426970591061,-3855.465329566278,11,0,44.605,
25,2019-05-27T10:09:52Z,45.55250000,6.10501667,890.00,-3013.426970591061,-3854.465329566278,12,0,44.605,
26,2019-05-27T10:09:53Z,45.55245000,6.10506667,890.00,-3012.426970591061,-3853.465329566278,13,0,44.605,
27,2019-05-27T10:09:54Z,45.55236667,6.10510000,890.00,-3011.426970591061,-3852.465329566278,14,0,44.608,
28,2019-05-27T10:09:55Z,45.55231667,6.10511667,891.00,-3010.426970591061,-3851.465329566278,15,0,44.61,
29,2019-05-27T10:09:56Z,45.55226667,6.10511667,895.00,-3009.426970591061,-3850.465329566278,16,0,44.613,
30,2019-05-27T10:09:57Z,45.55221667,6.10511667,899.00,-3008.426970591061,-3849.465329566278,17,0,44.616,
31,2019-05-27T10:09:58Z,45.55220000,6.10516667,900.00,-3007.426970591061,-3848.465329566278,18,0,44.614,
32,2019-05-27T10:09:59Z,45.55216667,6.10520000,902.00,-3006.426970591061,-3847.465329566278,19,0,44.614,
33,2019-05-27T10:10:00Z,45.55206667,6.10525000,903.00,-3005.426970591061,-3846.465329566278,20,0,44.617,
34,2019-05-27T10:10:01Z,45.55201667,6.10526667,905.00,-3004.426970591061,-3845.465329566278,21,0,44.619,
35,2019-05-27T10:10:02Z,45.55195000,6.10531667,909.00,-3003.426970591061,-3844.465329566278,22,0,44.62,
36,2019-05-27T10:10:03Z,45.55191667,6.10536667,914.00,-3002.426970591061,-3843.465329566278,23,0,44.619,
37,2019-05-27T10:10:04Z,45.55195000,6.10540000,919.00,-3001.426970591061,-3842.465329566278,24,0,44.615,
38,2019-05-27T10:10:05Z,45.55195000,6.10541667,923.00,-3000.426970591061,-3841.465329566278,25,0,44.614,
39,2019-05-27T10:10:06Z,45.55195000,6.10545000,925.00,-2999.426970591061,-3840.465329566278,26,0,44.612,
40,2019-05-27T10:10:07Z,45.55191667,6.10545000,923.00,-2998.426970591061,-3839.465329566278,27,0,44.614,
41,2019-05-27T10:10:08Z,45.55186667,6.10545000,920.00,-2997.426970591061,-3838.465329566278,28,0,44.617,
42,2019-05-27T10:10:09Z,45.55181667,6.10545000,920.00,-2996.426970591061,-3837.465329566278,29,0,44.62,
43,2019-05-27T10:10:10Z,45.55176667,6.10545000,920.00,-2995.426970591061,-3836.465329566278,30,0,44.623,
44,2019-05-27T10:10:11Z,45.55171667,6.10545000,920.00,-2994.426970591061,-3835.465329566278,31,0,44.626,
45,2019-05-27T10:10:12Z,45.55166667,6.10541667,921.00,-2993.426970591061,-3834.465329566278,32,0,44.632,
46,2019-05-27T10:10:13Z,45.55161667,6.10540000,921.00,-2992.426970591061,-3833.465329566278,33,0,44.636,
47,2019-05-27T10:10:14Z,45.55156667,6.10536667,921.00,-2991.426970591061,-3832.465329566278,34,0,44.641,
48,2019-05-27T10:10:15Z,45.55150000,6.10536667,920.00,-2990.426970591061,-3831.465329566278,35,0,44.645,
49,2019-05-27T10:10:16Z,45.55141667,6.10535000,920.00,-2989.426970591061,-3830.465329566278,36,0,44.652,
50,2019-05-27T10:10:17Z,45.55136667,6.10535000,920.00,-2988.426970591061,-3829.465329566278,37,0,44.655,
51,2019-05-27T10:10:18Z,45.55131667,6.10531667,920.00,-2987.426970591061,-3828.465329566278,38,0,44.66,
52,2019-05-27T10:10:19Z,45.55126667,6.10531667,919.00,-2986.426970591061,-3827.465329566278,39,0,44.663,
53,2019-05-27T10:10:20Z,45.55121667,6.10526667,918.00,-2985.426970591061,-3826.465329566278,40,0,44.67,
54,2019-05-27T10:10:21Z,45.55115000,6.10525000,916.00,-2984.426970591061,-3825.465329566278,41,0,44.675,
55,2019-05-27T10:10:22Z,45.55106667,6.10521667,915.00,-2983.426970591061,-3824.465329566278,42,0,44.682,
56,2019-05-27T10:10:23Z,45.55100000,6.10516667,915.00,-2982.426970591061,-3823.465329566278,43,0,44.69,
57,2019-05-27T10:10:24Z,45.55091667,6.10515000,915.00,-2981.426970591061,-3822.465329566278,44,0,44.696,
58,2019-05-27T10:10:25Z,45.55086667,6.10511667,916.00,-2980.426970591061,-3821.465329566278,45,0,44.701,
59,2019-05-27T10:10:26Z,45.55081667,6.10511667,918.00,-2979.426970591061,-3820.465329566278,46,0,44.704,
60,2019-05-27T10:10:27Z,45.55080000,6.10510000,919.00,-2978.426970591061,-3819.465329566278,47,0,44.707,
61,2019-05-27T10:10:28Z,45.55075000,6.10506667,920.00,-2977.426970591061,-3818.465329566278,48,0,44.712,
62,2019-05-27T10:10:29Z,45.55070000,6.10506667,920.00,-2976.426970591061,-3817.465329566278,49,0,44.715,
63,2019-05-27T10:10:30Z,45.55061667,6.10505000,920.00,-2975.426970591061,-3816.465329566278,50,0,44.721,
64,2019-05-27T10:10:31Z,45.55056667,6.10501667,920.00,-2974.426970591061,-3815.465329566278,51,0,44.727,
65,2019-05-27T10:10:32Z,45.55046667,6.10501667,920.00,-2973.426970591061,-3814.465329566278,52,0,44.733,
66,2019-05-27T10:10:33Z,45.55041667,6.10501667,922.00,-2972.426970591061,-3813.465329566278,53,0,44.736,
67,2019-05-27T10:10:34Z,45.55035000,6.10496667,924.00,-2971.426970591061,-3812.465329566278,54,0,44.744,
68,2019-05-27T10:10:35Z,45.55030000,6.10491667,927.00,-2970.426970591061,-3811.465329566278,55,0,44.75,
69,2019-05-27T10:10:36Z,45.55026667,6.10486667,929.00,-2969.426970591061,-3810.465329566278,56,0,44.755,
70,2019-05-27T10:10:37Z,45.55021667,6.10480000,930.00,-2968.426970591061,-3809.465329566278,57,0,44.763,
71,2019-05-27T10:10:38Z,45.55015000,6.10471667,930.00,-2967.426970591061,-3808.465329566278,58,0,44.772,
72,2019-05-27T10:10:39Z,45.55010000,6.10461667,930.00,-2966.426970591061,-3807.465329566278,59,0,44.782,
73,2019-05-27T10:10:40Z,45.55001667,6.10456667,930.00,-2965.426970591061,-3806.465329566278,60,0,44.79,
74,2019-05-27T10:10:41Z,45.54995000,6.10451667,930.00,-2964.426970591061,-3805.465329566278,61,0,44.798,
75,2019-05-27T10:10:42Z,45.54986667,6.10445000,929.00,-2963.426970591061,-3804.465329566278,62,0,44.807,
76,2019-05-27T10:10:43Z,45.54981667,6.10436667,929.00,-2962.426970591061,-3803.465329566278,63,0,44.816,
77,2019-05-27T10:10:44Z,45.54975000,6.10426667,928.00,-2961.426970591061,-3802.465329566278,64,0,44.827,
78,2019-05-27T10:10:45Z,45.54970000,6.10416667,928.00,-2960.426970591061,-3801.465329566278,65,0,44.836,
79,2019-05-27T10:10:46Z,45.54966667,6.10406667,928.00,-2959.426970591061,-3800.465329566278,66,0,44.845,
80,2019-05-27T10:10:47Z,45.54961667,6.10391667,927.00,-2958.426970591061,-3799.465329566278,67,0,44.857,
81,2019-05-27T10:10:48Z,45.54960000,6.10376667,926.00,-2957.426970591061,-3798.465329566278,68,0,44.868,
82,2019-05-27T10:10:49Z,45.54956667,6.10361667,925.00,-2956.426970591061,-3797.465329566278,69,0,44.88,
83,2019-05-27T10:10:50Z,45.54956667,6.10346667,924.00,-2955.426970591061,-3796.465329566278,70,0,44.889,
84,2019-05-27T10:10:51Z,45.54956667,6.10331667,923.00,-2954.426970591061,-3795.465329566278,71,0,44.899,
85,2019-05-27T10:10:52Z,45.54951667,6.10316667,923.00,-2953.426970591061,-3794.465329566278,1,1,44.912,
86,2019-05-27T10:10:53Z,45.54951667,6.10301667,923.00,-2952.426970591061,-3793.465329566278,2,1,44.921,
87,2019-05-27T10:10:54Z,45.54950000,6.10285000,924.00,-2951.426970591061,-3792.465329566278,3,1,44.933,
88,2019-05-27T10:10:55Z,45.54946667,6.10266667,925.00,-2950.426970591061,-3791.465329566278,4,1,44.947,
89,2019-05-27T10:10:56Z,45.54946667,6.10251667,927.00,-2949.426970591061,-3790.465329566278,5,1,44.956,
90,2019-05-27T10:10:57Z,45.54946667,6.10236667,929.00,-2948.426970591061,-3789.465329566278,6,1,44.966,
91,2019-05-27T10:10:58Z,45.54946667,6.10221667,930.00,-2947.426970591061,-3788.465329566278,7,1,44.976,
92,2019-05-27T10:10:59Z,45.54945000,6.10206667,931.00,-2946.426970591061,-3787.465329566278,8,1,44.986,
93,2019-05-27T10:11:00Z,45.54945000,6.10191667,931.00,-2945.426970591061,-3786.465329566278,9,1,44.996,
94,2019-05-27T10:11:01Z,45.54941667,6.10176667,930.00,-2944.426970591061,-3785.465329566278,10,1,45.008,
95,2019-05-27T10:11:02Z,45.54941667,6.10160000,930.00,-2943.426970591061,-3784.465329566278,11,1,45.018,
96,2019-05-27T10:11:03Z,45.54936667,6.10141667,929.00,-2942.426970591061,-3783.465329566278,12,1,45.033,
97,2019-05-27T10:11:04Z,45.54935000,6.10126667,930.00,-2941.426970591061,-3782.465329566278,13,1,45.044,
98,2019-05-27T10:11:05Z,45.54931667,6.10106667,930.00,-2940.426970591061,-3781.465329566278,14,1,45.059,
99,2019-05-27T10:11:06Z,45.54931667,6.10091667,933.00,-2939.426970591061,-3780.465329566278,15,1,45.068,
100,2019-05-27T10:11:07Z,45.54931667,6.10076667,935.00,-2938.426970591061,-3779.465329566278,16,1,45.078,
101,2019-05-27T10:11:08Z,45.54930000,6.10061667,937.00,-2937.426970591061,-3778.465329566278,17,1,45.089,
102,2019-05-27T10:11:09Z,45.54930000,6.10046667,939.00,-2936.426970591061,-3777.465329566278,18,1,45.098,
103,2019-05-27T10:11:10Z,45.54926667,6.10035000,940.00,-2935.426970591061,-3776.465329566278,19,1,45.108,
104,2019-05-27T10:11:11Z,45.54925000,6.10020000,940.00,-2934.426970591061,-3775.465329566278,20,1,45.119,
105,2019-05-27T10:11:12Z,45.54920000,6.10006667,941.00,-2933.426970591061,-3774.465329566278,21,1,45.13,
106,2019-05-27T10:11:13Z,45.54916667,6.09991667,942.00,-2932.426970591061,-3773.465329566278,22,1,45.142,
107,2019-05-27T10:11:14Z,45.54911667,6.09976667,944.00,-2931.426970591061,-3772.465329566278,23,1,45.155,
108,2019-05-27T10:11:15Z,45.54910000,6.09965000,946.00,-2930.426970591061,-3771.465329566278,24,1,45.163,
109,2019-05-27T10:11:16Z,45.54906667,6.09951667,947.00,-2929.426970591061,-3770.465329566278,25,1,45.174,
110,2019-05-27T10:11:17Z,45.54905000,6.09941667,949.00,-2928.426970591061,-3769.465329566278,26,1,45.181,
111,2019-05-27T10:11:18Z,45.54901667,6.09926667,951.00,-2927.426970591061,-3768.465329566278,27,1,45.193,
112,2019-05-27T10:11:19Z,45.54900000,6.09916667,953.00,-2926.426970591061,-3767.465329566278,28,1,45.201,
113,2019-05-27T10:11:20Z,45.54896667,6.09905000,955.00,-2925.426970591061,-3766.465329566278,29,1,45.21,
114,2019-05-27T10:11:21Z,45.54895000,6.09895000,958.00,-2924.426970591061,-3765.465329566278,30,1,45.218,
115,2019-05-27T10:11:22Z,45.54891667,6.09885000,961.00,-2923.426970591061,-3764.465329566278,31,1,45.226,
116,2019-05-27T10:11:23Z,45.54891667,6.09875000,963.00,-2922.426970591061,-3763.465329566278,32,1,45.233,
117,2019-05-27T10:11:24Z,45.54890000,6.09865000,967.00,-2921.426970591061,-3762.465329566278,33,1,45.24,
118,2019-05-27T10:11:25Z,45.54886667,6.09855000,969.00,-2920.426970591061,-3761.465329566278,34,1,45.249,
119,2019-05-27T10:11:26Z,45.54886667,6.09846667,971.00,-2919.426970591061,-3760.465329566278,35,1,45.254,
120,2019-05-27T10:11:27Z,45.54886667,6.09836667,972.00,-2918.426970591061,-3759.465329566278,36,1,45.261,
121,2019-05-27T10:11:28Z,45.54885000,6.09826667,974.00,-2917.426970591061,-3758.465329566278,37,1,45.268,
122,2019-05-27T10:11:29Z,45.54881667,6.09816667,976.00,-2916.426970591061,-3757.465329566278,38,1,45.277,
123,2019-05-27T10:11:30Z,45.54880000,6.09806667,977.00,-2915.426970591061,-3756.465329566278,39,1,45.284,
124,2019-05-27T10:11:31Z,45.54876667,6.09796667,979.00,-2914.426970591061,-3755.465329566278,40,1,45.293,
125,2019-05-27T10:11:32Z,45.54875000,6.09786667,981.00,-2913.426970591061,-3754.465329566278,41,1,45.3,
126,2019-05-27T10:11:33Z,45.54871667,6.09776667,983.00,-2912.426970591061,-3753.465329566278,42,1,45.309,
127,2019-05-27T10:11:34Z,45.54866667,6.09771667,985.00,-2911.426970591061,-3752.465329566278,43,1,45.315,
128,2019-05-27T10:11:35Z,45.54861667,6.09765000,986.00,-2910.426970591061,-3751.465329566278,44,1,45.322,
129,2019-05-27T10:11:36Z,45.54856667,6.09756667,987.00,-2909.426970591061,-3750.465329566278,45,1,45.331,
130,2019-05-27T10:11:37Z,45.54850000,6.09746667,987.00,-2908.426970591061,-3749.465329566278,46,1,45.341,
131,2019-05-27T10:11:38Z,45.54841667,6.09735000,987.00,-2907.426970591061,-3748.465329566278,47,1,45.354,
132,2019-05-27T10:11:39Z,45.54840000,6.09721667,988.00,-2906.426970591061,-3747.465329566278,48,1,45.364,
133,2019-05-27T10:11:40Z,45.54836667,6.09710000,991.00,-2905.426970591061,-3746.465329566278,49,1,45.373,
134,2019-05-27T10:11:41Z,45.54831667,6.09696667,993.00,-2904.426970591061,-3745.465329566278,50,1,45.385,
135,2019-05-27T10:11:42Z,45.54831667,6.09690000,996.00,-2903.426970591061,-3744.465329566278,51,1,45.389,
136,2019-05-27T10:11:43Z,45.54830000,6.09680000,999.00,-2902.426970591061,-3743.465329566278,52,1,45.397,
137,2019-05-27T10:11:44Z,45.54826667,6.09670000,1001.00,-2901.426970591061,-3742.465329566278,53,1,45.405,
138,2019-05-27T10:11:45Z,45.54821667,6.09656667,1002.00,-2900.426970591061,-3741.465329566278,54,1,45.417,
139,2019-05-27T10:11:46Z,45.54821667,6.09645000,1002.00,-2899.426970591061,-3740.465329566278,55,1,45.425,
140,2019-05-27T10:11:47Z,45.54820000,6.09630000,1003.00,-2898.426970591061,-3739.465329566278,56,1,45.435,
141,2019-05-27T10:11:48Z,45.54816667,6.09615000,1004.00,-2897.426970591061,-3738.465329566278,57,1,45.447,
142,2019-05-27T10:11:49Z,45.54816667,6.09600000,1005.00,-2896.426970591061,-3737.465329566278,58,1,45.457,
143,2019-05-27T10:11:50Z,45.54815000,6.09586667,1006.00,-2895.426970591061,-3736.465329566278,59,1,45.466,
144,2019-05-27T10:11:51Z,45.54811667,6.09571667,1008.00,-2894.426970591061,-3735.465329566278,60,1,45.478,
145,2019-05-27T10:11:52Z,45.54806667,6.09561667,1009.00,-2893.426970591061,-3734.465329566278,61,1,45.488,
146,2019-05-27T10:11:53Z,45.54805000,6.09546667,1010.00,-2892.426970591061,-3733.465329566278,62,1,45.498,
147,2019-05-27T10:11:54Z,45.54805000,6.09535000,1012.00,-2891.426970591061,-3732.465329566278,63,1,45.506,
148,2019-05-27T10:11:55Z,45.54805000,6.09521667,1013.00,-2890.426970591061,-3731.465329566278,64,1,45.515,
149,2019-05-27T10:11:56Z,45.54801667,6.09506667,1013.00,-2889.426970591061,-3730.465329566278,65,1,45.526,
150,2019-05-27T10:11:57Z,45.54801667,6.09491667,1013.00,-2888.426970591061,-3729.465329566278,66,1,45.536,
151,2019-05-27T10:11:58Z,45.54796667,6.09476667,1014.00,-2887.426970591061,-3728.465329566278,67,1,45.549,
152,2019-05-27T10:11:59Z,45.54795000,6.09461667,1015.00,-2886.426970591061,-3727.465329566278,68,1,45.56,
153,2019-05-27T10:12:00Z,45.54791667,6.09451667,1015.00,-2885.426970591061,-3726.465329566278,69,1,45.568,
154,2019-05-27T10:12:01Z,45.54786667,6.09441667,1016.00,-2884.426970591061,-3725.465329566278,70,1,45.578,
155,2019-05-27T10:12:02Z,45.54781667,6.09426667,1016.00,-2883.426970591061,-3724.465329566278,71,1,45.59,
156,2019-05-27T10:12:03Z,45.54776667,6.09415000,1017.00,-2882.426970591061,-3723.465329566278,72,1,45.601,
157,2019-05-27T10:12:04Z,45.54770000,6.09405000,1020.00,-2881.426970591061,-3722.465329566278,73,1,45.612,
158,2019-05-27T10:12:05Z,45.54761667,6.09400000,1023.00,-2880.426970591061,-3721.465329566278,74,1,45.62,
159,2019-05-27T10:12:06Z,45.54756667,6.09391667,1025.00,-2879.426970591061,-3720.465329566278,75,1,45.629,
160,2019-05-27T10:12:07Z,45.54751667,6.09386667,1026.00,-2878.426970591061,-3719.465329566278,76,1,45.635,
161,2019-05-27T10:12:08Z,45.54741667,6.09376667,1027.00,-2877.426970591061,-3718.465329566278,77,1,45.648,
162,2019-05-27T10:12:09Z,45.54735000,6.09366667,1027.00,-2876.426970591061,-3717.465329566278,78,1,45.658,
163,2019-05-27T10:12:10Z,45.54726667,6.09361667,1029.00,-2875.426970591061,-3716.465329566278,79,1,45.667,
164,2019-05-27T10:12:11Z,45.54721667,6.09356667,1031.00,-2874.426970591061,-3715.465329566278,80,1,45.673,
165,2019-05-27T10:12:12Z,45.54715000,6.09355000,1033.00,-2873.426970591061,-3714.465329566278,81,1,45.678,
166,2019-05-27T10:12:13Z,45.54706667,6.09355000,1033.00,-2872.426970591061,-3713.465329566278,82,1,45.683,
167,2019-05-27T10:12:14Z,45.54701667,6.09351667,1032.00,-2871.426970591061,-3712.465329566278,83,1,45.689,
168,2019-05-27T10:12:15Z,45.54691667,6.09351667,1030.00,-2870.426970591061,-3711.465329566278,84,1,45.695,
169,2019-05-27T10:12:16Z,45.54681667,6.09346667,1027.00,-2869.426970591061,-3710.465329566278,85,1,45.704,
170,2019-05-27T10:12:17Z,45.54671667,6.09345000,1025.00,-2868.426970591061,-3709.465329566278,86,1,45.712,
171,2019-05-27T10:12:18Z,45.54661667,6.09341667,1024.00,-2867.426970591061,-3708.465329566278,87,1,45.72,
172,2019-05-27T10:12:19Z,45.54655000,6.09341667,1023.00,-2866.426970591061,-3707.465329566278,88,1,45.724,
173,2019-05-27T10:12:20Z,45.54646667,6.09341667,1023.00,-2865.426970591061,-3706.465329566278,89,1,45.729,
174,2019-05-27T10:12:21Z,45.54636667,6.09341667,1023.00,-2864.426970591061,-3705.465329566278,90,1,45.736,
175,2019-05-27T10:12:22Z,45.54631667,6.09341667,1022.00,-2863.426970591061,-3704.465329566278,91,1,45.739,
176,2019-05-27T10:12:23Z,45.54621667,6.09341667,1021.00,-2862.426970591061,-3703.465329566278,92,1,45.745,
177,2019-05-27T10:12:24Z,45.54615000,6.09341667,1021.00,-2861.426970591061,-3702.465329566278,93,1,45.749,
178,2019-05-27T10:12:25Z,45.54605000,6.09340000,1021.00,-2860.426970591061,-3701.465329566278,94,1,45.757,
179,2019-05-27T10:12:26Z,45.54596667,6.09336667,1022.00,-2859.426970591061,-3700.465329566278,95,1,45.764,
180,2019-05-27T10:12:27Z,45.54590000,6.09335000,1023.00,-2858.426970591061,-3699.465329566278,96,1,45.769,
181,2019-05-27T10:12:28Z,45.54581667,6.09331667,1024.00,-2857.426970591061,-3698.465329566278,97,1,45.777,
182,2019-05-27T10:12:29Z,45.54575000,6.09331667,1025.00,-2856.426970591061,-3697.465329566278,98,1,45.781,
183,2019-05-27T10:12:30Z,45.54566667,6.09335000,1025.00,-2855.426970591061,-3696.465329566278,99,1,45.784,
184,2019-05-27T10:12:31Z,45.54560000,6.09335000,1026.00,-2854.426970591061,-3695.465329566278,100,1,45.788,
185,2019-05-27T10:12:32Z,45.54550000,6.09331667,1026.00,-2853.426970591061,-3694.465329566278,101,1,45.796,
186,2019-05-27T10:12:33Z,45.54541667,6.09331667,1026.00,-2852.426970591061,-3693.465329566278,102,1,45.802,
187,2019-05-27T10:12:34Z,45.54536667,6.09331667,1027.00,-2851.426970591061,-3692.465329566278,103,1,45.805,
188,2019-05-27T10:12:35Z,45.54530000,6.09331667,1027.00,-2850.426970591061,-3691.465329566278,104,1,45.809,
189,2019-05-27T10:12:36Z,45.54521667,6.09331667,1028.00,-2849.426970591061,-3690.465329566278,105,1,45.814,
190,2019-05-27T10:12:37Z,45.54515000,6.09331667,1029.00,-2848.426970591061,-3689.465329566278,106,1,45.819,
191,2019-05-27T10:12:38Z,45.54506667,6.09330000,1031.00,-2847.426970591061,-3688.465329566278,107,1,45.825,
192,2019-05-27T10:12:39Z,45.54500000,6.09326667,1033.00,-2846.426970591061,-3687.465329566278,108,1,45.831,
193,2019-05-27T10:12:40Z,45.54491667,6.09321667,1036.00,-2845.426970591061,-3686.465329566278,109,1,45.84,
194,2019-05-27T10:12:41Z,45.54485000,6.09316667,1039.00,-2844.426970591061,-3685.465329566278,110,1,45.847,
195,2019-05-27T10:12:42Z,45.54476667,6.09315000,1041.00,-2843.426970591061,-3684.465329566278,111,1,45.854,
196,2019-05-27T10:12:43Z,45.54470000,6.09316667,1043.00,-2842.426970591061,-3683.465329566278,112,1,45.857,
197,2019-05-27T10:12:44Z,45.54461667,6.09316667,1046.00,-2841.426970591061,-3682.465329566278,113,1,45.862,
198,2019-05-27T10:12:45Z,45.54455000,6.09316667,1049.00,-2840.426970591061,-3681.465329566278,114,1,45.866,
199,2019-05-27T10:12:46Z,45.54446667,6.09316667,1052.00,-2839.426970591061,-3680.465329566278,115,1,45.872,
200,2019-05-27T10:12:47Z,45.54445000,6.09316667,1055.00,-2838.426970591061,-3679.465329566278,116,1,45.873,
201,2019-05-27T10:12:48Z,45.54440000,6.09316667,1057.00,-2837.426970591061,-3678.465329566278,117,1,45.876,
202,2019-05-27T10:12:49Z,45.54436667,6.09321667,1057.00,-2836.426970591061,-3677.465329566278,118,1,45.875,
203,2019-05-27T10:12:50Z,45.54431667,6.09331667,1057.00,-2835.426970591061,-3676.465329566278,119,1,45.872,
204,2019-05-27T10:12:51Z,45.54431667,6.09341667,1057.00,-2834.426970591061,-3675.465329566278,120,1,45.865,
205,2019-05-27T10:12:52Z,45.54435000,6.09356667,1057.00,-2833.426970591061,-3674.465329566278,121,1,45.854,
206,2019-05-27T10:12:53Z,45.54436667,6.09366667,1058.00,-2832.426970591061,-3673.465329566278,122,1,45.846,
207,2019-05-27T10:12:54Z,45.54445000,6.09376667,1060.00,-2831.426970591061,-3672.465329566278,123,1,45.834,
208,2019-05-27T10:12:55Z,45.54455000,6.09385000,1061.00,-2830.426970591061,-3671.465329566278,124,1,45.823,
209,2019-05-27T10:12:56Z,45.54461667,6.09386667,1062.00,-2829.426970591061,-3670.465329566278,125,1,45.817,
210,2019-05-27T10:12:57Z,45.54471667,6.09386667,1063.00,-2828.426970591061,-3669.465329566278,126,1,45.811,
211,2019-05-27T10:12:58Z,45.54481667,6.09386667,1064.00,-2827.426970591061,-3668.465329566278,127,1,45.805,
212,2019-05-27T10:12:59Z,45.54491667,6.09381667,1066.00,-2826.426970591061,-3667.465329566278,128,1,45.801,
213,2019-05-27T10:13:00Z,45.54501667,6.09375000,1066.00,-2825.426970591061,-3666.465329566278,129,1,45.799,
214,2019-05-27T10:13:01Z,45.54511667,6.09366667,1067.00,-2824.426970591061,-3665.465329566278,130,1,45.798,
215,2019-05-27T10:13:02Z,45.54516667,6.09356667,1069.00,-2823.426970591061,-3664.465329566278,131,1,45.802,
216,2019-05-27T10:13:03Z,45.54525000,6.09345000,1070.00,-2822.426970591061,-3663.465329566278,132,1,45.804,
217,2019-05-27T10:13:04Z,45.54530000,6.09331667,1070.00,-2821.426970591061,-3662.465329566278,133,1,45.809,
218,2019-05-27T10:13:05Z,45.54531667,6.09316667,1071.00,-2820.426970591061,-3661.465329566278,134,1,45.818,
219,2019-05-27T10:13:06Z,45.54531667,6.09301667,1073.00,-2819.426970591061,-3660.465329566278,135,1,45.827,
220,2019-05-27T10:13:07Z,45.54531667,6.09290000,1074.00,-2818.426970591061,-3659.465329566278,136,1,45.835,
221,2019-05-27T10:13:08Z,45.54531667,6.09276667,1077.00,-2817.426970591061,-3658.465329566278,137,1,45.843,
222,2019-05-27T10:13:09Z,45.54531667,6.09266667,1080.00,-2816.426970591061,-3657.465329566278,138,1,45.85,
223,2019-05-27T10:13:10Z,45.54536667,6.09256667,1081.00,-2815.426970591061,-3656.465329566278,139,1,45.853,
224,2019-05-27T10:13:11Z,45.54536667,6.09241667,1082.00,-2814.426970591061,-3655.465329566278,140,1,45.863,
225,2019-05-27T10:13:12Z,45.54541667,6.09226667,1082.00,-2813.426970591061,-3654.465329566278,141,1,45.869,
226,2019-05-27T10:13:13Z,45.54541667,6.09210000,1083.00,-2812.426970591061,-3653.465329566278,142,1,45.88,
227,2019-05-27T10:13:14Z,45.54545000,6.09191667,1086.00,-2811.426970591061,-3652.465329566278,143,1,45.89,
228,2019-05-27T10:13:15Z,45.54545000,6.09181667,1089.00,-2810.426970591061,-3651.465329566278,144,1,45.896,
229,2019-05-27T10:13:16Z,45.54541667,6.09171667,1093.00,-2809.426970591061,-3650.465329566278,145,1,45.904,
230,2019-05-27T10:13:17Z,45.54536667,6.09161667,1096.00,-2808.426970591061,-3649.465329566278,146,1,45.914,
231,2019-05-27T10:13:18Z,45.54531667,6.09156667,1098.00,-2807.426970591061,-3648.465329566278,147,1,45.92,
232,2019-05-27T10:13:19Z,45.54521667,6.09151667,1099.00,-2806.426970591061,-3647.465329566278,148,1,45.93,
233,2019-05-27T10:13:20Z,45.54516667,6.09151667,1103.00,-2805.426970591061,-3646.465329566278,149,1,45.933,
234,2019-05-27T10:13:21Z,45.54511667,6.09155000,1106.00,-2804.426970591061,-3645.465329566278,150,1,45.934,
235,2019-05-27T10:13:22Z,45.54506667,6.09156667,1109.00,-2803.426970591061,-3644.465329566278,151,1,45.936,
236,2019-05-27T10:13:23Z,45.54506667,6.09166667,1111.00,-2802.426970591061,-3643.465329566278,152,1,45.93,
237,2019-05-27T10:13:24Z,45.54505000,6.09176667,1112.00,-2801.426970591061,-3642.465329566278,153,1,45.924,
238,2019-05-27T10:13:25Z,45.54506667,6.09190000,1112.00,-2800.426970591061,-3641.465329566278,154,1,45.915,
239,2019-05-27T10:13:26Z,45.54511667,6.09201667,1113.00,-2799.426970591061,-3640.465329566278,155,1,45.904,
240,2019-05-27T10:13:27Z,45.54520000,6.09211667,1114.00,-2798.426970591061,-3639.465329566278,156,1,45.892,
241,2019-05-27T10:13:28Z,45.54526667,6.09216667,1116.00,-2797.426970591061,-3638.465329566278,157,1,45.885,
242,2019-05-27T10:13:29Z,45.54536667,6.09221667,1119.00,-2796.426970591061,-3637.465329566278,158,1,45.875,
243,2019-05-27T10:13:30Z,45.54550000,6.09221667,1120.00,-2795.426970591061,-3636.465329566278,159,1,45.867,
244,2019-05-27T10:13:31Z,45.54560000,6.09216667,1122.00,-2794.426970591061,-3635.465329566278,160,1,45.864,
245,2019-05-27T10:13:32Z,45.54570000,6.09211667,1124.00,-2793.426970591061,-3634.465329566278,161,1,45.861,
246,2019-05-27T10:13:33Z,45.54576667,6.09201667,1126.00,-2792.426970591061,-3633.465329566278,162,1,45.863,
247,2019-05-27T10:13:34Z,45.54585000,6.09190000,1128.00,-2791.426970591061,-3632.465329566278,163,1,45.866,
248,2019-05-27T10:13:35Z,45.54591667,6.09175000,1130.00,-2790.426970591061,-3631.465329566278,164,1,45.871,
249,2019-05-27T10:13:36Z,45.54595000,6.09161667,1132.00,-2789.426970591061,-3630.465329566278,165,1,45.878,
250,2019-05-27T10:13:37Z,45.54596667,6.09146667,1135.00,-2788.426970591061,-3629.465329566278,166,1,45.886,
251,2019-05-27T10:13:38Z,45.54595000,6.09135000,1138.00,-2787.426970591061,-3628.465329566278,167,1,45.895,
252,2019-05-27T10:13:39Z,45.54590000,6.09121667,1141.00,-2786.426970591061,-3627.465329566278,168,1,45.906,
253,2019-05-27T10:13:40Z,45.54581667,6.09115000,1144.00,-2785.426970591061,-3626.465329566278,169,1,45.916,
254,2019-05-27T10:13:41Z,45.54576667,6.09106667,1147.00,-2784.426970591061,-3625.465329566278,170,1,45.924,
255,2019-05-27T10:13:42Z,45.54570000,6.09101667,1150.00,-2783.426970591061,-3624.465329566278,171,1,45.932,
256,2019-05-27T10:13:43Z,45.54561667,6.09100000,1152.00,-2782.426970591061,-3623.465329566278,172,1,45.938,
257,2019-05-27T10:13:44Z,45.54556667,6.09101667,1154.00,-2781.426970591061,-3622.465329566278,173,1,45.94,
258,2019-05-27T10:13:45Z,45.54551667,6.09106667,1156.00,-2780.426970591061,-3621.465329566278,174,1,45.94,
259,2019-05-27T10:13:46Z,45.54550000,6.09116667,1156.00,-2779.426970591061,-3620.465329566278,175,1,45.935,
260,2019-05-27T10:13:47Z,45.54550000,6.09131667,1157.00,-2778.426970591061,-3619.465329566278,176,1,45.925,
261,2019-05-27T10:13:48Z,45.54551667,6.09145000,1158.00,-2777.426970591061,-3618.465329566278,177,1,45.915,
262,2019-05-27T10:13:49Z,45.54555000,6.09156667,1159.00,-2776.426970591061,-3617.465329566278,178,1,45.906,
263,2019-05-27T10:13:50Z,45.54561667,6.09165000,1162.00,-2775.426970591061,-3616.465329566278,179,1,45.896,
264,2019-05-27T10:13:51Z,45.54570000,6.09171667,1163.00,-2774.426970591061,-3615.465329566278,180,1,45.887,
265,2019-05-27T10:13:52Z,45.54580000,6.09176667,1165.00,-2773.426970591061,-3614.465329566278,181,1,45.877,
266,2019-05-27T10:13:53Z,45.54590000,6.09180000,1165.00,-2772.426970591061,-3613.465329566278,182,1,45.869,
267,2019-05-27T10:13:54Z,45.54600000,6.09180000,1166.00,-2771.426970591061,-3612.465329566278,183,1,45.863,
268,2019-05-27T10:13:55Z,45.54611667,6.09180000,1168.00,-2770.426970591061,-3611.465329566278,184,1,45.855,
269,2019-05-27T10:13:56Z,45.54621667,6.09176667,1170.00,-2769.426970591061,-3610.465329566278,185,1,45.851,
270,2019-05-27T10:13:57Z,45.54631667,6.09171667,1172.00,-2768.426970591061,-3609.465329566278,186,1,45.848,
271,2019-05-27T10:13:58Z,45.54641667,6.09165000,1175.00,-2767.426970591061,-3608.465329566278,187,1,45.846,
272,2019-05-27T10:13:59Z,45.54646667,6.09155000,1178.00,-2766.426970591061,-3607.465329566278,188,1,45.85,
273,2019-05-27T10:14:00Z,45.54651667,6.09145000,1181.00,-2765.426970591061,-3606.465329566278,189,1,45.853,
274,2019-05-27T10:14:01Z,45.54656667,6.09131667,1183.00,-2764.426970591061,-3605.465329566278,190,1,45.859,
275,2019-05-27T10:14:02Z,45.54661667,6.09120000,1184.00,-2763.426970591061,-3604.465329566278,191,1,45.863,
276,2019-05-27T10:14:03Z,45.54661667,6.09106667,1186.00,-2762.426970591061,-3603.465329566278,192,1,45.872,
277,2019-05-27T10:14:04Z,45.54661667,6.09096667,1187.00,-2761.426970591061,-3602.465329566278,193,1,45.878,
278,2019-05-27T10:14:05Z,45.54660000,6.09081667,1189.00,-2760.426970591061,-3601.465329566278,194,1,45.889,
279,2019-05-27T10:14:06Z,45.54651667,6.09071667,1189.00,-2759.426970591061,-3600.465329566278,195,1,45.901,
280,2019-05-27T10:14:07Z,45.54646667,6.09065000,1191.00,-2758.426970591061,-3599.465329566278,196,1,45.908,
281,2019-05-27T10:14:08Z,45.54641667,6.09055000,1193.00,-2757.426970591061,-3598.465329566278,197,1,45.918,
282,2019-05-27T10:14:09Z,45.54636667,6.09046667,1195.00,-2756.426970591061,-3597.465329566278,198,1,45.926,
283,2019-05-27T10:14:10Z,45.54631667,6.09040000,1198.00,-2755.426970591061,-3596.465329566278,199,1,45.933,
284,2019-05-27T10:14:11Z,45.54630000,6.09035000,1200.00,-2754.426970591061,-3595.465329566278,200,1,45.938,
285,2019-05-27T10:14:12Z,45.54625000,6.09031667,1201.00,-2753.426970591061,-3594.465329566278,201,1,45.943,
286,2019-05-27T10:14:13Z,45.54616667,6.09030000,1200.00,-2752.426970591061,-3593.465329566278,202,1,45.949,
287,2019-05-27T10:14:14Z,45.54610000,6.09031667,1199.00,-2751.426970591061,-3592.465329566278,203,1,45.952,
288,2019-05-27T10:14:15Z,45.54601667,6.09036667,1199.00,-2750.426970591061,-3591.465329566278,204,1,45.954,
289,2019-05-27T10:14:16Z,45.54596667,6.09046667,1201.00,-2749.426970591061,-3590.465329566278,205,1,45.951,
290,2019-05-27T10:14:17Z,45.54596667,6.09060000,1204.00,-2748.426970591061,-3589.465329566278,206,1,45.942,
291,2019-05-27T10:14:18Z,45.54600000,6.09071667,1207.00,-2747.426970591061,-3588.465329566278,207,1,45.933,
292,2019-05-27T10:14:19Z,45.54605000,6.09081667,1208.00,-2746.426970591061,-3587.465329566278,208,1,45.923,
293,2019-05-27T10:14:20Z,45.54611667,6.09090000,1211.00,-2745.426970591061,-3586.465329566278,209,1,45.913,
294,2019-05-27T10:14:21Z,45.54616667,6.09096667,1214.00,-2744.426970591061,-3585.465329566278,210,1,45.906,
295,2019-05-27T10:14:22Z,45.54625000,6.09105000,1216.00,-2743.426970591061,-3584.465329566278,211,1,45.896,
296,2019-05-27T10:14:23Z,45.54631667,6.09110000,1219.00,-2742.426970591061,-3583.465329566278,212,1,45.888,
297,2019-05-27T10:14:24Z,45.54641667,6.09115000,1222.00,-2741.426970591061,-3582.465329566278,213,1,45.879,
298,2019-05-27T10:14:25Z,45.54651667,6.09111667,1224.00,-2740.426970591061,-3581.465329566278,214,1,45.875,
299,2019-05-27T10:14:26Z,45.54661667,6.09110000,1225.00,-2739.426970591061,-3580.465329566278,215,1,45.87,
300,2019-05-27T10:14:27Z,45.54671667,6.09100000,1225.00,-2738.426970591061,-3579.465329566278,216,1,45.87,
301,2019-05-27T10:14:28Z,45.54680000,6.09086667,1227.00,-2737.426970591061,-3578.465329566278,217,1,45.873,
302,2019-05-27T10:14:29Z,45.54681667,6.09071667,1230.00,-2736.426970591061,-3577.465329566278,218,1,45.882,
303,2019-05-27T10:14:30Z,45.54681667,6.09060000,1233.00,-2735.426970591061,-3576.465329566278,219,1,45.89,
304,2019-05-27T10:14:31Z,45.54680000,6.09046667,1235.00,-2734.426970591061,-3575.465329566278,220,1,45.899,
305,2019-05-27T10:14:32Z,45.54671667,6.09036667,1237.00,-2733.426970591061,-3574.465329566278,221,1,45.911,
306,2019-05-27T10:14:33Z,45.54666667,6.09031667,1238.00,-2732.426970591061,-3573.465329566278,222,1,45.917,
307,2019-05-27T10:14:34Z,45.54656667,6.09031667,1240.00,-2731.426970591061,-3572.465329566278,223,1,45.923,
308,2019-05-27T10:14:35Z,45.54650000,6.09035000,1241.00,-2730.426970591061,-3571.465329566278,224,1,45.925,
309,2019-05-27T10:14:36Z,45.54641667,6.09041667,1242.00,-2729.426970591061,-3570.465329566278,225,1,45.926,
310,2019-05-27T10:14:37Z,45.54636667,6.09051667,1244.00,-2728.426970591061,-3569.465329566278,226,1,45.923,
311,2019-05-27T10:14:38Z,45.54635000,6.09060000,1247.00,-2727.426970591061,-3568.465329566278,227,1,45.918,
312,2019-05-27T10:14:39Z,45.54631667,6.09070000,1250.00,-2726.426970591061,-3567.465329566278,228,1,45.914,
313,2019-05-27T10:14:40Z,45.54631667,6.09080000,1253.00,-2725.426970591061,-3566.465329566278,229,1,45.908,
314,2019-05-27T10:14:41Z,45.54631667,6.09091667,1254.00,-2724.426970591061,-3565.465329566278,230,1,45.9,
315,2019-05-27T10:14:42Z,45.54635000,6.09101667,1256.00,-2723.426970591061,-3564.465329566278,231,1,45.891,
316,2019-05-27T10:14:43Z,45.54636667,6.09111667,1259.00,-2722.426970591061,-3563.465329566278,232,1,45.884,
317,2019-05-27T10:14:44Z,45.54641667,6.09121667,1261.00,-2721.426970591061,-3562.465329566278,233,1,45.874,
318,2019-05-27T10:14:45Z,45.54646667,6.09131667,1263.00,-2720.426970591061,-3561.465329566278,234,1,45.865,
319,2019-05-27T10:14:46Z,45.54651667,6.09141667,1264.00,-2719.426970591061,-3560.465329566278,235,1,45.855,
320,2019-05-27T10:14:47Z,45.54660000,6.09150000,1266.00,-2718.426970591061,-3559.465329566278,236,1,45.845,
321,2019-05-27T10:14:48Z,45.54666667,6.09156667,1268.00,-2717.426970591061,-3558.465329566278,237,1,45.836,
322,2019-05-27T10:14:49Z,45.54675000,6.09166667,1269.00,-2716.426970591061,-3557.465329566278,238,1,45.825,
323,2019-05-27T10:14:50Z,45.54681667,6.09171667,1272.00,-2715.426970591061,-3556.465329566278,239,1,45.817,
324,2019-05-27T10:14:51Z,45.54691667,6.09180000,1274.00,-2714.426970591061,-3555.465329566278,240,1,45.806,
325,2019-05-27T10:14:52Z,45.54701667,6.09181667,1275.00,-2713.426970591061,-3554.465329566278,241,1,45.798,
326,2019-05-27T10:14:53Z,45.54711667,6.09176667,1277.00,-2712.426970591061,-3553.465329566278,242,1,45.796,
327,2019-05-27T10:14:54Z,45.54721667,6.09171667,1278.00,-2711.426970591061,-3552.465329566278,243,1,45.793,
328,2019-05-27T10:14:55Z,45.54730000,6.09161667,1281.00,-2710.426970591061,-3551.465329566278,244,1,45.794,
329,2019-05-27T10:14:56Z,45.54735000,6.09150000,1283.00,-2709.426970591061,-3550.465329566278,245,1,45.798,
330,2019-05-27T10:14:57Z,45.54735000,6.09135000,1285.00,-2708.426970591061,-3549.465329566278,246,1,45.808,
331,2019-05-27T10:14:58Z,45.54731667,6.09121667,1286.00,-2707.426970591061,-3548.465329566278,247,1,45.819,
332,2019-05-27T10:14:59Z,45.54721667,6.09111667,1287.00,-2706.426970591061,-3547.465329566278,248,1,45.832,
333,2019-05-27T10:15:00Z,45.54715000,6.09106667,1289.00,-2705.426970591061,-3546.465329566278,249,1,45.839,
334,2019-05-27T10:15:01Z,45.54705000,6.09110000,1291.00,-2704.426970591061,-3545.465329566278,250,1,45.843,
335,2019-05-27T10:15:02Z,45.54696667,6.09116667,1294.00,-2703.426970591061,-3544.465329566278,251,1,45.844,
336,2019-05-27T10:15:03Z,45.54695000,6.09126667,1296.00,-2702.426970591061,-3543.465329566278,252,1,45.838,
337,2019-05-27T10:15:04Z,45.54691667,6.09136667,1298.00,-2701.426970591061,-3542.465329566278,253,1,45.834,
338,2019-05-27T10:15:05Z,45.54691667,6.09150000,1300.00,-2700.426970591061,-3541.465329566278,254,1,45.825,
339,2019-05-27T10:15:06Z,45.54696667,6.09161667,1303.00,-2699.426970591061,-3540.465329566278,255,1,45.815,
340,2019-05-27T10:15:07Z,45.54701667,6.09175000,1304.00,-2698.426970591061,-3539.465329566278,256,1,45.803,
341,2019-05-27T10:15:08Z,45.54706667,6.09181667,1306.00,-2697.426970591061,-3538.465329566278,257,1,45.795,
342,2019-05-27T10:15:09Z,45.54716667,6.09186667,1308.00,-2696.426970591061,-3537.465329566278,258,1,45.786,
343,2019-05-27T10:15:10Z,45.54726667,6.09190000,1310.00,-2695.426970591061,-3536.465329566278,259,1,45.778,
344,2019-05-27T10:15:11Z,45.54736667,6.09186667,1311.00,-2694.426970591061,-3535.465329566278,260,1,45.774,
345,2019-05-27T10:15:12Z,45.54746667,6.09181667,1312.00,-2693.426970591061,-3534.465329566278,261,1,45.771,
346,2019-05-27T10:15:13Z,45.54756667,6.09171667,1313.00,-2692.426970591061,-3533.465329566278,262,1,45.771,
347,2019-05-27T10:15:14Z,45.54765000,6.09161667,1314.00,-2691.426970591061,-3532.465329566278,263,1,45.772,
348,2019-05-27T10:15:15Z,45.54770000,6.09150000,1315.00,-2690.426970591061,-3531.465329566278,264,1,45.777,
349,2019-05-27T10:15:16Z,45.54775000,6.09136667,1317.00,-2689.426970591061,-3530.465329566278,265,1,45.783,
350,2019-05-27T10:15:17Z,45.54776667,6.09121667,1318.00,-2688.426970591061,-3529.465329566278,266,1,45.791,
351,2019-05-27T10:15:18Z,45.54775000,6.09106667,1320.00,-2687.426970591061,-3528.465329566278,267,1,45.802,
352,2019-05-27T10:15:19Z,45.54771667,6.09091667,1321.00,-2686.426970591061,-3527.465329566278,268,1,45.814,
353,2019-05-27T10:15:20Z,45.54766667,6.09081667,1323.00,-2685.426970591061,-3526.465329566278,269,1,45.824,
354,2019-05-27T10:15:21Z,45.54761667,6.09071667,1324.00,-2684.426970591061,-3525.465329566278,270,1,45.833,
355,2019-05-27T10:15:22Z,45.54751667,6.09065000,1327.00,-2683.426970591061,-3524.465329566278,271,1,45.844,
356,2019-05-27T10:15:23Z,45.54745000,6.09060000,1329.00,-2682.426970591061,-3523.465329566278,272,1,45.851,
357,2019-05-27T10:15:24Z,45.54736667,6.09056667,1331.00,-2681.426970591061,-3522.465329566278,273,1,45.858,
358,2019-05-27T10:15:25Z,45.54726667,6.09056667,1333.00,-2680.426970591061,-3521.465329566278,274,1,45.864,
359,2019-05-27T10:15:26Z,45.54721667,6.09061667,1335.00,-2679.426970591061,-3520.465329566278,275,1,45.864,
360,2019-05-27T10:15:27Z,45.54711667,6.09070000,1337.00,-2678.426970591061,-3519.465329566278,276,1,45.865,
361,2019-05-27T10:15:28Z,45.54706667,6.09080000,1338.00,-2677.426970591061,-3518.465329566278,277,1,45.861,
362,2019-05-27T10:15:29Z,45.54705000,6.09091667,1341.00,-2676.426970591061,-3517.465329566278,278,1,45.855,
363,2019-05-27T10:15:30Z,45.54705000,6.09101667,1343.00,-2675.426970591061,-3516.465329566278,279,1,45.848,
364,2019-05-27T10:15:31Z,45.54706667,6.09111667,1344.00,-2674.426970591061,-3515.465329566278,280,1,45.841,
365,2019-05-27T10:15:32Z,45.54715000,6.09125000,1344.00,-2673.426970591061,-3514.465329566278,281,1,45.827,
366,2019-05-27T10:15:33Z,45.54721667,6.09135000,1345.00,-2672.426970591061,-3513.465329566278,282,1,45.816,
367,2019-05-27T10:15:34Z,45.54731667,6.09141667,1347.00,-2671.426970591061,-3512.465329566278,283,1,45.806,
368,2019-05-27T10:15:35Z,45.54740000,6.09141667,1350.00,-2670.426970591061,-3511.465329566278,284,1,45.801,
369,2019-05-27T10:15:36Z,45.54750000,6.09136667,1352.00,-2669.426970591061,-3510.465329566278,285,1,45.798,
370,2019-05-27T10:15:37Z,45.54756667,6.09130000,1353.00,-2668.426970591061,-3509.465329566278,286,1,45.798,
371,2019-05-27T10:15:38Z,45.54765000,6.09120000,1354.00,-2667.426970591061,-3508.465329566278,287,1,45.8,
372,2019-05-27T10:15:39Z,45.54771667,6.09106667,1356.00,-2666.426970591061,-3507.465329566278,288,1,45.804,
373,2019-05-27T10:15:40Z,45.54776667,6.09096667,1357.00,-2665.426970591061,-3506.465329566278,289,1,45.808,
374,2019-05-27T10:15:41Z,45.54780000,6.09081667,1359.00,-2664.426970591061,-3505.465329566278,290,1,45.815,
375,2019-05-27T10:15:42Z,45.54781667,6.09071667,1361.00,-2663.426970591061,-3504.465329566278,291,1,45.821,
376,2019-05-27T10:15:43Z,45.54781667,6.09056667,1362.00,-2662.426970591061,-3503.465329566278,292,1,45.831,
377,2019-05-27T10:15:44Z,45.54776667,6.09041667,1363.00,-2661.426970591061,-3502.465329566278,293,1,45.843,
378,2019-05-27T10:15:45Z,45.54775000,6.09031667,1365.00,-2660.426970591061,-3501.465329566278,294,1,45.851,
379,2019-05-27T10:15:46Z,45.54770000,6.09021667,1367.00,-2659.426970591061,-3500.465329566278,295,1,45.861,
380,2019-05-27T10:15:47Z,45.54761667,6.09016667,1369.00,-2658.426970591061,-3499.465329566278,296,1,45.869,
381,2019-05-27T10:15:48Z,45.54751667,6.09011667,1370.00,-2657.426970591061,-3498.465329566278,297,1,45.878,
382,2019-05-27T10:15:49Z,45.54745000,6.09011667,1372.00,-2656.426970591061,-3497.465329566278,298,1,45.882,
383,2019-05-27T10:15:50Z,45.54736667,6.09015000,1375.00,-2655.426970591061,-3496.465329566278,299,1,45.885,
384,2019-05-27T10:15:51Z,45.54731667,6.09021667,1376.00,-2654.426970591061,-3495.465329566278,300,1,45.884,
385,2019-05-27T10:15:52Z,45.54726667,6.09026667,1376.00,-2653.426970591061,-3494.465329566278,301,1,45.884,
386,2019-05-27T10:15:53Z,45.54721667,6.09036667,1376.00,-2652.426970591061,-3493.465329566278,302,1,45.88,
387,2019-05-27T10:15:54Z,45.54716667,6.09051667,1376.00,-2651.426970591061,-3492.465329566278,303,1,45.874,
388,2019-05-27T10:15:55Z,45.54711667,6.09065000,1377.00,-2650.426970591061,-3491.465329566278,304,1,45.868,
389,2019-05-27T10:15:56Z,45.54706667,6.09076667,1379.00,-2649.426970591061,-3490.465329566278,305,1,45.863,
390,2019-05-27T10:15:57Z,45.54705000,6.09091667,1381.00,-2648.426970591061,-3489.465329566278,306,1,45.855,
391,2019-05-27T10:15:58Z,45.54701667,6.09101667,1383.00,-2647.426970591061,-3488.465329566278,307,1,45.85,
392,2019-05-27T10:15:59Z,45.54701667,6.09111667,1385.00,-2646.426970591061,-3487.465329566278,308,1,45.844,
393,2019-05-27T10:16:00Z,45.54701667,6.09121667,1386.00,-2645.426970591061,-3486.465329566278,309,1,45.837,
394,2019-05-27T10:16:01Z,45.54706667,6.09131667,1385.00,-2644.426970591061,-3485.465329566278,310,1,45.828,
395,2019-05-27T10:16:02Z,45.54715000,6.09141667,1384.00,-2643.426970591061,-3484.465329566278,311,1,45.816,
396,2019-05-27T10:16:03Z,45.54721667,6.09146667,1382.00,-2642.426970591061,-3483.465329566278,312,1,45.809,
397,2019-05-27T10:16:04Z,45.54731667,6.09151667,1382.00,-2641.426970591061,-3482.465329566278,313,1,45.799,
398,2019-05-27T10:16:05Z,45.54745000,6.09151667,1381.00,-2640.426970591061,-3481.465329566278,314,1,45.791,
399,2019-05-27T10:16:06Z,45.54755000,6.09150000,1382.00,-2639.426970591061,-3480.465329566278,315,1,45.786,
400,2019-05-27T10:16:07Z,45.54765000,6.09146667,1383.00,-2638.426970591061,-3479.465329566278,316,1,45.782,
401,2019-05-27T10:16:08Z,45.54775000,6.09146667,1384.00,-2637.426970591061,-3478.465329566278,317,1,45.776,
402,2019-05-27T10:16:09Z,45.54785000,6.09145000,1384.00,-2636.426970591061,-3477.465329566278,318,1,45.771,
403,2019-05-27T10:16:10Z,45.54795000,6.09141667,1385.00,-2635.426970591061,-3476.465329566278,319,1,45.767,
404,2019-05-27T10:16:11Z,45.54805000,6.09136667,1386.00,-2634.426970591061,-3475.465329566278,320,1,45.764,
405,2019-05-27T10:16:12Z,45.54811667,6.09131667,1387.00,-2633.426970591061,-3474.465329566278,321,1,45.764,
406,2019-05-27T10:16:13Z,45.54821667,6.09121667,1387.00,-2632.426970591061,-3473.465329566278,322,1,45.764,
407,2019-05-27T10:16:14Z,45.54830000,6.09115000,1388.00,-2631.426970591061,-3472.465329566278,323,1,45.763,
408,2019-05-27T10:16:15Z,45.54836667,6.09105000,1389.00,-2630.426970591061,-3471.465329566278,324,1,45.766,
409,2019-05-27T10:16:16Z,45.54841667,6.09091667,1390.00,-2629.426970591061,-3470.465329566278,325,1,45.771,
410,2019-05-27T10:16:17Z,45.54850000,6.09081667,1392.00,-2628.426970591061,-3469.465329566278,326,1,45.773,
411,2019-05-27T10:16:18Z,45.54856667,6.09071667,1394.00,-2627.426970591061,-3468.465329566278,327,1,45.775,
412,2019-05-27T10:16:19Z,45.54861667,6.09061667,1395.00,-2626.426970591061,-3467.465329566278,328,1,45.779,
413,2019-05-27T10:16:20Z,45.54866667,6.09050000,1396.00,-2625.426970591061,-3466.465329566278,329,1,45.783,
414,2019-05-27T10:16:21Z,45.54870000,6.09036667,1396.00,-2624.426970591061,-3465.465329566278,330,1,45.79,
415,2019-05-27T10:16:22Z,45.54871667,6.09020000,1396.00,-2623.426970591061,-3464.465329566278,331,1,45.8,
416,2019-05-27T10:16:23Z,45.54875000,6.09005000,1397.00,-2622.426970591061,-3463.465329566278,332,1,45.808,
417,2019-05-27T10:16:24Z,45.54876667,6.08990000,1398.00,-2621.426970591061,-3462.465329566278,333,1,45.817,
418,2019-05-27T10:16:25Z,45.54876667,6.08976667,1400.00,-2620.426970591061,-3461.465329566278,334,1,45.825,
419,2019-05-27T10:16:26Z,45.54875000,6.08966667,1402.00,-2619.426970591061,-3460.465329566278,335,1,45.833,
420,2019-05-27T10:16:27Z,45.54871667,6.08956667,1403.00,-2618.426970591061,-3459.465329566278,336,1,45.842,
421,2019-05-27T10:16:28Z,45.54866667,6.08945000,1404.00,-2617.426970591061,-3458.465329566278,337,1,45.852,
422,2019-05-27T10:16:29Z,45.54861667,6.08935000,1404.00,-2616.426970591061,-3457.465329566278,338,1,45.862,
423,2019-05-27T10:16:30Z,45.54856667,6.08925000,1404.00,-2615.426970591061,-3456.465329566278,339,1,45.871,
424,2019-05-27T10:16:31Z,45.54846667,6.08916667,1405.00,-2614.426970591061,-3455.465329566278,340,1,45.883,
425,2019-05-27T10:16:32Z,45.54841667,6.08911667,1406.00,-2613.426970591061,-3454.465329566278,341,1,45.889,
426,2019-05-27T10:16:33Z,45.54831667,6.08910000,1408.00,-2612.426970591061,-3453.465329566278,342,1,45.896,
427,2019-05-27T10:16:34Z,45.54826667,6.08911667,1408.00,-2611.426970591061,-3452.465329566278,343,1,45.898,
428,2019-05-27T10:16:35Z,45.54816667,6.08916667,1409.00,-2610.426970591061,-3451.465329566278,344,1,45.901,
429,2019-05-27T10:16:36Z,45.54811667,6.08926667,1410.00,-2609.426970591061,-3450.465329566278,345,1,45.897,
430,2019-05-27T10:16:37Z,45.54806667,6.08936667,1411.00,-2608.426970591061,-3449.465329566278,346,1,45.894,
431,2019-05-27T10:16:38Z,45.54805000,6.08950000,1412.00,-2607.426970591061,-3448.465329566278,347,1,45.886,
432,2019-05-27T10:16:39Z,45.54805000,6.08965000,1413.00,-2606.426970591061,-3447.465329566278,348,1,45.876,
433,2019-05-27T10:16:40Z,45.54810000,6.08976667,1414.00,-2605.426970591061,-3446.465329566278,349,1,45.866,
434,2019-05-27T10:16:41Z,45.54816667,6.08986667,1415.00,-2604.426970591061,-3445.465329566278,350,1,45.855,
435,2019-05-27T10:16:42Z,45.54821667,6.08995000,1417.00,-2603.426970591061,-3444.465329566278,351,1,45.847,
436,2019-05-27T10:16:43Z,45.54831667,6.09001667,1418.00,-2602.426970591061,-3443.465329566278,352,1,45.836,
437,2019-05-27T10:16:44Z,45.54841667,6.09001667,1418.00,-2601.426970591061,-3442.465329566278,353,1,45.83,
438,2019-05-27T10:16:45Z,45.54850000,6.09001667,1420.00,-2600.426970591061,-3441.465329566278,354,1,45.825,
439,2019-05-27T10:16:46Z,45.54860000,6.09000000,1421.00,-2599.426970591061,-3440.465329566278,355,1,45.82,
440,2019-05-27T10:16:47Z,45.54866667,6.08991667,1423.00,-2598.426970591061,-3439.465329566278,356,1,45.822,
441,2019-05-27T10:16:48Z,45.54876667,6.08986667,1424.00,-2597.426970591061,-3438.465329566278,357,1,45.819,
442,2019-05-27T10:16:49Z,45.54881667,6.08976667,1425.00,-2596.426970591061,-3437.465329566278,358,1,45.822,
443,2019-05-27T10:16:50Z,45.54886667,6.08961667,1426.00,-2595.426970591061,-3436.465329566278,359,1,45.829,
444,2019-05-27T10:16:51Z,45.54890000,6.08946667,1426.00,-2594.426970591061,-3435.465329566278,360,1,45.837,
445,2019-05-27T10:16:52Z,45.54890000,6.08931667,1426.00,-2593.426970591061,-3434.465329566278,361,1,45.847,
446,2019-05-27T10:16:53Z,45.54890000,6.08916667,1427.00,-2592.426970591061,-3433.465329566278,362,1,45.857,
447,2019-05-27T10:16:54Z,45.54886667,6.08905000,1429.00,-2591.426970591061,-3432.465329566278,363,1,45.866,
448,2019-05-27T10:16:55Z,45.54881667,6.08891667,1430.00,-2590.426970591061,-3431.465329566278,364,1,45.878,
449,2019-05-27T10:16:56Z,45.54876667,6.08876667,1431.00,-2589.426970591061,-3430.465329566278,365,1,45.891,
450,2019-05-27T10:16:57Z,45.54871667,6.08865000,1432.00,-2588.426970591061,-3429.465329566278,366,1,45.902,
451,2019-05-27T10:16:58Z,45.54865000,6.08855000,1433.00,-2587.426970591061,-3428.465329566278,367,1,45.912,
452,2019-05-27T10:16:59Z,45.54856667,6.08846667,1435.00,-2586.426970591061,-3427.465329566278,368,1,45.923,
453,2019-05-27T10:17:00Z,45.54851667,6.08840000,1436.00,-2585.426970591061,-3426.465329566278,369,1,45.93,
454,2019-05-27T10:17:01Z,45.54841667,6.08835000,1436.00,-2584.426970591061,-3425.465329566278,370,1,45.939,
455,2019-05-27T10:17:02Z,45.54831667,6.08831667,1435.00,-2583.426970591061,-3424.465329566278,371,1,45.948,
456,2019-05-27T10:17:03Z,45.54821667,6.08831667,1435.00,-2582.426970591061,-3423.465329566278,372,1,45.954,
457,2019-05-27T10:17:04Z,45.54811667,6.08835000,1435.00,-2581.426970591061,-3422.465329566278,373,1,45.957,
458,2019-05-27T10:17:05Z,45.54801667,6.08840000,1435.00,-2580.426970591061,-3421.465329566278,374,1,45.96,
459,2019-05-27T10:17:06Z,45.54795000,6.08846667,1436.00,-2579.426970591061,-3420.465329566278,375,1,45.96,
460,2019-05-27T10:17:07Z,45.54790000,6.08856667,1435.00,-2578.426970591061,-3419.465329566278,376,1,45.956,
461,2019-05-27T10:17:08Z,45.54786667,6.08866667,1434.00,-2577.426970591061,-3418.465329566278,377,1,45.952,
462,2019-05-27T10:17:09Z,45.54786667,6.08881667,1432.00,-2576.426970591061,-3417.465329566278,378,1,45.942,
463,2019-05-27T10:17:10Z,45.54790000,6.08895000,1430.00,-2575.426970591061,-3416.465329566278,379,1,45.931,
464,2019-05-27T10:17:11Z,45.54795000,6.08906667,1429.00,-2574.426970591061,-3415.465329566278,380,1,45.92,
465,2019-05-27T10:17:12Z,45.54800000,6.08920000,1429.00,-2573.426970591061,-3414.465329566278,381,1,45.909,
466,2019-05-27T10:17:13Z,45.54805000,6.08931667,1430.00,-2572.426970591061,-3413.465329566278,382,1,45.898,
467,2019-05-27T10:17:14Z,45.54811667,6.08941667,1431.00,-2571.426970591061,-3412.465329566278,383,1,45.888,
468,2019-05-27T10:17:15Z,45.54816667,6.08950000,1433.00,-2570.426970591061,-3411.465329566278,384,1,45.879,
469,2019-05-27T10:17:16Z,45.54825000,6.08956667,1435.00,-2569.426970591061,-3410.465329566278,385,1,45.87,
470,2019-05-27T10:17:17Z,45.54831667,6.08961667,1436.00,-2568.426970591061,-3409.465329566278,386,1,45.862,
471,2019-05-27T10:17:18Z,45.54836667,6.08966667,1437.00,-2567.426970591061,-3408.465329566278,387,1,45.856,
472,2019-05-27T10:17:19Z,45.54845000,6.08975000,1437.00,-2566.426970591061,-3407.465329566278,388,1,45.846,
473,2019-05-27T10:17:20Z,45.54851667,6.08980000,1437.00,-2565.426970591061,-3406.465329566278,389,1,45.838,
474,2019-05-27T10:17:21Z,45.54861667,6.08985000,1436.00,-2564.426970591061,-3405.465329566278,390,1,45.829,
475,2019-05-27T10:17:22Z,45.54871667,6.08986667,1436.00,-2563.426970591061,-3404.465329566278,391,1,45.822,
476,2019-05-27T10:17:23Z,45.54880000,6.08985000,1437.00,-2562.426970591061,-3403.465329566278,392,1,45.818,
477,2019-05-27T10:17:24Z,45.54890000,6.08981667,1437.00,-2561.426970591061,-3402.465329566278,393,1,45.814,
478,2019-05-27T10:17:25Z,45.54900000,6.08980000,1438.00,-2560.426970591061,-3401.465329566278,394,1,45.809,
479,2019-05-27T10:17:26Z,45.54906667,6.08975000,1440.00,-2559.426970591061,-3400.465329566278,395,1,45.809,
480,2019-05-27T10:17:27Z,45.54915000,6.08966667,1440.00,-2558.426970591061,-3399.465329566278,396,1,45.809,
481,2019-05-27T10:17:28Z,45.54921667,6.08956667,1440.00,-2557.426970591061,-3398.465329566278,397,1,45.812,
482,2019-05-27T10:17:29Z,45.54926667,6.08945000,1440.00,-2556.426970591061,-3397.465329566278,398,1,45.816,
483,2019-05-27T10:17:30Z,45.54931667,6.08931667,1440.00,-2555.426970591061,-3396.465329566278,399,1,45.822,
484,2019-05-27T10:17:31Z,45.54940000,6.08920000,1441.00,-2554.426970591061,-3395.465329566278,400,1,45.825,
485,2019-05-27T10:17:32Z,45.54941667,6.08906667,1443.00,-2553.426970591061,-3394.465329566278,401,1,45.833,
486,2019-05-27T10:17:33Z,45.54945000,6.08895000,1443.00,-2552.426970591061,-3393.465329566278,402,1,45.838,
487,2019-05-27T10:17:34Z,45.54941667,6.08880000,1443.00,-2551.426970591061,-3392.465329566278,403,1,45.85,
488,2019-05-27T10:17:35Z,45.54940000,6.08865000,1442.00,-2550.426970591061,-3391.465329566278,404,1,45.861,
489,2019-05-27T10:17:36Z,45.54931667,6.08850000,1441.00,-2549.426970591061,-3390.465329566278,405,1,45.876,
490,2019-05-27T10:17:37Z,45.54925000,6.08840000,1442.00,-2548.426970591061,-3389.465329566278,406,1,45.886,
491,2019-05-27T10:17:38Z,45.54915000,6.08831667,1443.00,-2547.426970591061,-3388.465329566278,407,1,45.898,
492,2019-05-27T10:17:39Z,45.54905000,6.08831667,1446.00,-2546.426970591061,-3387.465329566278,408,1,45.904,
493,2019-05-27T10:17:40Z,45.54896667,6.08835000,1448.00,-2545.426970591061,-3386.465329566278,409,1,45.907,
494,2019-05-27T10:17:41Z,45.54886667,6.08841667,1449.00,-2544.426970591061,-3385.465329566278,410,1,45.908,
495,2019-05-27T10:17:42Z,45.54881667,6.08855000,1451.00,-2543.426970591061,-3384.465329566278,411,1,45.902,
496,2019-05-27T10:17:43Z,45.54881667,6.08866667,1452.00,-2542.426970591061,-3383.465329566278,412,1,45.895,
497,2019-05-27T10:17:44Z,45.54885000,6.08880000,1453.00,-2541.426970591061,-3382.465329566278,413,1,45.884,
498,2019-05-27T10:17:45Z,45.54890000,6.08891667,1454.00,-2540.426970591061,-3381.465329566278,414,1,45.873,
499,2019-05-27T10:17:46Z,45.54896667,6.08900000,1454.00,-2539.426970591061,-3380.465329566278,415,1,45.864,
500,2019-05-27T10:17:47Z,45.54901667,6.08906667,1455.00,-2538.426970591061,-3379.465329566278,416,1,45.856,
501,2019-05-27T10:17:48Z,45.54911667,6.08910000,1456.00,-2537.426970591061,-3378.465329566278,417,1,45.848,
502,2019-05-27T10:17:49Z,45.54920000,6.08911667,1456.00,-2536.426970591061,-3377.465329566278,418,1,45.842,
503,2019-05-27T10:17:50Z,45.54926667,6.08910000,1456.00,-2535.426970591061,-3376.465329566278,419,1,45.839,
504,2019-05-27T10:17:51Z,45.54936667,6.08905000,1456.00,-2534.426970591061,-3375.465329566278,420,1,45.837,
505,2019-05-27T10:17:52Z,45.54946667,6.08891667,1455.00,-2533.426970591061,-3374.465329566278,421,1,45.84,
506,2019-05-27T10:17:53Z,45.54955000,6.08880000,1455.00,-2532.426970591061,-3373.465329566278,422,1,45.842,
507,2019-05-27T10:17:54Z,45.54956667,6.08865000,1456.00,-2531.426970591061,-3372.465329566278,423,1,45.851,
508,2019-05-27T10:17:55Z,45.54956667,6.08850000,1458.00,-2530.426970591061,-3371.465329566278,424,1,45.861,
509,2019-05-27T10:17:56Z,45.54956667,6.08836667,1459.00,-2529.426970591061,-3370.465329566278,425,1,45.87,
510,2019-05-27T10:17:57Z,45.54951667,6.08825000,1459.00,-2528.426970591061,-3369.465329566278,426,1,45.88,
511,2019-05-27T10:17:58Z,45.54941667,6.08815000,1459.00,-2527.426970591061,-3368.465329566278,427,1,45.893,
512,2019-05-27T10:17:59Z,45.54935000,6.08806667,1459.00,-2526.426970591061,-3367.465329566278,428,1,45.902,
513,2019-05-27T10:18:00Z,45.54921667,6.08805000,1459.00,-2525.426970591061,-3366.465329566278,429,1,45.911,
514,2019-05-27T10:18:01Z,45.54911667,6.08806667,1460.00,-2524.426970591061,-3365.465329566278,430,1,45.916,
515,2019-05-27T10:18:02Z,45.54905000,6.08815000,1461.00,-2523.426970591061,-3364.465329566278,431,1,45.915,
516,2019-05-27T10:18:03Z,45.54900000,6.08825000,1462.00,-2522.426970591061,-3363.465329566278,432,1,45.911,
517,2019-05-27T10:18:04Z,45.54895000,6.08836667,1463.00,-2521.426970591061,-3362.465329566278,433,1,45.906,
518,2019-05-27T10:18:05Z,45.54891667,6.08846667,1464.00,-2520.426970591061,-3361.465329566278,434,1,45.902,
519,2019-05-27T10:18:06Z,45.54891667,6.08860000,1465.00,-2519.426970591061,-3360.465329566278,435,1,45.893,
520,2019-05-27T10:18:07Z,45.54891667,6.08870000,1466.00,-2518.426970591061,-3359.465329566278,436,1,45.886,
521,2019-05-27T10:18:08Z,45.54896667,6.08880000,1466.00,-2517.426970591061,-3358.465329566278,437,1,45.877,
522,2019-05-27T10:18:09Z,45.54901667,6.08890000,1466.00,-2516.426970591061,-3357.465329566278,438,1,45.867,
523,2019-05-27T10:18:10Z,45.54910000,6.08896667,1466.00,-2515.426970591061,-3356.465329566278,439,1,45.858,
524,2019-05-27T10:18:11Z,45.54920000,6.08906667,1466.00,-2514.426970591061,-3355.465329566278,440,1,45.846,
525,2019-05-27T10:18:12Z,45.54926667,6.08911667,1466.00,-2513.426970591061,-3354.465329566278,441,1,45.838,
526,2019-05-27T10:18:13Z,45.54936667,6.08916667,1466.00,-2512.426970591061,-3353.465329566278,442,1,45.829,
527,2019-05-27T10:18:14Z,45.54946667,6.08916667,1467.00,-2511.426970591061,-3352.465329566278,443,1,45.823,
528,2019-05-27T10:18:15Z,45.54955000,6.08916667,1467.00,-2510.426970591061,-3351.465329566278,444,1,45.818,
529,2019-05-27T10:18:16Z,45.54965000,6.08911667,1466.00,-2509.426970591061,-3350.465329566278,445,1,45.815,
530,2019-05-27T10:18:17Z,45.54971667,6.08906667,1466.00,-2508.426970591061,-3349.465329566278,446,1,45.815,
531,2019-05-27T10:18:18Z,45.54980000,6.08900000,1465.00,-2507.426970591061,-3348.465329566278,447,1,45.814,
532,2019-05-27T10:18:19Z,45.54986667,6.08886667,1464.00,-2506.426970591061,-3347.465329566278,448,1,45.819,
533,2019-05-27T10:18:20Z,45.54990000,6.08871667,1464.00,-2505.426970591061,-3346.465329566278,449,1,45.827,
534,2019-05-27T10:18:21Z,45.54990000,6.08856667,1462.00,-2504.426970591061,-3345.465329566278,450,1,45.837,
535,2019-05-27T10:18:22Z,45.54981667,6.08845000,1461.00,-2503.426970591061,-3344.465329566278,451,1,45.85,
536,2019-05-27T10:18:23Z,45.54971667,6.08840000,1460.00,-2502.426970591061,-3343.465329566278,452,1,45.859,
537,2019-05-27T10:18:24Z,45.54961667,6.08841667,1459.00,-2501.426970591061,-3342.465329566278,453,1,45.864,
538,2019-05-27T10:18:25Z,45.54951667,6.08851667,1459.00,-2500.426970591061,-3341.465329566278,454,1,45.863,
539,2019-05-27T10:18:26Z,45.54946667,6.08861667,1460.00,-2499.426970591061,-3340.465329566278,455,1,45.859,
540,2019-05-27T10:18:27Z,45.54946667,6.08871667,1462.00,-2498.426970591061,-3339.465329566278,456,1,45.853,
541,2019-05-27T10:18:28Z,45.54946667,6.08881667,1464.00,-2497.426970591061,-3338.465329566278,457,1,45.846,
542,2019-05-27T10:18:29Z,45.54950000,6.08891667,1464.00,-2496.426970591061,-3337.465329566278,458,1,45.838,
543,2019-05-27T10:18:30Z,45.54951667,6.08901667,1463.00,-2495.426970591061,-3336.465329566278,459,1,45.83,
544,2019-05-27T10:18:31Z,45.54956667,6.08911667,1462.00,-2494.426970591061,-3335.465329566278,460,1,45.82,
545,2019-05-27T10:18:32Z,45.54961667,6.08925000,1460.00,-2493.426970591061,-3334.465329566278,461,1,45.809,
546,2019-05-27T10:18:33Z,45.54970000,6.08935000,1458.00,-2492.426970591061,-3333.465329566278,462,1,45.797,
547,2019-05-27T10:18:34Z,45.54976667,6.08941667,1457.00,-2491.426970591061,-3332.465329566278,463,1,45.789,
548,2019-05-27T10:18:35Z,45.54981667,6.08950000,1457.00,-2490.426970591061,-3331.465329566278,464,1,45.78,
549,2019-05-27T10:18:36Z,45.54990000,6.08956667,1457.00,-2489.426970591061,-3330.465329566278,465,1,45.771,
550,2019-05-27T10:18:37Z,45.54996667,6.08961667,1457.00,-2488.426970591061,-3329.465329566278,466,1,45.764,
551,2019-05-27T10:18:38Z,45.55006667,6.08966667,1456.00,-2487.426970591061,-3328.465329566278,467,1,45.755,
552,2019-05-27T10:18:39Z,45.55015000,6.08976667,1455.00,-2486.426970591061,-3327.465329566278,468,1,45.743,
553,2019-05-27T10:18:40Z,45.55025000,6.08981667,1453.00,-2485.426970591061,-3326.465329566278,469,1,45.734,
554,2019-05-27T10:18:41Z,45.55036667,6.08986667,1453.00,-2484.426970591061,-3325.465329566278,470,1,45.724,
555,2019-05-27T10:18:42Z,45.55046667,6.08995000,1452.00,-2483.426970591061,-3324.465329566278,471,1,45.712,
556,2019-05-27T10:18:43Z,45.55055000,6.09001667,1452.00,-2482.426970591061,-3323.465329566278,472,1,45.703,
557,2019-05-27T10:18:44Z,45.55061667,6.09010000,1451.00,-2481.426970591061,-3322.465329566278,473,1,45.693,
558,2019-05-27T10:18:45Z,45.55070000,6.09020000,1451.00,-2480.426970591061,-3321.465329566278,474,1,45.682,
559,2019-05-27T10:18:46Z,45.55076667,6.09026667,1450.00,-2479.426970591061,-3320.465329566278,475,1,45.674,
560,2019-05-27T10:18:47Z,45.55085000,6.09036667,1449.00,-2478.426970591061,-3319.465329566278,476,1,45.662,
561,2019-05-27T10:18:48Z,45.55095000,6.09045000,1448.00,-2477.426970591061,-3318.465329566278,477,1,45.651,
562,2019-05-27T10:18:49Z,45.55105000,6.09051667,1448.00,-2476.426970591061,-3317.465329566278,478,1,45.64,
563,2019-05-27T10:18:50Z,45.55111667,6.09060000,1450.00,-2475.426970591061,-3316.465329566278,479,1,45.631,
564,2019-05-27T10:18:51Z,45.55120000,6.09070000,1451.00,-2474.426970591061,-3315.465329566278,480,1,45.619,
565,2019-05-27T10:18:52Z,45.55126667,6.09076667,1452.00,-2473.426970591061,-3314.465329566278,481,1,45.611,
566,2019-05-27T10:18:53Z,45.55131667,6.09090000,1452.00,-2472.426970591061,-3313.465329566278,482,1,45.599,
567,2019-05-27T10:18:54Z,45.55136667,6.09100000,1453.00,-2471.426970591061,-3312.465329566278,483,1,45.59,
568,2019-05-27T10:18:55Z,45.55141667,6.09111667,1454.00,-2470.426970591061,-3311.465329566278,484,1,45.579,
569,2019-05-27T10:18:56Z,45.55146667,6.09121667,1455.00,-2469.426970591061,-3310.465329566278,485,1,45.57,
570,2019-05-27T10:18:57Z,45.55150000,6.09131667,1456.00,-2468.426970591061,-3309.465329566278,486,1,45.561,
571,2019-05-27T10:18:58Z,45.55155000,6.09145000,1456.00,-2467.426970591061,-3308.465329566278,487,1,45.549,
572,2019-05-27T10:18:59Z,45.55156667,6.09156667,1456.00,-2466.426970591061,-3307.465329566278,488,1,45.541,
573,2019-05-27T10:19:00Z,45.55160000,6.09166667,1457.00,-2465.426970591061,-3306.465329566278,489,1,45.532,
574,2019-05-27T10:19:01Z,45.55161667,6.09175000,1459.00,-2464.426970591061,-3305.465329566278,490,1,45.526,
575,2019-05-27T10:19:02Z,45.55161667,6.09181667,1460.00,-2463.426970591061,-3304.465329566278,491,1,45.521,
576,2019-05-27T10:19:03Z,45.55166667,6.09186667,1459.00,-2462.426970591061,-3303.465329566278,492,1,45.515,
577,2019-05-27T10:19:04Z,45.55171667,6.09196667,1457.00,-2461.426970591061,-3302.465329566278,493,1,45.505,
578,2019-05-27T10:19:05Z,45.55176667,6.09206667,1454.00,-2460.426970591061,-3301.465329566278,494,1,45.496,
579,2019-05-27T10:19:06Z,45.55181667,6.09221667,1453.00,-2459.426970591061,-3300.465329566278,495,1,45.483,
580,2019-05-27T10:19:07Z,45.55186667,6.09235000,1454.00,-2458.426970591061,-3299.465329566278,496,1,45.471,
581,2019-05-27T10:19:08Z,45.55191667,6.09241667,1457.00,-2457.426970591061,-3298.465329566278,497,1,45.464,
582,2019-05-27T10:19:09Z,45.55196667,6.09251667,1459.00,-2456.426970591061,-3297.465329566278,498,1,45.454,
583,2019-05-27T10:19:10Z,45.55201667,6.09256667,1461.00,-2455.426970591061,-3296.465329566278,499,1,45.448,
584,2019-05-27T10:19:11Z,45.55206667,6.09261667,1460.00,-2454.426970591061,-3295.465329566278,500,1,45.442,
585,2019-05-27T10:19:12Z,45.55211667,6.09271667,1459.00,-2453.426970591061,-3294.465329566278,501,1,45.432,
586,2019-05-27T10:19:13Z,45.55216667,6.09281667,1457.00,-2452.426970591061,-3293.465329566278,502,1,45.423,
587,2019-05-27T10:19:14Z,45.55221667,6.09295000,1456.00,-2451.426970591061,-3292.465329566278,503,1,45.411,
588,2019-05-27T10:19:15Z,45.55225000,6.09306667,1455.00,-2450.426970591061,-3291.465329566278,504,1,45.401,
589,2019-05-27T10:19:16Z,45.55226667,6.09316667,1454.00,-2449.426970591061,-3290.465329566278,505,1,45.394,
590,2019-05-27T10:19:17Z,45.55231667,6.09330000,1454.00,-2448.426970591061,-3289.465329566278,506,1,45.382,
591,2019-05-27T10:19:18Z,45.55236667,6.09340000,1453.00,-2447.426970591061,-3288.465329566278,507,1,45.372,
592,2019-05-27T10:19:19Z,45.55245000,6.09351667,1452.00,-2446.426970591061,-3287.465329566278,508,1,45.36,
593,2019-05-27T10:19:20Z,45.55251667,6.09366667,1451.00,-2445.426970591061,-3286.465329566278,509,1,45.346,
594,2019-05-27T10:19:21Z,45.55256667,6.09380000,1451.00,-2444.426970591061,-3285.465329566278,510,1,45.334,
595,2019-05-27T10:19:22Z,45.55261667,6.09395000,1452.00,-2443.426970591061,-3284.465329566278,511,1,45.321,
596,2019-05-27T10:19:23Z,45.55265000,6.09406667,1452.00,-2442.426970591061,-3283.465329566278,512,1,45.312,
597,2019-05-27T10:19:24Z,45.55266667,6.09416667,1452.00,-2441.426970591061,-3282.465329566278,513,1,45.304,
598,2019-05-27T10:19:25Z,45.55276667,6.09425000,1451.00,-2440.426970591061,-3281.465329566278,514,1,45.293,
599,2019-05-27T10:19:26Z,45.55285000,6.09431667,1449.00,-2439.426970591061,-3280.465329566278,515,1,45.283,
600,2019-05-27T10:19:27Z,45.55296667,6.09436667,1447.00,-2438.426970591061,-3279.465329566278,516,1,45.273,
601,2019-05-27T10:19:28Z,45.55306667,6.09436667,1446.00,-2437.426970591061,-3278.465329566278,517,1,45.267,
602,2019-05-27T10:19:29Z,45.55320000,6.09431667,1445.00,-2436.426970591061,-3277.465329566278,518,1,45.263,
603,2019-05-27T10:19:30Z,45.55326667,6.09421667,1444.00,-2435.426970591061,-3276.465329566278,519,1,45.266,
604,2019-05-27T10:19:31Z,45.55331667,6.09406667,1443.00,-2434.426970591061,-3275.465329566278,520,1,45.273,
605,2019-05-27T10:19:32Z,45.55331667,6.09391667,1442.00,-2433.426970591061,-3274.465329566278,521,1,45.283,
606,2019-05-27T10:19:33Z,45.55331667,6.09376667,1443.00,-2432.426970591061,-3273.465329566278,522,1,45.293,
607,2019-05-27T10:19:34Z,45.55326667,6.09366667,1445.00,-2431.426970591061,-3272.465329566278,523,1,45.302,
608,2019-05-27T10:19:35Z,45.55321667,6.09361667,1448.00,-2430.426970591061,-3271.465329566278,524,1,45.308,
609,2019-05-27T10:19:36Z,45.55311667,6.09365000,1450.00,-2429.426970591061,-3270.465329566278,525,1,45.312,
610,2019-05-27T10:19:37Z,45.55306667,6.09366667,1451.00,-2428.426970591061,-3269.465329566278,526,1,45.314,
611,2019-05-27T10:19:38Z,45.55301667,6.09375000,1454.00,-2427.426970591061,-3268.465329566278,527,1,45.311,
612,2019-05-27T10:19:39Z,45.55301667,6.09385000,1457.00,-2426.426970591061,-3267.465329566278,528,1,45.305,
613,2019-05-27T10:19:40Z,45.55301667,6.09395000,1458.00,-2425.426970591061,-3266.465329566278,529,1,45.298,
614,2019-05-27T10:19:41Z,45.55310000,6.09401667,1457.00,-2424.426970591061,-3265.465329566278,530,1,45.289,
615,2019-05-27T10:19:42Z,45.55320000,6.09411667,1454.00,-2423.426970591061,-3264.465329566278,531,1,45.276,
616,2019-05-27T10:19:43Z,45.55331667,6.09416667,1451.00,-2422.426970591061,-3263.465329566278,532,1,45.266,
617,2019-05-27T10:19:44Z,45.55345000,6.09416667,1450.00,-2421.426970591061,-3262.465329566278,533,1,45.258,
618,2019-05-27T10:19:45Z,45.55356667,6.09416667,1450.00,-2420.426970591061,-3261.465329566278,534,1,45.252,
619,2019-05-27T10:19:46Z,45.55366667,6.09416667,1451.00,-2419.426970591061,-3260.465329566278,535,1,45.246,
620,2019-05-27T10:19:47Z,45.55375000,6.09415000,1453.00,-2418.426970591061,-3259.465329566278,536,1,45.242,
621,2019-05-27T10:19:48Z,45.55381667,6.09416667,1456.00,-2417.426970591061,-3258.465329566278,537,1,45.237,
622,2019-05-27T10:19:49Z,45.55391667,6.09416667,1458.00,-2416.426970591061,-3257.465329566278,538,1,45.231,
623,2019-05-27T10:19:50Z,45.55400000,6.09416667,1459.00,-2415.426970591061,-3256.465329566278,539,1,45.226,
624,2019-05-27T10:19:51Z,45.55410000,6.09416667,1458.00,-2414.426970591061,-3255.465329566278,540,1,45.22,
625,2019-05-27T10:19:52Z,45.55421667,6.09416667,1457.00,-2413.426970591061,-3254.465329566278,541,1,45.212,
626,2019-05-27T10:19:53Z,45.55435000,6.09416667,1456.00,-2412.426970591061,-3253.465329566278,542,1,45.204,
627,2019-05-27T10:19:54Z,45.55445000,6.09421667,1457.00,-2411.426970591061,-3252.465329566278,543,1,45.195,
628,2019-05-27T10:19:55Z,45.55455000,6.09425000,1458.00,-2410.426970591061,-3251.465329566278,544,1,45.187,
629,2019-05-27T10:19:56Z,45.55465000,6.09430000,1459.00,-2409.426970591061,-3250.465329566278,545,1,45.177,
630,2019-05-27T10:19:57Z,45.55475000,6.09431667,1460.00,-2408.426970591061,-3249.465329566278,546,1,45.17,
631,2019-05-27T10:19:58Z,45.55485000,6.09435000,1460.00,-2407.426970591061,-3248.465329566278,547,1,45.162,
632,2019-05-27T10:19:59Z,45.55495000,6.09435000,1460.00,-2406.426970591061,-3247.465329566278,548,1,45.156,
633,2019-05-27T10:20:00Z,45.55506667,6.09431667,1460.00,-2405.426970591061,-3246.465329566278,549,1,45.151,
634,2019-05-27T10:20:01Z,45.55520000,6.09425000,1459.00,-2404.426970591061,-3245.465329566278,550,1,45.147,
635,2019-05-27T10:20:02Z,45.55531667,6.09416667,1459.00,-2403.426970591061,-3244.465329566278,551,1,45.145,
636,2019-05-27T10:20:03Z,45.55541667,6.09406667,1460.00,-2402.426970591061,-3243.465329566278,552,1,45.146,
637,2019-05-27T10:20:04Z,45.55551667,6.09401667,1461.00,-2401.426970591061,-3242.465329566278,553,1,45.143,
638,2019-05-27T10:20:05Z,45.55561667,6.09396667,1463.00,-2400.426970591061,-3241.465329566278,554,1,45.14,
639,2019-05-27T10:20:06Z,45.55571667,6.09396667,1465.00,-2399.426970591061,-3240.465329566278,555,1,45.134,
640,2019-05-27T10:20:07Z,45.55580000,6.09396667,1468.00,-2398.426970591061,-3239.465329566278,556,1,45.129,
641,2019-05-27T10:20:08Z,45.55585000,6.09396667,1471.00,-2397.426970591061,-3238.465329566278,557,1,45.126,
642,2019-05-27T10:20:09Z,45.55591667,6.09396667,1474.00,-2396.426970591061,-3237.465329566278,558,1,45.122,
643,2019-05-27T10:20:10Z,45.55596667,6.09391667,1475.00,-2395.426970591061,-3236.465329566278,559,1,45.122,
644,2019-05-27T10:20:11Z,45.55606667,6.09390000,1475.00,-2394.426970591061,-3235.465329566278,560,1,45.118,
645,2019-05-27T10:20:12Z,45.55616667,6.09386667,1475.00,-2393.426970591061,-3234.465329566278,561,1,45.114,
646,2019-05-27T10:20:13Z,45.55626667,6.09381667,1475.00,-2392.426970591061,-3233.465329566278,562,1,45.111,
647,2019-05-27T10:20:14Z,45.55640000,6.09381667,1476.00,-2391.426970591061,-3232.465329566278,563,1,45.103,
648,2019-05-27T10:20:15Z,45.55650000,6.09381667,1478.00,-2390.426970591061,-3231.465329566278,564,1,45.097,
649,2019-05-27T10:20:16Z,45.55656667,6.09381667,1479.00,-2389.426970591061,-3230.465329566278,565,1,45.093,
650,2019-05-27T10:20:17Z,45.55666667,6.09381667,1481.00,-2388.426970591061,-3229.465329566278,566,1,45.087,
651,2019-05-27T10:20:18Z,45.55675000,6.09386667,1481.00,-2387.426970591061,-3228.465329566278,567,1,45.079,
652,2019-05-27T10:20:19Z,45.55681667,6.09390000,1481.00,-2386.426970591061,-3227.465329566278,568,1,45.073,
653,2019-05-27T10:20:20Z,45.55691667,6.09391667,1481.00,-2385.426970591061,-3226.465329566278,569,1,45.066,
654,2019-05-27T10:20:21Z,45.55700000,6.09391667,1481.00,-2384.426970591061,-3225.465329566278,570,1,45.061,
655,2019-05-27T10:20:22Z,45.55706667,6.09391667,1480.00,-2383.426970591061,-3224.465329566278,571,1,45.057,
656,2019-05-27T10:20:23Z,45.55716667,6.09391667,1480.00,-2382.426970591061,-3223.465329566278,572,1,45.051,
657,2019-05-27T10:20:24Z,45.55721667,6.09391667,1480.00,-2381.426970591061,-3222.465329566278,573,1,45.048,
658,2019-05-27T10:20:25Z,45.55730000,6.09391667,1479.00,-2380.426970591061,-3221.465329566278,574,1,45.043,
659,2019-05-27T10:20:26Z,45.55736667,6.09396667,1478.00,-2379.426970591061,-3220.465329566278,575,1,45.036,
660,2019-05-27T10:20:27Z,45.55741667,6.09401667,1477.00,-2378.426970591061,-3219.465329566278,576,1,45.029,
661,2019-05-27T10:20:28Z,45.55746667,6.09406667,1476.00,-2377.426970591061,-3218.465329566278,577,1,45.023,
662,2019-05-27T10:20:29Z,45.55750000,6.09416667,1474.00,-2376.426970591061,-3217.465329566278,578,1,45.015,
663,2019-05-27T10:20:30Z,45.55746667,6.09430000,1473.00,-2375.426970591061,-3216.465329566278,579,1,45.008,
664,2019-05-27T10:20:31Z,45.55741667,6.09436667,1472.00,-2374.426970591061,-3215.465329566278,580,1,45.006,
665,2019-05-27T10:20:32Z,45.55735000,6.09441667,1472.00,-2373.426970591061,-3214.465329566278,581,1,45.007,
666,2019-05-27T10:20:33Z,45.55726667,6.09441667,1472.00,-2372.426970591061,-3213.465329566278,582,1,45.012,
667,2019-05-27T10:20:34Z,45.55716667,6.09436667,1471.00,-2371.426970591061,-3212.465329566278,583,1,45.021,
668,2019-05-27T10:20:35Z,45.55710000,6.09430000,1471.00,-2370.426970591061,-3211.465329566278,584,1,45.03,
669,2019-05-27T10:20:36Z,45.55701667,6.09421667,1470.00,-2369.426970591061,-3210.465329566278,585,1,45.04,
670,2019-05-27T10:20:37Z,45.55691667,6.09415000,1470.00,-2368.426970591061,-3209.465329566278,586,1,45.05,
671,2019-05-27T10:20:38Z,45.55681667,6.09406667,1469.00,-2367.426970591061,-3208.465329566278,587,1,45.062,
672,2019-05-27T10:20:39Z,45.55670000,6.09401667,1470.00,-2366.426970591061,-3207.465329566278,588,1,45.072,
673,2019-05-27T10:20:40Z,45.55660000,6.09396667,1471.00,-2365.426970591061,-3206.465329566278,589,1,45.081,
674,2019-05-27T10:20:41Z,45.55650000,6.09390000,1473.00,-2364.426970591061,-3205.465329566278,590,1,45.092,
675,2019-05-27T10:20:42Z,45.55641667,6.09381667,1476.00,-2363.426970591061,-3204.465329566278,591,1,45.102,
676,2019-05-27T10:20:43Z,45.55631667,6.09376667,1478.00,-2362.426970591061,-3203.465329566278,592,1,45.111,
677,2019-05-27T10:20:44Z,45.55626667,6.09370000,1480.00,-2361.426970591061,-3202.465329566278,593,1,45.119,
678,2019-05-27T10:20:45Z,45.55616667,6.09361667,1482.00,-2360.426970591061,-3201.465329566278,594,1,45.13,
679,2019-05-27T10:20:46Z,45.55611667,6.09356667,1484.00,-2359.426970591061,-3200.465329566278,595,1,45.136,
680,2019-05-27T10:20:47Z,45.55605000,6.09350000,1486.00,-2358.426970591061,-3199.465329566278,596,1,45.145,
681,2019-05-27T10:20:48Z,45.55596667,6.09341667,1488.00,-2357.426970591061,-3198.465329566278,597,1,45.155,
682,2019-05-27T10:20:49Z,45.55591667,6.09335000,1489.00,-2356.426970591061,-3197.465329566278,598,1,45.163,
683,2019-05-27T10:20:50Z,45.55586667,6.09326667,1489.00,-2355.426970591061,-3196.465329566278,599,1,45.171,
684,2019-05-27T10:20:51Z,45.55580000,6.09320000,1489.00,-2354.426970591061,-3195.465329566278,600,1,45.179,
685,2019-05-27T10:20:52Z,45.55571667,6.09311667,1489.00,-2353.426970591061,-3194.465329566278,601,1,45.19,
686,2019-05-27T10:20:53Z,45.55561667,6.09310000,1489.00,-2352.426970591061,-3193.465329566278,602,1,45.197,
687,2019-05-27T10:20:54Z,45.55551667,6.09306667,1489.00,-2351.426970591061,-3192.465329566278,603,1,45.205,
688,2019-05-27T10:20:55Z,45.55545000,6.09306667,1489.00,-2350.426970591061,-3191.465329566278,604,1,45.209,
689,2019-05-27T10:20:56Z,45.55536667,6.09305000,1491.00,-2349.426970591061,-3190.465329566278,605,1,45.215,
690,2019-05-27T10:20:57Z,45.55531667,6.09301667,1492.00,-2348.426970591061,-3189.465329566278,606,1,45.22,
691,2019-05-27T10:20:58Z,45.55526667,6.09296667,1494.00,-2347.426970591061,-3188.465329566278,607,1,45.227,
692,2019-05-27T10:20:59Z,45.55520000,6.09295000,1495.00,-2346.426970591061,-3187.465329566278,608,1,45.232,
693,2019-05-27T10:21:00Z,45.55511667,6.09290000,1497.00,-2345.426970591061,-3186.465329566278,609,1,45.24,
694,2019-05-27T10:21:01Z,45.55506667,6.09285000,1500.00,-2344.426970591061,-3185.465329566278,610,1,45.246,
695,2019-05-27T10:21:02Z,45.55501667,6.09281667,1503.00,-2343.426970591061,-3184.465329566278,611,1,45.252,
696,2019-05-27T10:21:03Z,45.55496667,6.09280000,1506.00,-2342.426970591061,-3183.465329566278,612,1,45.256,
697,2019-05-27T10:21:04Z,45.55491667,6.09276667,1509.00,-2341.426970591061,-3182.465329566278,613,1,45.261,
698,2019-05-27T10:21:05Z,45.55490000,6.09280000,1511.00,-2340.426970591061,-3181.465329566278,614,1,45.26,
699,2019-05-27T10:21:06Z,45.55486667,6.09281667,1512.00,-2339.426970591061,-3180.465329566278,615,1,45.261,
700,2019-05-27T10:21:07Z,45.55481667,6.09281667,1514.00,-2338.426970591061,-3179.465329566278,616,1,45.264,
701,2019-05-27T10:21:08Z,45.55476667,6.09281667,1515.00,-2337.426970591061,-3178.465329566278,617,1,45.267,
702,2019-05-27T10:21:09Z,45.55471667,6.09285000,1516.00,-2336.426970591061,-3177.465329566278,618,1,45.268,
703,2019-05-27T10:21:10Z,45.55466667,6.09290000,1519.00,-2335.426970591061,-3176.465329566278,619,1,45.267,
704,2019-05-27T10:21:11Z,45.55466667,6.09296667,1520.00,-2334.426970591061,-3175.465329566278,620,1,45.263,
705,2019-05-27T10:21:12Z,45.55466667,6.09310000,1520.00,-2333.426970591061,-3174.465329566278,621,1,45.254,
706,2019-05-27T10:21:13Z,45.55471667,6.09321667,1520.00,-2332.426970591061,-3173.465329566278,622,1,45.244,
707,2019-05-27T10:21:14Z,45.55476667,6.09331667,1520.00,-2331.426970591061,-3172.465329566278,623,1,45.234,
708,2019-05-27T10:21:15Z,45.55486667,6.09336667,1521.00,-2330.426970591061,-3171.465329566278,624,1,45.225,
709,2019-05-27T10:21:16Z,45.55496667,6.09336667,1520.00,-2329.426970591061,-3170.465329566278,625,1,45.219,
710,2019-05-27T10:21:17Z,45.55510000,6.09331667,1520.00,-2328.426970591061,-3169.465329566278,626,1,45.214,
711,2019-05-27T10:21:18Z,45.55520000,6.09325000,1519.00,-2327.426970591061,-3168.465329566278,627,1,45.212,
712,2019-05-27T10:21:19Z,45.55526667,6.09311667,1520.00,-2326.426970591061,-3167.465329566278,628,1,45.217,
713,2019-05-27T10:21:20Z,45.55531667,6.09296667,1520.00,-2325.426970591061,-3166.465329566278,629,1,45.224,
714,2019-05-27T10:21:21Z,45.55536667,6.09281667,1520.00,-2324.426970591061,-3165.465329566278,630,1,45.231,
715,2019-05-27T10:21:22Z,45.55536667,6.09265000,1521.00,-2323.426970591061,-3164.465329566278,631,1,45.241,
716,2019-05-27T10:21:23Z,45.55536667,6.09246667,1521.00,-2322.426970591061,-3163.465329566278,632,1,45.253,
717,2019-05-27T10:21:24Z,45.55535000,6.09231667,1522.00,-2321.426970591061,-3162.465329566278,633,1,45.264,
718,2019-05-27T10:21:25Z,45.55531667,6.09220000,1525.00,-2320.426970591061,-3161.465329566278,634,1,45.274,
719,2019-05-27T10:21:26Z,45.55526667,6.09210000,1528.00,-2319.426970591061,-3160.465329566278,635,1,45.284,
720,2019-05-27T10:21:27Z,45.55521667,6.09201667,1531.00,-2318.426970591061,-3159.465329566278,636,1,45.292,
721,2019-05-27T10:21:28Z,45.55516667,6.09195000,1533.00,-2317.426970591061,-3158.465329566278,637,1,45.299,
722,2019-05-27T10:21:29Z,45.55506667,6.09191667,1536.00,-2316.426970591061,-3157.465329566278,638,1,45.308,
723,2019-05-27T10:21:30Z,45.55496667,6.09186667,1538.00,-2315.426970591061,-3156.465329566278,639,1,45.317,
724,2019-05-27T10:21:31Z,45.55486667,6.09185000,1541.00,-2314.426970591061,-3155.465329566278,640,1,45.324,
725,2019-05-27T10:21:32Z,45.55480000,6.09181667,1544.00,-2313.426970591061,-3154.465329566278,641,1,45.33,
726,2019-05-27T10:21:33Z,45.55471667,6.09181667,1550.00,-2312.426970591061,-3153.465329566278,642,1,45.335,
727,2019-05-27T10:21:34Z,45.55466667,6.09186667,1554.00,-2311.426970591061,-3152.465329566278,643,1,45.335,
728,2019-05-27T10:21:35Z,45.55465000,6.09196667,1556.00,-2310.426970591061,-3151.465329566278,644,1,45.329,
729,2019-05-27T10:21:36Z,45.55461667,6.09205000,1557.00,-2309.426970591061,-3150.465329566278,645,1,45.326,
730,2019-05-27T10:21:37Z,45.55461667,6.09215000,1558.00,-2308.426970591061,-3149.465329566278,646,1,45.319,
731,2019-05-27T10:21:38Z,45.55461667,6.09226667,1560.00,-2307.426970591061,-3148.465329566278,647,1,45.312,
732,2019-05-27T10:21:39Z,45.55461667,6.09236667,1562.00,-2306.426970591061,-3147.465329566278,648,1,45.305,
733,2019-05-27T10:21:40Z,45.55470000,6.09246667,1563.00,-2305.426970591061,-3146.465329566278,649,1,45.294,
734,2019-05-27T10:21:41Z,45.55476667,6.09255000,1564.00,-2304.426970591061,-3145.465329566278,650,1,45.284,
735,2019-05-27T10:21:42Z,45.55486667,6.09256667,1566.00,-2303.426970591061,-3144.465329566278,651,1,45.277,
736,2019-05-27T10:21:43Z,45.55500000,6.09256667,1568.00,-2302.426970591061,-3143.465329566278,652,1,45.269,
737,2019-05-27T10:21:44Z,45.55510000,6.09256667,1570.00,-2301.426970591061,-3142.465329566278,653,1,45.263,
738,2019-05-27T10:21:45Z,45.55516667,6.09246667,1573.00,-2300.426970591061,-3141.465329566278,654,1,45.266,
739,2019-05-27T10:21:46Z,45.55526667,6.09240000,1575.00,-2299.426970591061,-3140.465329566278,655,1,45.264,
740,2019-05-27T10:21:47Z,45.55531667,6.09226667,1575.00,-2298.426970591061,-3139.465329566278,656,1,45.27,
741,2019-05-27T10:21:48Z,45.55536667,6.09215000,1576.00,-2297.426970591061,-3138.465329566278,657,1,45.274,
742,2019-05-27T10:21:49Z,45.55541667,6.09201667,1579.00,-2296.426970591061,-3137.465329566278,658,1,45.28,
743,2019-05-27T10:21:50Z,45.55541667,6.09190000,1581.00,-2295.426970591061,-3136.465329566278,659,1,45.288,
744,2019-05-27T10:21:51Z,45.55540000,6.09175000,1582.00,-2294.426970591061,-3135.465329566278,660,1,45.298,
745,2019-05-27T10:21:52Z,45.55531667,6.09161667,1584.00,-2293.426970591061,-3134.465329566278,661,1,45.312,
746,2019-05-27T10:21:53Z,45.55521667,6.09151667,1587.00,-2292.426970591061,-3133.465329566278,662,1,45.325,
747,2019-05-27T10:21:54Z,45.55511667,6.09146667,1593.00,-2291.426970591061,-3132.465329566278,663,1,45.334,
748,2019-05-27T10:21:55Z,45.55505000,6.09146667,1599.00,-2290.426970591061,-3131.465329566278,664,1,45.338,
749,2019-05-27T10:21:56Z,45.55500000,6.09151667,1605.00,-2289.426970591061,-3130.465329566278,665,1,45.338,
750,2019-05-27T10:21:57Z,45.55495000,6.09156667,1608.00,-2288.426970591061,-3129.465329566278,666,1,45.337,
751,2019-05-27T10:21:58Z,45.55490000,6.09161667,1611.00,-2287.426970591061,-3128.465329566278,667,1,45.337,
752,2019-05-27T10:21:59Z,45.55481667,6.09165000,1613.00,-2286.426970591061,-3127.465329566278,668,1,45.34,
753,2019-05-27T10:22:00Z,45.55476667,6.09161667,1615.00,-2285.426970591061,-3126.465329566278,669,1,45.345,
754,2019-05-27T10:22:01Z,45.55470000,6.09156667,1616.00,-2284.426970591061,-3125.465329566278,670,1,45.353,
755,2019-05-27T10:22:02Z,45.55461667,6.09156667,1618.00,-2283.426970591061,-3124.465329566278,671,1,45.358,
756,2019-05-27T10:22:03Z,45.55456667,6.09156667,1620.00,-2282.426970591061,-3123.465329566278,672,1,45.361,
757,2019-05-27T10:22:04Z,45.55450000,6.09161667,1622.00,-2281.426970591061,-3122.465329566278,673,1,45.361,
758,2019-05-27T10:22:05Z,45.55446667,6.09170000,1622.00,-2280.426970591061,-3121.465329566278,674,1,45.358,
759,2019-05-27T10:22:06Z,45.55441667,6.09176667,1621.00,-2279.426970591061,-3120.465329566278,675,1,45.357,
760,2019-05-27T10:22:07Z,45.55436667,6.09185000,1621.00,-2278.426970591061,-3119.465329566278,676,1,45.354,
761,2019-05-27T10:22:08Z,45.55431667,6.09195000,1620.00,-2277.426970591061,-3118.465329566278,677,1,45.351,
762,2019-05-27T10:22:09Z,45.55430000,6.09206667,1619.00,-2276.426970591061,-3117.465329566278,678,1,45.344,
763,2019-05-27T10:22:10Z,45.55430000,6.09216667,1619.00,-2275.426970591061,-3116.465329566278,679,1,45.337,
764,2019-05-27T10:22:11Z,45.55431667,6.09231667,1618.00,-2274.426970591061,-3115.465329566278,680,1,45.327,
765,2019-05-27T10:22:12Z,45.55435000,6.09241667,1618.00,-2273.426970591061,-3114.465329566278,681,1,45.318,
766,2019-05-27T10:22:13Z,45.55440000,6.09256667,1617.00,-2272.426970591061,-3113.465329566278,682,1,45.305,
767,2019-05-27T10:22:14Z,45.55445000,6.09266667,1616.00,-2271.426970591061,-3112.465329566278,683,1,45.296,
768,2019-05-27T10:22:15Z,45.55451667,6.09276667,1616.00,-2270.426970591061,-3111.465329566278,684,1,45.285,
769,2019-05-27T10:22:16Z,45.55460000,6.09290000,1615.00,-2269.426970591061,-3110.465329566278,685,1,45.271,
770,2019-05-27T10:22:17Z,45.55466667,6.09301667,1614.00,-2268.426970591061,-3109.465329566278,686,1,45.26,
771,2019-05-27T10:22:18Z,45.55476667,6.09311667,1613.00,-2267.426970591061,-3108.465329566278,687,1,45.247,
772,2019-05-27T10:22:19Z,45.55481667,6.09325000,1613.00,-2266.426970591061,-3107.465329566278,688,1,45.235,
773,2019-05-27T10:22:20Z,45.55486667,6.09336667,1614.00,-2265.426970591061,-3106.465329566278,689,1,45.225,
774,2019-05-27T10:22:21Z,45.55486667,6.09346667,1614.00,-2264.426970591061,-3105.465329566278,690,1,45.218,
775,2019-05-27T10:22:22Z,45.55490000,6.09356667,1615.00,-2263.426970591061,-3104.465329566278,691,1,45.21,
776,2019-05-27T10:22:23Z,45.55495000,6.09366667,1615.00,-2262.426970591061,-3103.465329566278,692,1,45.2,
777,2019-05-27T10:22:24Z,45.55501667,6.09371667,1613.00,-2261.426970591061,-3102.465329566278,693,1,45.193,
778,2019-05-27T10:22:25Z,45.55511667,6.09376667,1612.00,-2260.426970591061,-3101.465329566278,694,1,45.184,
779,2019-05-27T10:22:26Z,45.55520000,6.09385000,1611.00,-2259.426970591061,-3100.465329566278,695,1,45.173,
780,2019-05-27T10:22:27Z,45.55526667,6.09390000,1610.00,-2258.426970591061,-3099.465329566278,696,1,45.166,
781,2019-05-27T10:22:28Z,45.55536667,6.09395000,1609.00,-2257.426970591061,-3098.465329566278,697,1,45.156,
782,2019-05-27T10:22:29Z,45.55545000,6.09396667,1608.00,-2256.426970591061,-3097.465329566278,698,1,45.15,
783,2019-05-27T10:22:30Z,45.55551667,6.09401667,1607.00,-2255.426970591061,-3096.465329566278,699,1,45.143,
784,2019-05-27T10:22:31Z,45.55560000,6.09410000,1605.00,-2254.426970591061,-3095.465329566278,700,1,45.133,
785,2019-05-27T10:22:32Z,45.55566667,6.09420000,1603.00,-2253.426970591061,-3094.465329566278,701,1,45.122,
786,2019-05-27T10:22:33Z,45.55571667,6.09430000,1601.00,-2252.426970591061,-3093.465329566278,702,1,45.112,
787,2019-05-27T10:22:34Z,45.55576667,6.09441667,1599.00,-2251.426970591061,-3092.465329566278,703,1,45.102,
788,2019-05-27T10:22:35Z,45.55581667,6.09455000,1598.00,-2250.426970591061,-3091.465329566278,704,1,45.09,
789,2019-05-27T10:22:36Z,45.55586667,6.09466667,1598.00,-2249.426970591061,-3090.465329566278,705,1,45.079,
790,2019-05-27T10:22:37Z,45.55591667,6.09475000,1599.00,-2248.426970591061,-3089.465329566278,706,1,45.071,
791,2019-05-27T10:22:38Z,45.55600000,6.09481667,1599.00,-2247.426970591061,-3088.465329566278,707,1,45.062,
792,2019-05-27T10:22:39Z,45.55610000,6.09486667,1600.00,-2246.426970591061,-3087.465329566278,708,1,45.052,
793,2019-05-27T10:22:40Z,45.55616667,6.09486667,1600.00,-2245.426970591061,-3086.465329566278,709,1,45.048,
794,2019-05-27T10:22:41Z,45.55626667,6.09486667,1601.00,-2244.426970591061,-3085.465329566278,710,1,45.042,
795,2019-05-27T10:22:42Z,45.55635000,6.09481667,1601.00,-2243.426970591061,-3084.465329566278,711,1,45.04,
796,2019-05-27T10:22:43Z,45.55641667,6.09476667,1601.00,-2242.426970591061,-3083.465329566278,712,1,45.04,
797,2019-05-27T10:22:44Z,45.55650000,6.09466667,1600.00,-2241.426970591061,-3082.465329566278,713,1,45.041,
798,2019-05-27T10:22:45Z,45.55656667,6.09456667,1600.00,-2240.426970591061,-3081.465329566278,714,1,45.044,
799,2019-05-27T10:22:46Z,45.55660000,6.09441667,1599.00,-2239.426970591061,-3080.465329566278,715,1,45.052,
800,2019-05-27T10:22:47Z,45.55661667,6.09430000,1599.00,-2238.426970591061,-3079.465329566278,716,1,45.058,
801,2019-05-27T10:22:48Z,45.55661667,6.09415000,1599.00,-2237.426970591061,-3078.465329566278,717,1,45.068,
802,2019-05-27T10:22:49Z,45.55665000,6.09401667,1600.00,-2236.426970591061,-3077.465329566278,718,1,45.075,
803,2019-05-27T10:22:50Z,45.55661667,6.09390000,1601.00,-2235.426970591061,-3076.465329566278,719,1,45.085,
804,2019-05-27T10:22:51Z,45.55661667,6.09380000,1602.00,-2234.426970591061,-3075.465329566278,720,1,45.091,
805,2019-05-27T10:22:52Z,45.55660000,6.09370000,1602.00,-2233.426970591061,-3074.465329566278,721,1,45.099,
806,2019-05-27T10:22:53Z,45.55656667,6.09356667,1604.00,-2232.426970591061,-3073.465329566278,722,1,45.109,
807,2019-05-27T10:22:54Z,45.55651667,6.09346667,1605.00,-2231.426970591061,-3072.465329566278,723,1,45.119,
808,2019-05-27T10:22:55Z,45.55650000,6.09341667,1607.00,-2230.426970591061,-3071.465329566278,724,1,45.123,
809,2019-05-27T10:22:56Z,45.55646667,6.09331667,1608.00,-2229.426970591061,-3070.465329566278,725,1,45.132,
810,2019-05-27T10:22:57Z,45.55641667,6.09325000,1608.00,-2228.426970591061,-3069.465329566278,726,1,45.139,
811,2019-05-27T10:22:58Z,45.55636667,6.09316667,1608.00,-2227.426970591061,-3068.465329566278,727,1,45.148,
812,2019-05-27T10:22:59Z,45.55635000,6.09306667,1607.00,-2226.426970591061,-3067.465329566278,728,1,45.155,
813,2019-05-27T10:23:00Z,45.55631667,6.09295000,1606.00,-2225.426970591061,-3066.465329566278,729,1,45.165,
814,2019-05-27T10:23:01Z,45.55630000,6.09281667,1605.00,-2224.426970591061,-3065.465329566278,730,1,45.175,
815,2019-05-27T10:23:02Z,45.55626667,6.09266667,1605.00,-2223.426970591061,-3064.465329566278,731,1,45.187,
816,2019-05-27T10:23:03Z,45.55626667,6.09251667,1606.00,-2222.426970591061,-3063.465329566278,732,1,45.196,
817,2019-05-27T10:23:04Z,45.55625000,6.09240000,1607.00,-2221.426970591061,-3062.465329566278,733,1,45.205,
818,2019-05-27T10:23:05Z,45.55625000,6.09226667,1609.00,-2220.426970591061,-3061.465329566278,734,1,45.214,
819,2019-05-27T10:23:06Z,45.55625000,6.09216667,1611.00,-2219.426970591061,-3060.465329566278,735,1,45.22,
820,2019-05-27T10:23:07Z,45.55625000,6.09206667,1611.00,-2218.426970591061,-3059.465329566278,736,1,45.227,
821,2019-05-27T10:23:08Z,45.55625000,6.09191667,1611.00,-2217.426970591061,-3058.465329566278,737,1,45.237,
822,2019-05-27T10:23:09Z,45.55625000,6.09176667,1610.00,-2216.426970591061,-3057.465329566278,738,1,45.247,
823,2019-05-27T10:23:10Z,45.55621667,6.09161667,1610.00,-2215.426970591061,-3056.465329566278,739,1,45.259,
824,2019-05-27T10:23:11Z,45.55621667,6.09146667,1611.00,-2214.426970591061,-3055.465329566278,740,1,45.268,
825,2019-05-27T10:23:12Z,45.55620000,6.09131667,1612.00,-2213.426970591061,-3054.465329566278,741,1,45.279,
826,2019-05-27T10:23:13Z,45.55616667,6.09120000,1613.00,-2212.426970591061,-3053.465329566278,742,1,45.289,
827,2019-05-27T10:23:14Z,45.55616667,6.09106667,1614.00,-2211.426970591061,-3052.465329566278,743,1,45.298,
828,2019-05-27T10:23:15Z,45.55615000,6.09091667,1616.00,-2210.426970591061,-3051.465329566278,744,1,45.309,
829,2019-05-27T10:23:16Z,45.55611667,6.09080000,1618.00,-2209.426970591061,-3050.465329566278,745,1,45.318,
830,2019-05-27T10:23:17Z,45.55611667,6.09066667,1621.00,-2208.426970591061,-3049.465329566278,746,1,45.327,
831,2019-05-27T10:23:18Z,45.55606667,6.09060000,1622.00,-2207.426970591061,-3048.465329566278,747,1,45.335,
832,2019-05-27T10:23:19Z,45.55605000,6.09051667,1623.00,-2206.426970591061,-3047.465329566278,748,1,45.341,
833,2019-05-27T10:23:20Z,45.55600000,6.09041667,1623.00,-2205.426970591061,-3046.465329566278,749,1,45.351,
834,2019-05-27T10:23:21Z,45.55591667,6.09035000,1623.00,-2204.426970591061,-3045.465329566278,750,1,45.36,
835,2019-05-27T10:23:22Z,45.55586667,6.09026667,1624.00,-2203.426970591061,-3044.465329566278,751,1,45.368,
836,2019-05-27T10:23:23Z,45.55576667,6.09021667,1625.00,-2202.426970591061,-3043.465329566278,752,1,45.378,
837,2019-05-27T10:23:24Z,45.55571667,6.09020000,1627.00,-2201.426970591061,-3042.465329566278,753,1,45.382,
838,2019-05-27T10:23:25Z,45.55565000,6.09020000,1629.00,-2200.426970591061,-3041.465329566278,754,1,45.386,
839,2019-05-27T10:23:26Z,45.55556667,6.09026667,1630.00,-2199.426970591061,-3040.465329566278,755,1,45.386,
840,2019-05-27T10:23:27Z,45.55551667,6.09035000,1629.00,-2198.426970591061,-3039.465329566278,756,1,45.384,
841,2019-05-27T10:23:28Z,45.55546667,6.09046667,1628.00,-2197.426970591061,-3038.465329566278,757,1,45.379,
842,2019-05-27T10:23:29Z,45.55546667,6.09056667,1628.00,-2196.426970591061,-3037.465329566278,758,1,45.372,
843,2019-05-27T10:23:30Z,45.55546667,6.09071667,1629.00,-2195.426970591061,-3036.465329566278,759,1,45.362,
844,2019-05-27T10:23:31Z,45.55550000,6.09081667,1630.00,-2194.426970591061,-3035.465329566278,760,1,45.354,
845,2019-05-27T10:23:32Z,45.55556667,6.09090000,1631.00,-2193.426970591061,-3034.465329566278,761,1,45.344,
846,2019-05-27T10:23:33Z,45.55565000,6.09096667,1631.00,-2192.426970591061,-3033.465329566278,762,1,45.335,
847,2019-05-27T10:23:34Z,45.55575000,6.09096667,1632.00,-2191.426970591061,-3032.465329566278,763,1,45.329,
848,2019-05-27T10:23:35Z,45.55581667,6.09095000,1634.00,-2190.426970591061,-3031.465329566278,764,1,45.326,
849,2019-05-27T10:23:36Z,45.55586667,6.09090000,1636.00,-2189.426970591061,-3030.465329566278,765,1,45.327,
850,2019-05-27T10:23:37Z,45.55591667,6.09080000,1637.00,-2188.426970591061,-3029.465329566278,766,1,45.33,
851,2019-05-27T10:23:38Z,45.55596667,6.09066667,1637.00,-2187.426970591061,-3028.465329566278,767,1,45.336,
852,2019-05-27T10:23:39Z,45.55600000,6.09055000,1637.00,-2186.426970591061,-3027.465329566278,768,1,45.342,
853,2019-05-27T10:23:40Z,45.55601667,6.09040000,1637.00,-2185.426970591061,-3026.465329566278,769,1,45.351,
854,2019-05-27T10:23:41Z,45.55601667,6.09025000,1638.00,-2184.426970591061,-3025.465329566278,770,1,45.361,
855,2019-05-27T10:23:42Z,45.55601667,6.09011667,1639.00,-2183.426970591061,-3024.465329566278,771,1,45.369,
856,2019-05-27T10:23:43Z,45.55596667,6.09000000,1642.00,-2182.426970591061,-3023.465329566278,772,1,45.38,
857,2019-05-27T10:23:44Z,45.55591667,6.08990000,1644.00,-2181.426970591061,-3022.465329566278,773,1,45.39,
858,2019-05-27T10:23:45Z,45.55586667,6.08981667,1646.00,-2180.426970591061,-3021.465329566278,774,1,45.398,
859,2019-05-27T10:23:46Z,45.55581667,6.08975000,1648.00,-2179.426970591061,-3020.465329566278,775,1,45.405,
860,2019-05-27T10:23:47Z,45.55576667,6.08970000,1648.00,-2178.426970591061,-3019.465329566278,776,1,45.412,
861,2019-05-27T10:23:48Z,45.55570000,6.08965000,1648.00,-2177.426970591061,-3018.465329566278,777,1,45.419,
862,2019-05-27T10:23:49Z,45.55561667,6.08961667,1647.00,-2176.426970591061,-3017.465329566278,778,1,45.426,
863,2019-05-27T10:23:50Z,45.55551667,6.08961667,1646.00,-2175.426970591061,-3016.465329566278,779,1,45.432,
864,2019-05-27T10:23:51Z,45.55541667,6.08961667,1645.00,-2174.426970591061,-3015.465329566278,780,1,45.438,
865,2019-05-27T10:23:52Z,45.55535000,6.08965000,1645.00,-2173.426970591061,-3014.465329566278,781,1,45.44,
866,2019-05-27T10:23:53Z,45.55526667,6.08966667,1645.00,-2172.426970591061,-3013.465329566278,782,1,45.443,
867,2019-05-27T10:23:54Z,45.55516667,6.08970000,1644.00,-2171.426970591061,-3012.465329566278,783,1,45.447,
868,2019-05-27T10:23:55Z,45.55506667,6.08971667,1643.00,-2170.426970591061,-3011.465329566278,784,1,45.452,
869,2019-05-27T10:23:56Z,45.55496667,6.08975000,1643.00,-2169.426970591061,-3010.465329566278,785,1,45.456,
870,2019-05-27T10:23:57Z,45.55490000,6.08976667,1643.00,-2168.426970591061,-3009.465329566278,786,1,45.459,
871,2019-05-27T10:23:58Z,45.55481667,6.08981667,1643.00,-2167.426970591061,-3008.465329566278,787,1,45.46,
872,2019-05-27T10:23:59Z,45.55471667,6.08981667,1642.00,-2166.426970591061,-3007.465329566278,788,1,45.466,
873,2019-05-27T10:24:00Z,45.55465000,6.08985000,1642.00,-2165.426970591061,-3006.465329566278,789,1,45.468,
874,2019-05-27T10:24:01Z,45.55456667,6.08986667,1641.00,-2164.426970591061,-3005.465329566278,790,1,45.472,
875,2019-05-27T10:24:02Z,45.55451667,6.08990000,1640.00,-2163.426970591061,-3004.465329566278,791,1,45.473,
876,2019-05-27T10:24:03Z,45.55445000,6.08995000,1639.00,-2162.426970591061,-3003.465329566278,792,1,45.473,
877,2019-05-27T10:24:04Z,45.55436667,6.09001667,1637.00,-2161.426970591061,-3002.465329566278,793,1,45.474,
878,2019-05-27T10:24:05Z,45.55431667,6.09006667,1636.00,-2160.426970591061,-3001.465329566278,794,1,45.474,
879,2019-05-27T10:24:06Z,45.55421667,6.09010000,1635.00,-2159.426970591061,-3000.465329566278,795,1,45.478,
880,2019-05-27T10:24:07Z,45.55415000,6.09011667,1634.00,-2158.426970591061,-2999.465329566278,796,1,45.481,
881,2019-05-27T10:24:08Z,45.55406667,6.09016667,1634.00,-2157.426970591061,-2998.465329566278,797,1,45.482,
882,2019-05-27T10:24:09Z,45.55396667,6.09020000,1635.00,-2156.426970591061,-2997.465329566278,798,1,45.486,
883,2019-05-27T10:24:10Z,45.55391667,6.09016667,1638.00,-2155.426970591061,-2996.465329566278,799,1,45.491,
884,2019-05-27T10:24:11Z,45.55386667,6.09015000,1641.00,-2154.426970591061,-2995.465329566278,800,1,45.495,
885,2019-05-27T10:24:12Z,45.55381667,6.09010000,1643.00,-2153.426970591061,-2994.465329566278,801,1,45.502,
886,2019-05-27T10:24:13Z,45.55376667,6.09005000,1644.00,-2152.426970591061,-2993.465329566278,802,1,45.508,
887,2019-05-27T10:24:14Z,45.55371667,6.08996667,1645.00,-2151.426970591061,-2992.465329566278,803,1,45.516,
888,2019-05-27T10:24:15Z,45.55365000,6.08986667,1644.00,-2150.426970591061,-2991.465329566278,804,1,45.527,
889,2019-05-27T10:24:16Z,45.55356667,6.08976667,1644.00,-2149.426970591061,-2990.465329566278,805,1,45.539,
890,2019-05-27T10:24:17Z,45.55351667,6.08965000,1645.00,-2148.426970591061,-2989.465329566278,806,1,45.549,
891,2019-05-27T10:24:18Z,45.55345000,6.08951667,1646.00,-2147.426970591061,-2988.465329566278,807,1,45.562,
892,2019-05-27T10:24:19Z,45.55340000,6.08945000,1648.00,-2146.426970591061,-2987.465329566278,808,1,45.569,
893,2019-05-27T10:24:20Z,45.55331667,6.08936667,1651.00,-2145.426970591061,-2986.465329566278,809,1,45.58,
894,2019-05-27T10:24:21Z,45.55326667,6.08931667,1653.00,-2144.426970591061,-2985.465329566278,810,1,45.586,
895,2019-05-27T10:24:22Z,45.55321667,6.08926667,1654.00,-2143.426970591061,-2984.465329566278,811,1,45.592,
896,2019-05-27T10:24:23Z,45.55311667,6.08921667,1654.00,-2142.426970591061,-2983.465329566278,812,1,45.602,
897,2019-05-27T10:24:24Z,45.55305000,6.08916667,1654.00,-2141.426970591061,-2982.465329566278,813,1,45.609,
898,2019-05-27T10:24:25Z,45.55296667,6.08911667,1654.00,-2140.426970591061,-2981.465329566278,814,1,45.617,
899,2019-05-27T10:24:26Z,45.55286667,6.08910000,1655.00,-2139.426970591061,-2980.465329566278,815,1,45.625,
900,2019-05-27T10:24:27Z,45.55276667,6.08910000,1657.00,-2138.426970591061,-2979.465329566278,816,1,45.631,
901,2019-05-27T10:24:28Z,45.55270000,6.08910000,1658.00,-2137.426970591061,-2978.465329566278,817,1,45.635,
902,2019-05-27T10:24:29Z,45.55261667,6.08911667,1660.00,-2136.426970591061,-2977.465329566278,818,1,45.639,
903,2019-05-27T10:24:30Z,45.55256667,6.08916667,1660.00,-2135.426970591061,-2976.465329566278,819,1,45.638,
904,2019-05-27T10:24:31Z,45.55251667,6.08925000,1660.00,-2134.426970591061,-2975.465329566278,820,1,45.636,
905,2019-05-27T10:24:32Z,45.55245000,6.08931667,1659.00,-2133.426970591061,-2974.465329566278,821,1,45.636,
906,2019-05-27T10:24:33Z,45.55241667,6.08945000,1658.00,-2132.426970591061,-2973.465329566278,822,1,45.629,
907,2019-05-27T10:24:34Z,45.55236667,6.08956667,1657.00,-2131.426970591061,-2972.465329566278,823,1,45.625,
908,2019-05-27T10:24:35Z,45.55240000,6.08966667,1657.00,-2130.426970591061,-2971.465329566278,824,1,45.616,
909,2019-05-27T10:24:36Z,45.55241667,6.08980000,1657.00,-2129.426970591061,-2970.465329566278,825,1,45.606,
910,2019-05-27T10:24:37Z,45.55241667,6.08991667,1656.00,-2128.426970591061,-2969.465329566278,826,1,45.599,
911,2019-05-27T10:24:38Z,45.55246667,6.09001667,1656.00,-2127.426970591061,-2968.465329566278,827,1,45.589,
912,2019-05-27T10:24:39Z,45.55251667,6.09011667,1654.00,-2126.426970591061,-2967.465329566278,828,1,45.58,
913,2019-05-27T10:24:40Z,45.55255000,6.09025000,1654.00,-2125.426970591061,-2966.465329566278,829,1,45.569,
914,2019-05-27T10:24:41Z,45.55260000,6.09035000,1654.00,-2124.426970591061,-2965.465329566278,830,1,45.559,
915,2019-05-27T10:24:42Z,45.55266667,6.09041667,1654.00,-2123.426970591061,-2964.465329566278,831,1,45.551,
916,2019-05-27T10:24:43Z,45.55271667,6.09051667,1654.00,-2122.426970591061,-2963.465329566278,832,1,45.541,
917,2019-05-27T10:24:44Z,45.55276667,6.09056667,1654.00,-2121.426970591061,-2962.465329566278,833,1,45.535,
918,2019-05-27T10:24:45Z,45.55281667,6.09061667,1654.00,-2120.426970591061,-2961.465329566278,834,1,45.529,
919,2019-05-27T10:24:46Z,45.55290000,6.09070000,1654.00,-2119.426970591061,-2960.465329566278,835,1,45.518,
920,2019-05-27T10:24:47Z,45.55296667,6.09075000,1652.00,-2118.426970591061,-2959.465329566278,836,1,45.511,
921,2019-05-27T10:24:48Z,45.55301667,6.09081667,1651.00,-2117.426970591061,-2958.465329566278,837,1,45.504,
922,2019-05-27T10:24:49Z,45.55310000,6.09090000,1650.00,-2116.426970591061,-2957.465329566278,838,1,45.493,
923,2019-05-27T10:24:50Z,45.55315000,6.09096667,1649.00,-2115.426970591061,-2956.465329566278,839,1,45.486,
924,2019-05-27T10:24:51Z,45.55316667,6.09105000,1649.00,-2114.426970591061,-2955.465329566278,840,1,45.479,
925,2019-05-27T10:24:52Z,45.55321667,6.09111667,1648.00,-2113.426970591061,-2954.465329566278,841,1,45.472,
926,2019-05-27T10:24:53Z,45.55325000,6.09121667,1647.00,-2112.426970591061,-2953.465329566278,842,1,45.463,
927,2019-05-27T10:24:54Z,45.55326667,6.09136667,1647.00,-2111.426970591061,-2952.465329566278,843,1,45.453,
928,2019-05-27T10:24:55Z,45.55330000,6.09150000,1647.00,-2110.426970591061,-2951.465329566278,844,1,45.442,
929,2019-05-27T10:24:56Z,45.55331667,6.09161667,1648.00,-2109.426970591061,-2950.465329566278,845,1,45.433,
930,2019-05-27T10:24:57Z,45.55331667,6.09175000,1649.00,-2108.426970591061,-2949.465329566278,846,1,45.425,
931,2019-05-27T10:24:58Z,45.55331667,6.09186667,1651.00,-2107.426970591061,-2948.465329566278,847,1,45.417,
932,2019-05-27T10:24:59Z,45.55331667,6.09201667,1652.00,-2106.426970591061,-2947.465329566278,848,1,45.407,
933,2019-05-27T10:25:00Z,45.55336667,6.09211667,1654.00,-2105.426970591061,-2946.465329566278,849,1,45.398,
934,2019-05-27T10:25:01Z,45.55336667,6.09225000,1654.00,-2104.426970591061,-2945.465329566278,850,1,45.389,
935,2019-05-27T10:25:02Z,45.55341667,6.09236667,1655.00,-2103.426970591061,-2944.465329566278,851,1,45.378,
936,2019-05-27T10:25:03Z,45.55341667,6.09251667,1657.00,-2102.426970591061,-2943.465329566278,852,1,45.369,
937,2019-05-27T10:25:04Z,45.55341667,6.09265000,1660.00,-2101.426970591061,-2942.465329566278,853,1,45.36,
938,2019-05-27T10:25:05Z,45.55340000,6.09276667,1663.00,-2100.426970591061,-2941.465329566278,854,1,45.353,
939,2019-05-27T10:25:06Z,45.55336667,6.09286667,1666.00,-2099.426970591061,-2940.465329566278,855,1,45.349,
940,2019-05-27T10:25:07Z,45.55336667,6.09296667,1667.00,-2098.426970591061,-2939.465329566278,856,1,45.343,
941,2019-05-27T10:25:08Z,45.55336667,6.09306667,1668.00,-2097.426970591061,-2938.465329566278,857,1,45.336,
942,2019-05-27T10:25:09Z,45.55336667,6.09321667,1669.00,-2096.426970591061,-2937.465329566278,858,1,45.326,
943,2019-05-27T10:25:10Z,45.55336667,6.09336667,1670.00,-2095.426970591061,-2936.465329566278,859,1,45.316,
944,2019-05-27T10:25:11Z,45.55336667,6.09350000,1671.00,-2094.426970591061,-2935.465329566278,860,1,45.307,
945,2019-05-27T10:25:12Z,45.55335000,6.09360000,1673.00,-2093.426970591061,-2934.465329566278,861,1,45.302,
946,2019-05-27T10:25:13Z,45.55331667,6.09366667,1674.00,-2092.426970591061,-2933.465329566278,862,1,45.299,
947,2019-05-27T10:25:14Z,45.55331667,6.09381667,1675.00,-2091.426970591061,-2932.465329566278,863,1,45.289,
948,2019-05-27T10:25:15Z,45.55330000,6.09395000,1674.00,-2090.426970591061,-2931.465329566278,864,1,45.281,
949,2019-05-27T10:25:16Z,45.55326667,6.09411667,1674.00,-2089.426970591061,-2930.465329566278,865,1,45.272,
950,2019-05-27T10:25:17Z,45.55326667,6.09426667,1675.00,-2088.426970591061,-2929.465329566278,866,1,45.262,
951,2019-05-27T10:25:18Z,45.55321667,6.09440000,1675.00,-2087.426970591061,-2928.465329566278,867,1,45.256,
952,2019-05-27T10:25:19Z,45.55316667,6.09455000,1676.00,-2086.426970591061,-2927.465329566278,868,1,45.249,
953,2019-05-27T10:25:20Z,45.55316667,6.09471667,1676.00,-2085.426970591061,-2926.465329566278,869,1,45.238,
954,2019-05-27T10:25:21Z,45.55315000,6.09486667,1675.00,-2084.426970591061,-2925.465329566278,870,1,45.229,
955,2019-05-27T10:25:22Z,45.55315000,6.09501667,1675.00,-2083.426970591061,-2924.465329566278,871,1,45.22,
956,2019-05-27T10:25:23Z,45.55315000,6.09516667,1676.00,-2082.426970591061,-2923.465329566278,872,1,45.21,
957,2019-05-27T10:25:24Z,45.55316667,6.09531667,1677.00,-2081.426970591061,-2922.465329566278,873,1,45.199,
958,2019-05-27T10:25:25Z,45.55320000,6.09540000,1678.00,-2080.426970591061,-2921.465329566278,874,1,45.191,
959,2019-05-27T10:25:26Z,45.55321667,6.09546667,1680.00,-2079.426970591061,-2920.465329566278,875,1,45.186,
960,2019-05-27T10:25:27Z,45.55321667,6.09551667,1680.00,-2078.426970591061,-2919.465329566278,876,1,45.183,
961,2019-05-27T10:25:28Z,45.55325000,6.09561667,1679.00,-2077.426970591061,-2918.465329566278,877,1,45.174,
962,2019-05-27T10:25:29Z,45.55326667,6.09576667,1678.00,-2076.426970591061,-2917.465329566278,878,1,45.163,
963,2019-05-27T10:25:30Z,45.55326667,6.09591667,1676.00,-2075.426970591061,-2916.465329566278,879,1,45.153,
964,2019-05-27T10:25:31Z,45.55326667,6.09605000,1676.00,-2074.426970591061,-2915.465329566278,880,1,45.144,
965,2019-05-27T10:25:32Z,45.55331667,6.09615000,1677.00,-2073.426970591061,-2914.465329566278,881,1,45.135,
966,2019-05-27T10:25:33Z,45.55335000,6.09621667,1676.00,-2072.426970591061,-2913.465329566278,882,1,45.128,
967,2019-05-27T10:25:34Z,45.55340000,6.09635000,1675.00,-2071.426970591061,-2912.465329566278,883,1,45.117,
968,2019-05-27T10:25:35Z,45.55345000,6.09646667,1673.00,-2070.426970591061,-2911.465329566278,884,1,45.106,
969,2019-05-27T10:25:36Z,45.55346667,6.09656667,1672.00,-2069.426970591061,-2910.465329566278,885,1,45.099,
970,2019-05-27T10:25:37Z,45.55351667,6.09670000,1671.00,-2068.426970591061,-2909.465329566278,886,1,45.087,
971,2019-05-27T10:25:38Z,45.55356667,6.09680000,1671.00,-2067.426970591061,-2908.465329566278,887,1,45.077,
972,2019-05-27T10:25:39Z,45.55361667,6.09690000,1671.00,-2066.426970591061,-2907.465329566278,888,1,45.068,
973,2019-05-27T10:25:40Z,45.55366667,6.09696667,1671.00,-2065.426970591061,-2906.465329566278,889,1,45.06,
974,2019-05-27T10:25:41Z,45.55366667,6.09706667,1671.00,-2064.426970591061,-2905.465329566278,890,1,45.054,
975,2019-05-27T10:25:42Z,45.55371667,6.09715000,1671.00,-2063.426970591061,-2904.465329566278,891,1,45.045,
976,2019-05-27T10:25:43Z,45.55371667,6.09725000,1669.00,-2062.426970591061,-2903.465329566278,892,1,45.039,
977,2019-05-27T10:25:44Z,45.55376667,6.09736667,1668.00,-2061.426970591061,-2902.465329566278,893,1,45.028,
978,2019-05-27T10:25:45Z,45.55380000,6.09746667,1666.00,-2060.426970591061,-2901.465329566278,894,1,45.019,
979,2019-05-27T10:25:46Z,45.55381667,6.09760000,1664.00,-2059.426970591061,-2900.465329566278,895,1,45.01,
980,2019-05-27T10:25:47Z,45.55386667,6.09771667,1662.00,-2058.426970591061,-2899.465329566278,896,1,44.999,
981,2019-05-27T10:25:48Z,45.55391667,6.09781667,1660.00,-2057.426970591061,-2898.465329566278,897,1,44.989,
982,2019-05-27T10:25:49Z,45.55396667,6.09791667,1658.00,-2056.426970591061,-2897.465329566278,898,1,44.98,
983,2019-05-27T10:25:50Z,45.55401667,6.09801667,1656.00,-2055.426970591061,-2896.465329566278,899,1,44.97,
984,2019-05-27T10:25:51Z,45.55406667,6.09811667,1655.00,-2054.426970591061,-2895.465329566278,900,1,44.961,
985,2019-05-27T10:25:52Z,45.55411667,6.09820000,1653.00,-2053.426970591061,-2894.465329566278,901,1,44.952,
986,2019-05-27T10:25:53Z,45.55416667,6.09826667,1650.00,-2052.426970591061,-2893.465329566278,902,1,44.945,
987,2019-05-27T10:25:54Z,45.55421667,6.09836667,1647.00,-2051.426970591061,-2892.465329566278,903,1,44.935,
988,2019-05-27T10:25:55Z,45.55426667,6.09845000,1643.00,-2050.426970591061,-2891.465329566278,904,1,44.927,
989,2019-05-27T10:25:56Z,45.55431667,6.09851667,1639.00,-2049.426970591061,-2890.465329566278,905,1,44.92,
990,2019-05-27T10:25:57Z,45.55440000,6.09861667,1634.00,-2048.426970591061,-2889.465329566278,906,1,44.908,
991,2019-05-27T10:25:58Z,45.55446667,6.09871667,1630.00,-2047.426970591061,-2888.465329566278,907,1,44.898,
992,2019-05-27T10:25:59Z,45.55455000,6.09881667,1627.00,-2046.426970591061,-2887.465329566278,908,1,44.886,
993,2019-05-27T10:26:00Z,45.55461667,6.09891667,1626.00,-2045.426970591061,-2886.465329566278,909,1,44.876,
994,2019-05-27T10:26:01Z,45.55466667,6.09896667,1627.00,-2044.426970591061,-2885.465329566278,910,1,44.869,
995,2019-05-27T10:26:02Z,45.55475000,6.09905000,1627.00,-2043.426970591061,-2884.465329566278,911,1,44.859,
996,2019-05-27T10:26:03Z,45.55481667,6.09911667,1627.00,-2042.426970591061,-2883.465329566278,912,1,44.851,
997,2019-05-27T10:26:04Z,45.55486667,6.09916667,1627.00,-2041.426970591061,-2882.465329566278,913,1,44.844,
998,2019-05-27T10:26:05Z,45.55496667,6.09925000,1627.00,-2040.426970591061,-2881.465329566278,914,1,44.833,
999,2019-05-27T10:26:06Z,45.55501667,6.09930000,1628.00,-2039.426970591061,-2880.465329566278,915,1,44.827,
1000,2019-05-27T10:26:07Z,45.55510000,6.09931667,1630.00,-2038.426970591061,-2879.465329566278,916,1,44.821,
1001,2019-05-27T10:26:08Z,45.55516667,6.09936667,1632.00,-2037.426970591061,-2878.465329566278,917,1,44.814,
1002,2019-05-27T10:26:09Z,45.55521667,6.09936667,1634.00,-2036.426970591061,-2877.465329566278,918,1,44.811,
1003,2019-05-27T10:26:10Z,45.55530000,6.09936667,1635.00,-2035.426970591061,-2876.465329566278,919,1,44.806,
1004,2019-05-27T10:26:11Z,45.55536667,6.09931667,1636.00,-2034.426970591061,-2875.465329566278,920,1,44.805,
1005,2019-05-27T10:26:12Z,45.55541667,6.09925000,1637.00,-2033.426970591061,-2874.465329566278,921,1,44.807,
1006,2019-05-27T10:26:13Z,45.55546667,6.09916667,1639.00,-2032.426970591061,-2873.465329566278,922,1,44.809,
1007,2019-05-27T10:26:14Z,45.55550000,6.09905000,1641.00,-2031.426970591061,-2872.465329566278,923,1,44.815,
1008,2019-05-27T10:26:15Z,45.55550000,6.09895000,1644.00,-2030.426970591061,-2871.465329566278,924,1,44.822,
1009,2019-05-27T10:26:16Z,45.55546667,6.09881667,1646.00,-2029.426970591061,-2870.465329566278,925,1,44.832,
1010,2019-05-27T10:26:17Z,45.55540000,6.09871667,1647.00,-2028.426970591061,-2869.465329566278,926,1,44.843,
1011,2019-05-27T10:26:18Z,45.55531667,6.09861667,1648.00,-2027.426970591061,-2868.465329566278,927,1,44.854,
1012,2019-05-27T10:26:19Z,45.55521667,6.09856667,1649.00,-2026.426970591061,-2867.465329566278,928,1,44.864,
1013,2019-05-27T10:26:20Z,45.55510000,6.09856667,1649.00,-2025.426970591061,-2866.465329566278,929,1,44.87,
1014,2019-05-27T10:26:21Z,45.55496667,6.09856667,1650.00,-2024.426970591061,-2865.465329566278,930,1,44.878,
1015,2019-05-27T10:26:22Z,45.55486667,6.09865000,1651.00,-2023.426970591061,-2864.465329566278,931,1,44.879,
1016,2019-05-27T10:26:23Z,45.55475000,6.09875000,1651.00,-2022.426970591061,-2863.465329566278,932,1,44.879,
1017,2019-05-27T10:26:24Z,45.55466667,6.09886667,1651.00,-2021.426970591061,-2862.465329566278,933,1,44.876,
1018,2019-05-27T10:26:25Z,45.55461667,6.09905000,1652.00,-2020.426970591061,-2861.465329566278,934,1,44.867,
1019,2019-05-27T10:26:26Z,45.55460000,6.09920000,1652.00,-2019.426970591061,-2860.465329566278,935,1,44.858,
1020,2019-05-27T10:26:27Z,45.55460000,6.09936667,1652.00,-2018.426970591061,-2859.465329566278,936,1,44.847,
1021,2019-05-27T10:26:28Z,45.55461667,6.09950000,1652.00,-2017.426970591061,-2858.465329566278,937,1,44.837,
1022,2019-05-27T10:26:29Z,45.55466667,6.09961667,1652.00,-2016.426970591061,-2857.465329566278,938,1,44.826,
1023,2019-05-27T10:26:30Z,45.55475000,6.09970000,1653.00,-2015.426970591061,-2856.465329566278,939,1,44.816,
1024,2019-05-27T10:26:31Z,45.55480000,6.09976667,1654.00,-2014.426970591061,-2855.465329566278,940,1,44.809,
1025,2019-05-27T10:26:32Z,45.55486667,6.09981667,1654.00,-2013.426970591061,-2854.465329566278,941,1,44.801,
1026,2019-05-27T10:26:33Z,45.55495000,6.09981667,1655.00,-2012.426970591061,-2853.465329566278,942,1,44.796,
1027,2019-05-27T10:26:34Z,45.55501667,6.09985000,1656.00,-2011.426970591061,-2852.465329566278,943,1,44.79,
1028,2019-05-27T10:26:35Z,45.55510000,6.09985000,1657.00,-2010.426970591061,-2851.465329566278,944,1,44.785,
1029,2019-05-27T10:26:36Z,45.55516667,6.09981667,1657.00,-2009.426970591061,-2850.465329566278,945,1,44.784,
1030,2019-05-27T10:26:37Z,45.55521667,6.09976667,1657.00,-2008.426970591061,-2849.465329566278,946,1,44.784,
1031,2019-05-27T10:26:38Z,45.55526667,6.09970000,1658.00,-2007.426970591061,-2848.465329566278,947,1,44.786,
1032,2019-05-27T10:26:39Z,45.55531667,6.09960000,1658.00,-2006.426970591061,-2847.465329566278,948,1,44.789,
1033,2019-05-27T10:26:40Z,45.55535000,6.09950000,1660.00,-2005.426970591061,-2846.465329566278,949,1,44.794,
1034,2019-05-27T10:26:41Z,45.55536667,6.09940000,1662.00,-2004.426970591061,-2845.465329566278,950,1,44.8,
1035,2019-05-27T10:26:42Z,45.55540000,6.09926667,1663.00,-2003.426970591061,-2844.465329566278,951,1,44.806,
1036,2019-05-27T10:26:43Z,45.55541667,6.09916667,1664.00,-2002.426970591061,-2843.465329566278,952,1,44.812,
1037,2019-05-27T10:26:44Z,45.55540000,6.09901667,1665.00,-2001.426970591061,-2842.465329566278,953,1,44.823,
1038,2019-05-27T10:26:45Z,45.55536667,6.09891667,1665.00,-2000.426970591061,-2841.465329566278,954,1,44.832,
1039,2019-05-27T10:26:46Z,45.55531667,6.09880000,1666.00,-1999.426970591061,-2840.465329566278,955,1,44.842,
1040,2019-05-27T10:26:47Z,45.55525000,6.09866667,1666.00,-1998.426970591061,-2839.465329566278,956,1,44.855,
1041,2019-05-27T10:26:48Z,45.55516667,6.09856667,1665.00,-1997.426970591061,-2838.465329566278,957,1,44.866,
1042,2019-05-27T10:26:49Z,45.55511667,6.09845000,1665.00,-1996.426970591061,-2837.465329566278,958,1,44.877,
1043,2019-05-27T10:26:50Z,45.55505000,6.09831667,1664.00,-1995.426970591061,-2836.465329566278,959,1,44.89,
1044,2019-05-27T10:26:51Z,45.55496667,6.09820000,1663.00,-1994.426970591061,-2835.465329566278,960,1,44.902,
1045,2019-05-27T10:26:52Z,45.55486667,6.09806667,1662.00,-1993.426970591061,-2834.465329566278,961,1,44.917,
1046,2019-05-27T10:26:53Z,45.55480000,6.09791667,1663.00,-1992.426970591061,-2833.465329566278,962,1,44.931,
1047,2019-05-27T10:26:54Z,45.55471667,6.09781667,1664.00,-1991.426970591061,-2832.465329566278,963,1,44.942,
1048,2019-05-27T10:26:55Z,45.55466667,6.09771667,1665.00,-1990.426970591061,-2831.465329566278,964,1,44.952,
1049,2019-05-27T10:26:56Z,45.55461667,6.09760000,1665.00,-1989.426970591061,-2830.465329566278,965,1,44.963,
1050,2019-05-27T10:26:57Z,45.55456667,6.09746667,1664.00,-1988.426970591061,-2829.465329566278,966,1,44.974,
1051,2019-05-27T10:26:58Z,45.55455000,6.09736667,1661.00,-1987.426970591061,-2828.465329566278,967,1,44.982,
1052,2019-05-27T10:26:59Z,45.55450000,6.09726667,1659.00,-1986.426970591061,-2827.465329566278,968,1,44.992,
1053,2019-05-27T10:27:00Z,45.55446667,6.09715000,1657.00,-1985.426970591061,-2826.465329566278,969,1,45.001,
1054,2019-05-27T10:27:01Z,45.55441667,6.09705000,1657.00,-1984.426970591061,-2825.465329566278,970,1,45.011,
1055,2019-05-27T10:27:02Z,45.55440000,6.09695000,1659.00,-1983.426970591061,-2824.465329566278,971,1,45.018,
1056,2019-05-27T10:27:03Z,45.55436667,6.09686667,1661.00,-1982.426970591061,-2823.465329566278,972,1,45.026,
1057,2019-05-27T10:27:04Z,45.55431667,6.09680000,1663.00,-1981.426970591061,-2822.465329566278,973,1,45.033,
1058,2019-05-27T10:27:05Z,45.55430000,6.09671667,1663.00,-1980.426970591061,-2821.465329566278,974,1,45.04,
1059,2019-05-27T10:27:06Z,45.55426667,6.09665000,1662.00,-1979.426970591061,-2820.465329566278,975,1,45.046,
1060,2019-05-27T10:27:07Z,45.55421667,6.09655000,1660.00,-1978.426970591061,-2819.465329566278,976,1,45.056,
1061,2019-05-27T10:27:08Z,45.55421667,6.09641667,1658.00,-1977.426970591061,-2818.465329566278,977,1,45.064,
1062,2019-05-27T10:27:09Z,45.55421667,6.09626667,1657.00,-1976.426970591061,-2817.465329566278,978,1,45.074,
1063,2019-05-27T10:27:10Z,45.55421667,6.09616667,1656.00,-1975.426970591061,-2816.465329566278,979,1,45.081,
1064,2019-05-27T10:27:11Z,45.55425000,6.09605000,1656.00,-1974.426970591061,-2815.465329566278,980,1,45.087,
1065,2019-05-27T10:27:12Z,45.55426667,6.09591667,1657.00,-1973.426970591061,-2814.465329566278,981,1,45.095,
1066,2019-05-27T10:27:13Z,45.55431667,6.09581667,1657.00,-1972.426970591061,-2813.465329566278,982,1,45.098,
1067,2019-05-27T10:27:14Z,45.55436667,6.09571667,1657.00,-1971.426970591061,-2812.465329566278,983,1,45.102,
1068,2019-05-27T10:27:15Z,45.55441667,6.09561667,1657.00,-1970.426970591061,-2811.465329566278,984,1,45.106,
1069,2019-05-27T10:27:16Z,45.55446667,6.09555000,1658.00,-1969.426970591061,-2810.465329566278,985,1,45.107,
1070,2019-05-27T10:27:17Z,45.55455000,6.09546667,1659.00,-1968.426970591061,-2809.465329566278,986,1,45.108,
1071,2019-05-27T10:27:18Z,45.55461667,6.09536667,1660.00,-1967.426970591061,-2808.465329566278,987,1,45.11,
1072,2019-05-27T10:27:19Z,45.55470000,6.09526667,1662.00,-1966.426970591061,-2807.465329566278,988,1,45.111,
1073,2019-05-27T10:27:20Z,45.55471667,6.09520000,1666.00,-1965.426970591061,-2806.465329566278,989,1,45.115,
1074,2019-05-27T10:27:21Z,45.55475000,6.09511667,1669.00,-1964.426970591061,-2805.465329566278,990,1,45.118,
1075,2019-05-27T10:27:22Z,45.55476667,6.09506667,1671.00,-1963.426970591061,-2804.465329566278,991,1,45.12,
1076,2019-05-27T10:27:23Z,45.55480000,6.09496667,1672.00,-1962.426970591061,-2803.465329566278,992,1,45.125,
1077,2019-05-27T10:27:24Z,45.55481667,6.09490000,1673.00,-1961.426970591061,-2802.465329566278,993,1,45.128,
1078,2019-05-27T10:27:25Z,45.55481667,6.09476667,1674.00,-1960.426970591061,-2801.465329566278,994,1,45.137,
1079,2019-05-27T10:27:26Z,45.55481667,6.09466667,1675.00,-1959.426970591061,-2800.465329566278,995,1,45.143,
1080,2019-05-27T10:27:27Z,45.55480000,6.09456667,1678.00,-1958.426970591061,-2799.465329566278,996,1,45.151,
1081,2019-05-27T10:27:28Z,45.55476667,6.09450000,1680.00,-1957.426970591061,-2798.465329566278,997,1,45.157,
1082,2019-05-27T10:27:29Z,45.55476667,6.09441667,1681.00,-1956.426970591061,-2797.465329566278,998,1,45.162,
1083,2019-05-27T10:27:30Z,45.55476667,6.09431667,1682.00,-1955.426970591061,-2796.465329566278,999,1,45.169,
1084,2019-05-27T10:27:31Z,45.55475000,6.09421667,1682.00,-1954.426970591061,-2795.465329566278,1000,1,45.177,
1085,2019-05-27T10:27:32Z,45.55471667,6.09410000,1682.00,-1953.426970591061,-2794.465329566278,1001,1,45.186,
1086,2019-05-27T10:27:33Z,45.55471667,6.09396667,1684.00,-1952.426970591061,-2793.465329566278,1002,1,45.195,
1087,2019-05-27T10:27:34Z,45.55470000,6.09386667,1685.00,-1951.426970591061,-2792.465329566278,1003,1,45.202,
1088,2019-05-27T10:27:35Z,45.55466667,6.09376667,1687.00,-1950.426970591061,-2791.465329566278,1004,1,45.211,
1089,2019-05-27T10:27:36Z,45.55465000,6.09370000,1689.00,-1949.426970591061,-2790.465329566278,1005,1,45.216,
1090,2019-05-27T10:27:37Z,45.55460000,6.09360000,1690.00,-1948.426970591061,-2789.465329566278,1006,1,45.226,
1091,2019-05-27T10:27:38Z,45.55455000,6.09351667,1691.00,-1947.426970591061,-2788.465329566278,1007,1,45.234,
1092,2019-05-27T10:27:39Z,45.55446667,6.09341667,1691.00,-1946.426970591061,-2787.465329566278,1008,1,45.246,
1093,2019-05-27T10:27:40Z,45.55436667,6.09331667,1691.00,-1945.426970591061,-2786.465329566278,1009,1,45.258,
1094,2019-05-27T10:27:41Z,45.55426667,6.09326667,1693.00,-1944.426970591061,-2785.465329566278,1010,1,45.268,
1095,2019-05-27T10:27:42Z,45.55416667,6.09321667,1696.00,-1943.426970591061,-2784.465329566278,1011,1,45.277,
1096,2019-05-27T10:27:43Z,45.55406667,6.09325000,1698.00,-1942.426970591061,-2783.465329566278,1012,1,45.281,
1097,2019-05-27T10:27:44Z,45.55400000,6.09330000,1700.00,-1941.426970591061,-2782.465329566278,1013,1,45.282,
1098,2019-05-27T10:27:45Z,45.55391667,6.09336667,1702.00,-1940.426970591061,-2781.465329566278,1014,1,45.283,
1099,2019-05-27T10:27:46Z,45.55385000,6.09345000,1704.00,-1939.426970591061,-2780.465329566278,1015,1,45.281,
1100,2019-05-27T10:27:47Z,45.55376667,6.09355000,1705.00,-1938.426970591061,-2779.465329566278,1016,1,45.28,
1101,2019-05-27T10:27:48Z,45.55375000,6.09365000,1706.00,-1937.426970591061,-2778.465329566278,1017,1,45.275,
1102,2019-05-27T10:27:49Z,45.55371667,6.09376667,1707.00,-1936.426970591061,-2777.465329566278,1018,1,45.269,
1103,2019-05-27T10:27:50Z,45.55366667,6.09386667,1709.00,-1935.426970591061,-2776.465329566278,1019,1,45.266,
1104,2019-05-27T10:27:51Z,45.55366667,6.09400000,1709.00,-1934.426970591061,-2775.465329566278,1020,1,45.257,
1105,2019-05-27T10:27:52Z,45.55366667,6.09411667,1708.00,-1933.426970591061,-2774.465329566278,1021,1,45.249,
1106,2019-05-27T10:27:53Z,45.55370000,6.09426667,1707.00,-1932.426970591061,-2773.465329566278,1022,1,45.237,
1107,2019-05-27T10:27:54Z,45.55371667,6.09440000,1706.00,-1931.426970591061,-2772.465329566278,1023,1,45.227,
1108,2019-05-27T10:27:55Z,45.55371667,6.09451667,1706.00,-1930.426970591061,-2771.465329566278,1024,1,45.22,
1109,2019-05-27T10:27:56Z,45.55371667,6.09465000,1706.00,-1929.426970591061,-2770.465329566278,1025,1,45.211,
1110,2019-05-27T10:27:57Z,45.55371667,6.09476667,1706.00,-1928.426970591061,-2769.465329566278,1026,1,45.203,
1111,2019-05-27T10:27:58Z,45.55371667,6.09491667,1706.00,-1927.426970591061,-2768.465329566278,1027,1,45.193,
1112,2019-05-27T10:27:59Z,45.55376667,6.09505000,1706.00,-1926.426970591061,-2767.465329566278,1028,1,45.181,
1113,2019-05-27T10:28:00Z,45.55381667,6.09516667,1706.00,-1925.426970591061,-2766.465329566278,1029,1,45.171,
1114,2019-05-27T10:28:01Z,45.55390000,6.09526667,1706.00,-1924.426970591061,-2765.465329566278,1030,1,45.159,
1115,2019-05-27T10:28:02Z,45.55396667,6.09536667,1707.00,-1923.426970591061,-2764.465329566278,1031,1,45.149,
1116,2019-05-27T10:28:03Z,45.55405000,6.09545000,1708.00,-1922.426970591061,-2763.465329566278,1032,1,45.138,
1117,2019-05-27T10:28:04Z,45.55411667,6.09550000,1708.00,-1921.426970591061,-2762.465329566278,1033,1,45.131,
1118,2019-05-27T10:28:05Z,45.55421667,6.09551667,1709.00,-1920.426970591061,-2761.465329566278,1034,1,45.124,
1119,2019-05-27T10:28:06Z,45.55431667,6.09555000,1709.00,-1919.426970591061,-2760.465329566278,1035,1,45.116,
1120,2019-05-27T10:28:07Z,45.55441667,6.09556667,1709.00,-1918.426970591061,-2759.465329566278,1036,1,45.109,
1121,2019-05-27T10:28:08Z,45.55451667,6.09555000,1708.00,-1917.426970591061,-2758.465329566278,1037,1,45.104,
1122,2019-05-27T10:28:09Z,45.55461667,6.09551667,1709.00,-1916.426970591061,-2757.465329566278,1038,1,45.1,
1123,2019-05-27T10:28:10Z,45.55466667,6.09550000,1712.00,-1915.426970591061,-2756.465329566278,1039,1,45.098,
1124,2019-05-27T10:28:11Z,45.55475000,6.09541667,1714.00,-1914.426970591061,-2755.465329566278,1040,1,45.099,
1125,2019-05-27T10:28:12Z,45.55476667,6.09531667,1717.00,-1913.426970591061,-2754.465329566278,1041,1,45.104,
1126,2019-05-27T10:28:13Z,45.55480000,6.09521667,1719.00,-1912.426970591061,-2753.465329566278,1042,1,45.108,
1127,2019-05-27T10:28:14Z,45.55476667,6.09511667,1720.00,-1911.426970591061,-2752.465329566278,1043,1,45.117,
1128,2019-05-27T10:28:15Z,45.55475000,6.09500000,1722.00,-1910.426970591061,-2751.465329566278,1044,1,45.126,
1129,2019-05-27T10:28:16Z,45.55470000,6.09490000,1723.00,-1909.426970591061,-2750.465329566278,1045,1,45.135,
1130,2019-05-27T10:28:17Z,45.55461667,6.09481667,1726.00,-1908.426970591061,-2749.465329566278,1046,1,45.146,
1131,2019-05-27T10:28:18Z,45.55455000,6.09480000,1729.00,-1907.426970591061,-2748.465329566278,1047,1,45.151,
1132,2019-05-27T10:28:19Z,45.55446667,6.09476667,1732.00,-1906.426970591061,-2747.465329566278,1048,1,45.158,
1133,2019-05-27T10:28:20Z,45.55440000,6.09480000,1735.00,-1905.426970591061,-2746.465329566278,1049,1,45.16,
1134,2019-05-27T10:28:21Z,45.55431667,6.09480000,1737.00,-1904.426970591061,-2745.465329566278,1050,1,45.165,
1135,2019-05-27T10:28:22Z,45.55425000,6.09481667,1738.00,-1903.426970591061,-2744.465329566278,1051,1,45.168,
1136,2019-05-27T10:28:23Z,45.55415000,6.09481667,1738.00,-1902.426970591061,-2743.465329566278,1052,1,45.174,
1137,2019-05-27T10:28:24Z,45.55406667,6.09481667,1738.00,-1901.426970591061,-2742.465329566278,1053,1,45.179,
1138,2019-05-27T10:28:25Z,45.55396667,6.09481667,1738.00,-1900.426970591061,-2741.465329566278,1054,1,45.185,
1139,2019-05-27T10:28:26Z,45.55386667,6.09481667,1738.00,-1899.426970591061,-2740.465329566278,1055,1,45.191,
1140,2019-05-27T10:28:27Z,45.55376667,6.09481667,1738.00,-1898.426970591061,-2739.465329566278,1056,1,45.197,
1141,2019-05-27T10:28:28Z,45.55366667,6.09486667,1738.00,-1897.426970591061,-2738.465329566278,1057,1,45.199,
1142,2019-05-27T10:28:29Z,45.55360000,6.09491667,1738.00,-1896.426970591061,-2737.465329566278,1058,1,45.2,
1143,2019-05-27T10:28:30Z,45.55351667,6.09496667,1738.00,-1895.426970591061,-2736.465329566278,1059,1,45.201,
1144,2019-05-27T10:28:31Z,45.55345000,6.09501667,1738.00,-1894.426970591061,-2735.465329566278,1060,1,45.202,
1145,2019-05-27T10:28:32Z,45.55336667,6.09510000,1738.00,-1893.426970591061,-2734.465329566278,1061,1,45.201,
1146,2019-05-27T10:28:33Z,45.55331667,6.09516667,1738.00,-1892.426970591061,-2733.465329566278,1062,1,45.2,
1147,2019-05-27T10:28:34Z,45.55326667,6.09526667,1736.00,-1891.426970591061,-2732.465329566278,1063,1,45.196,
1148,2019-05-27T10:28:35Z,45.55321667,6.09535000,1734.00,-1890.426970591061,-2731.465329566278,1064,1,45.194,
1149,2019-05-27T10:28:36Z,45.55316667,6.09545000,1731.00,-1889.426970591061,-2730.465329566278,1065,1,45.19,
1150,2019-05-27T10:28:37Z,45.55311667,6.09555000,1728.00,-1888.426970591061,-2729.465329566278,1066,1,45.186,
1151,2019-05-27T10:28:38Z,45.55306667,6.09566667,1725.00,-1887.426970591061,-2728.465329566278,1067,1,45.181,
1152,2019-05-27T10:28:39Z,45.55301667,6.09576667,1723.00,-1886.426970591061,-2727.465329566278,1068,1,45.178,
1153,2019-05-27T10:28:40Z,45.55296667,6.09586667,1721.00,-1885.426970591061,-2726.465329566278,1069,1,45.174,
1154,2019-05-27T10:28:41Z,45.55291667,6.09596667,1720.00,-1884.426970591061,-2725.465329566278,1070,1,45.171,
1155,2019-05-27T10:28:42Z,45.55286667,6.09606667,1717.00,-1883.426970591061,-2724.465329566278,1071,1,45.167,
1156,2019-05-27T10:28:43Z,45.55280000,6.09615000,1715.00,-1882.426970591061,-2723.465329566278,1072,1,45.165,
1157,2019-05-27T10:28:44Z,45.55271667,6.09625000,1713.00,-1881.426970591061,-2722.465329566278,1073,1,45.164,
1158,2019-05-27T10:28:45Z,45.55266667,6.09631667,1712.00,-1880.426970591061,-2721.465329566278,1074,1,45.162,
1159,2019-05-27T10:28:46Z,45.55261667,6.09641667,1711.00,-1879.426970591061,-2720.465329566278,1075,1,45.159,
1160,2019-05-27T10:28:47Z,45.55255000,6.09651667,1709.00,-1878.426970591061,-2719.465329566278,1076,1,45.156,
1161,2019-05-27T10:28:48Z,45.55250000,6.09665000,1708.00,-1877.426970591061,-2718.465329566278,1077,1,45.15,
1162,2019-05-27T10:28:49Z,45.55245000,6.09676667,1706.00,-1876.426970591061,-2717.465329566278,1078,1,45.146,
1163,2019-05-27T10:28:50Z,45.55236667,6.09686667,1706.00,-1875.426970591061,-2716.465329566278,1079,1,45.144,
1164,2019-05-27T10:28:51Z,45.55231667,6.09696667,1705.00,-1874.426970591061,-2715.465329566278,1080,1,45.14,
1165,2019-05-27T10:28:52Z,45.55226667,6.09706667,1704.00,-1873.426970591061,-2714.465329566278,1081,1,45.137,
1166,2019-05-27T10:28:53Z,45.55221667,6.09716667,1703.00,-1872.426970591061,-2713.465329566278,1082,1,45.133,
1167,2019-05-27T10:28:54Z,45.55215000,6.09726667,1701.00,-1871.426970591061,-2712.465329566278,1083,1,45.131,
1168,2019-05-27T10:28:55Z,45.55206667,6.09735000,1699.00,-1870.426970591061,-2711.465329566278,1084,1,45.13,
1169,2019-05-27T10:28:56Z,45.55200000,6.09741667,1698.00,-1869.426970591061,-2710.465329566278,1085,1,45.13,
1170,2019-05-27T10:28:57Z,45.55191667,6.09751667,1697.00,-1868.426970591061,-2709.465329566278,1086,1,45.128,
1171,2019-05-27T10:28:58Z,45.55185000,6.09760000,1695.00,-1867.426970591061,-2708.465329566278,1087,1,45.127,
1172,2019-05-27T10:28:59Z,45.55176667,6.09770000,1692.00,-1866.426970591061,-2707.465329566278,1088,1,45.126,
1173,2019-05-27T10:29:00Z,45.55171667,6.09780000,1690.00,-1865.426970591061,-2706.465329566278,1089,1,45.122,
1174,2019-05-27T10:29:01Z,45.55165000,6.09791667,1688.00,-1864.426970591061,-2705.465329566278,1090,1,45.118,
1175,2019-05-27T10:29:02Z,45.55156667,6.09801667,1687.00,-1863.426970591061,-2704.465329566278,1091,1,45.117,
1176,2019-05-27T10:29:03Z,45.55150000,6.09811667,1686.00,-1862.426970591061,-2703.465329566278,1092,1,45.114,
1177,2019-05-27T10:29:04Z,45.55141667,6.09820000,1685.00,-1861.426970591061,-2702.465329566278,1093,1,45.114,
1178,2019-05-27T10:29:05Z,45.55135000,6.09830000,1684.00,-1860.426970591061,-2701.465329566278,1094,1,45.112,
1179,2019-05-27T10:29:06Z,45.55130000,6.09841667,1682.00,-1859.426970591061,-2700.465329566278,1095,1,45.107,
1180,2019-05-27T10:29:07Z,45.55125000,6.09855000,1680.00,-1858.426970591061,-2699.465329566278,1096,1,45.101,
1181,2019-05-27T10:29:08Z,45.55121667,6.09866667,1679.00,-1857.426970591061,-2698.465329566278,1097,1,45.096,
1182,2019-05-27T10:29:09Z,45.55120000,6.09881667,1678.00,-1856.426970591061,-2697.465329566278,1098,1,45.087,
1183,2019-05-27T10:29:10Z,45.55120000,6.09896667,1676.00,-1855.426970591061,-2696.465329566278,1099,1,45.077,
1184,2019-05-27T10:29:11Z,45.55121667,6.09911667,1674.00,-1854.426970591061,-2695.465329566278,1100,1,45.067,
1185,2019-05-27T10:29:12Z,45.55121667,6.09921667,1673.00,-1853.426970591061,-2694.465329566278,1101,1,45.06,
1186,2019-05-27T10:29:13Z,45.55126667,6.09935000,1673.00,-1852.426970591061,-2693.465329566278,1102,1,45.048,
1187,2019-05-27T10:29:14Z,45.55131667,6.09941667,1673.00,-1851.426970591061,-2692.465329566278,1103,1,45.041,
1188,2019-05-27T10:29:15Z,45.55136667,6.09951667,1672.00,-1850.426970591061,-2691.465329566278,1104,1,45.031,
1189,2019-05-27T10:29:16Z,45.55146667,6.09955000,1670.00,-1849.426970591061,-2690.465329566278,1105,1,45.023,
1190,2019-05-27T10:29:17Z,45.55155000,6.09956667,1669.00,-1848.426970591061,-2689.465329566278,1106,1,45.017,
1191,2019-05-27T10:29:18Z,45.55161667,6.09956667,1667.00,-1847.426970591061,-2688.465329566278,1107,1,45.013,
1192,2019-05-27T10:29:19Z,45.55171667,6.09951667,1664.00,-1846.426970591061,-2687.465329566278,1108,1,45.01,
1193,2019-05-27T10:29:20Z,45.55176667,6.09945000,1663.00,-1845.426970591061,-2686.465329566278,1109,1,45.011,
1194,2019-05-27T10:29:21Z,45.55185000,6.09936667,1662.00,-1844.426970591061,-2685.465329566278,1110,1,45.012,
1195,2019-05-27T10:29:22Z,45.55191667,6.09931667,1662.00,-1843.426970591061,-2684.465329566278,1111,1,45.011,
1196,2019-05-27T10:29:23Z,45.55196667,6.09925000,1661.00,-1842.426970591061,-2683.465329566278,1112,1,45.012,
1197,2019-05-27T10:29:24Z,45.55201667,6.09916667,1660.00,-1841.426970591061,-2682.465329566278,1113,1,45.015,
1198,2019-05-27T10:29:25Z,45.55206667,6.09906667,1658.00,-1840.426970591061,-2681.465329566278,1114,1,45.018,
1199,2019-05-27T10:29:26Z,45.55211667,6.09895000,1655.00,-1839.426970591061,-2680.465329566278,1115,1,45.023,
1200,2019-05-27T10:29:27Z,45.55216667,6.09881667,1654.00,-1838.426970591061,-2679.465329566278,1116,1,45.028,
1201,2019-05-27T10:29:28Z,45.55221667,6.09870000,1653.00,-1837.426970591061,-2678.465329566278,1117,1,45.033,
1202,2019-05-27T10:29:29Z,45.55225000,6.09856667,1651.00,-1836.426970591061,-2677.465329566278,1118,1,45.04,
1203,2019-05-27T10:29:30Z,45.55226667,6.09846667,1650.00,-1835.426970591061,-2676.465329566278,1119,1,45.045,
1204,2019-05-27T10:29:31Z,45.55231667,6.09835000,1650.00,-1834.426970591061,-2675.465329566278,1120,1,45.05,
1205,2019-05-27T10:29:32Z,45.55235000,6.09821667,1649.00,-1833.426970591061,-2674.465329566278,1121,1,45.057,
1206,2019-05-27T10:29:33Z,45.55236667,6.09811667,1648.00,-1832.426970591061,-2673.465329566278,1122,1,45.062,
1207,2019-05-27T10:29:34Z,45.55241667,6.09800000,1647.00,-1831.426970591061,-2672.465329566278,1123,1,45.067,
1208,2019-05-27T10:29:35Z,45.55245000,6.09786667,1645.00,-1830.426970591061,-2671.465329566278,1124,1,45.073,
1209,2019-05-27T10:29:36Z,45.55246667,6.09775000,1644.00,-1829.426970591061,-2670.465329566278,1125,1,45.08,
1210,2019-05-27T10:29:37Z,45.55250000,6.09761667,1642.00,-1828.426970591061,-2669.465329566278,1126,1,45.087,
1211,2019-05-27T10:29:38Z,45.55255000,6.09750000,1639.00,-1827.426970591061,-2668.465329566278,1127,1,45.092,
1212,2019-05-27T10:29:39Z,45.55261667,6.09736667,1636.00,-1826.426970591061,-2667.465329566278,1128,1,45.096,
1213,2019-05-27T10:29:40Z,45.55266667,6.09721667,1635.00,-1825.426970591061,-2666.465329566278,1129,1,45.103,
1214,2019-05-27T10:29:41Z,45.55275000,6.09710000,1634.00,-1824.426970591061,-2665.465329566278,1130,1,45.106,
1215,2019-05-27T10:29:42Z,45.55280000,6.09696667,1633.00,-1823.426970591061,-2664.465329566278,1131,1,45.112,
1216,2019-05-27T10:29:43Z,45.55285000,6.09685000,1631.00,-1822.426970591061,-2663.465329566278,1132,1,45.116,
1217,2019-05-27T10:29:44Z,45.55290000,6.09671667,1630.00,-1821.426970591061,-2662.465329566278,1133,1,45.122,
1218,2019-05-27T10:29:45Z,45.55295000,6.09656667,1628.00,-1820.426970591061,-2661.465329566278,1134,1,45.129,
1219,2019-05-27T10:29:46Z,45.55300000,6.09645000,1626.00,-1819.426970591061,-2660.465329566278,1135,1,45.134,
1220,2019-05-27T10:29:47Z,45.55306667,6.09631667,1623.00,-1818.426970591061,-2659.465329566278,1136,1,45.139,
1221,2019-05-27T10:29:48Z,45.55315000,6.09620000,1622.00,-1817.426970591061,-2658.465329566278,1137,1,45.141,
1222,2019-05-27T10:29:49Z,45.55321667,6.09606667,1621.00,-1816.426970591061,-2657.465329566278,1138,1,45.146,
1223,2019-05-27T10:29:50Z,45.55326667,6.09596667,1620.00,-1815.426970591061,-2656.465329566278,1139,1,45.15,
1224,2019-05-27T10:29:51Z,45.55336667,6.09586667,1619.00,-1814.426970591061,-2655.465329566278,1140,1,45.151,
1225,2019-05-27T10:29:52Z,45.55341667,6.09576667,1619.00,-1813.426970591061,-2654.465329566278,1141,1,45.154,
1226,2019-05-27T10:29:53Z,45.55351667,6.09566667,1618.00,-1812.426970591061,-2653.465329566278,1142,1,45.155,
1227,2019-05-27T10:29:54Z,45.55356667,6.09555000,1617.00,-1811.426970591061,-2652.465329566278,1143,1,45.16,
1228,2019-05-27T10:29:55Z,45.55365000,6.09541667,1615.00,-1810.426970591061,-2651.465329566278,1144,1,45.164,
1229,2019-05-27T10:29:56Z,45.55371667,6.09531667,1614.00,-1809.426970591061,-2650.465329566278,1145,1,45.167,
1230,2019-05-27T10:29:57Z,45.55380000,6.09520000,1613.00,-1808.426970591061,-2649.465329566278,1146,1,45.169,
1231,2019-05-27T10:29:58Z,45.55386667,6.09506667,1612.00,-1807.426970591061,-2648.465329566278,1147,1,45.174,
1232,2019-05-27T10:29:59Z,45.55396667,6.09496667,1612.00,-1806.426970591061,-2647.465329566278,1148,1,45.175,
1233,2019-05-27T10:30:00Z,45.55401667,6.09486667,1612.00,-1805.426970591061,-2646.465329566278,1149,1,45.179,
1234,2019-05-27T10:30:01Z,45.55411667,6.09476667,1611.00,-1804.426970591061,-2645.465329566278,1150,1,45.18,
1235,2019-05-27T10:30:02Z,45.55416667,6.09466667,1610.00,-1803.426970591061,-2644.465329566278,1151,1,45.183,
1236,2019-05-27T10:30:03Z,45.55426667,6.09456667,1610.00,-1802.426970591061,-2643.465329566278,1152,1,45.183,
1237,2019-05-27T10:30:04Z,45.55431667,6.09446667,1609.00,-1801.426970591061,-2642.465329566278,1153,1,45.187,
1238,2019-05-27T10:30:05Z,45.55441667,6.09436667,1608.00,-1800.426970591061,-2641.465329566278,1154,1,45.187,
1239,2019-05-27T10:30:06Z,45.55450000,6.09426667,1607.00,-1799.426970591061,-2640.465329566278,1155,1,45.189,
1240,2019-05-27T10:30:07Z,45.55456667,6.09420000,1606.00,-1798.426970591061,-2639.465329566278,1156,1,45.189,
1241,2019-05-27T10:30:08Z,45.55466667,6.09411667,1605.00,-1797.426970591061,-2638.465329566278,1157,1,45.188,
1242,2019-05-27T10:30:09Z,45.55475000,6.09401667,1604.00,-1796.426970591061,-2637.465329566278,1158,1,45.19,
1243,2019-05-27T10:30:10Z,45.55481667,6.09395000,1602.00,-1795.426970591061,-2636.465329566278,1159,1,45.19,
1244,2019-05-27T10:30:11Z,45.55491667,6.09385000,1600.00,-1794.426970591061,-2635.465329566278,1160,1,45.19,
1245,2019-05-27T10:30:12Z,45.55500000,6.09371667,1599.00,-1793.426970591061,-2634.465329566278,1161,1,45.194,
1246,2019-05-27T10:30:13Z,45.55506667,6.09361667,1597.00,-1792.426970591061,-2633.465329566278,1162,1,45.196,
1247,2019-05-27T10:30:14Z,45.55511667,6.09350000,1596.00,-1791.426970591061,-2632.465329566278,1163,1,45.201,
1248,2019-05-27T10:30:15Z,45.55521667,6.09336667,1595.00,-1790.426970591061,-2631.465329566278,1164,1,45.204,
1249,2019-05-27T10:30:16Z,45.55526667,6.09326667,1594.00,-1789.426970591061,-2630.465329566278,1165,1,45.207,
1250,2019-05-27T10:30:17Z,45.55535000,6.09316667,1592.00,-1788.426970591061,-2629.465329566278,1166,1,45.209,
1251,2019-05-27T10:30:18Z,45.55541667,6.09305000,1591.00,-1787.426970591061,-2628.465329566278,1167,1,45.212,
1252,2019-05-27T10:30:19Z,45.55546667,6.09291667,1590.00,-1786.426970591061,-2627.465329566278,1168,1,45.218,
1253,2019-05-27T10:30:20Z,45.55551667,6.09281667,1590.00,-1785.426970591061,-2626.465329566278,1169,1,45.222,
1254,2019-05-27T10:30:21Z,45.55560000,6.09271667,1589.00,-1784.426970591061,-2625.465329566278,1170,1,45.223,
1255,2019-05-27T10:30:22Z,45.55566667,6.09261667,1589.00,-1783.426970591061,-2624.465329566278,1171,1,45.226,
1256,2019-05-27T10:30:23Z,45.55576667,6.09255000,1589.00,-1782.426970591061,-2623.465329566278,1172,1,45.224,
1257,2019-05-27T10:30:24Z,45.55586667,6.09251667,1589.00,-1781.426970591061,-2622.465329566278,1173,1,45.22,
1258,2019-05-27T10:30:25Z,45.55596667,6.09246667,1589.00,-1780.426970591061,-2621.465329566278,1174,1,45.218,
1259,2019-05-27T10:30:26Z,45.55606667,6.09245000,1589.00,-1779.426970591061,-2620.465329566278,1175,1,45.213,
1260,2019-05-27T10:30:27Z,45.55616667,6.09241667,1591.00,-1778.426970591061,-2619.465329566278,1176,1,45.209,
1261,2019-05-27T10:30:28Z,45.55621667,6.09240000,1593.00,-1777.426970591061,-2618.465329566278,1177,1,45.207,
1262,2019-05-27T10:30:29Z,45.55630000,6.09236667,1596.00,-1776.426970591061,-2617.465329566278,1178,1,45.204,
1263,2019-05-27T10:30:30Z,45.55636667,6.09231667,1598.00,-1775.426970591061,-2616.465329566278,1179,1,45.204,
1264,2019-05-27T10:30:31Z,45.55641667,6.09231667,1600.00,-1774.426970591061,-2615.465329566278,1180,1,45.201,
1265,2019-05-27T10:30:32Z,45.55651667,6.09231667,1602.00,-1773.426970591061,-2614.465329566278,1181,1,45.195,
1266,2019-05-27T10:30:33Z,45.55656667,6.09231667,1603.00,-1772.426970591061,-2613.465329566278,1182,1,45.192,
1267,2019-05-27T10:30:34Z,45.55665000,6.09231667,1605.00,-1771.426970591061,-2612.465329566278,1183,1,45.187,
1268,2019-05-27T10:30:35Z,45.55671667,6.09231667,1607.00,-1770.426970591061,-2611.465329566278,1184,1,45.183,
1269,2019-05-27T10:30:36Z,45.55676667,6.09231667,1608.00,-1769.426970591061,-2610.465329566278,1185,1,45.18,
1270,2019-05-27T10:30:37Z,45.55685000,6.09230000,1608.00,-1768.426970591061,-2609.465329566278,1186,1,45.176,
1271,2019-05-27T10:30:38Z,45.55691667,6.09226667,1607.00,-1767.426970591061,-2608.465329566278,1187,1,45.174,
1272,2019-05-27T10:30:39Z,45.55700000,6.09225000,1607.00,-1766.426970591061,-2607.465329566278,1188,1,45.171,
1273,2019-05-27T10:30:40Z,45.55706667,6.09221667,1607.00,-1765.426970591061,-2606.465329566278,1189,1,45.169,
1274,2019-05-27T10:30:41Z,45.55715000,6.09220000,1607.00,-1764.426970591061,-2605.465329566278,1190,1,45.165,
1275,2019-05-27T10:30:42Z,45.55721667,6.09216667,1607.00,-1763.426970591061,-2604.465329566278,1191,1,45.163,
1276,2019-05-27T10:30:43Z,45.55730000,6.09215000,1608.00,-1762.426970591061,-2603.465329566278,1192,1,45.16,
1277,2019-05-27T10:30:44Z,45.55736667,6.09211667,1609.00,-1761.426970591061,-2602.465329566278,1193,1,45.158,
1278,2019-05-27T10:30:45Z,45.55741667,6.09215000,1609.00,-1760.426970591061,-2601.465329566278,1194,1,45.153,
1279,2019-05-27T10:30:46Z,45.55750000,6.09215000,1609.00,-1759.426970591061,-2600.465329566278,1195,1,45.148,
1280,2019-05-27T10:30:47Z,45.55756667,6.09215000,1609.00,-1758.426970591061,-2599.465329566278,1196,1,45.144,
1281,2019-05-27T10:30:48Z,45.55766667,6.09215000,1609.00,-1757.426970591061,-2598.465329566278,1197,1,45.138,
1282,2019-05-27T10:30:49Z,45.55775000,6.09211667,1610.00,-1756.426970591061,-2597.465329566278,1198,1,45.135,
1283,2019-05-27T10:30:50Z,45.55781667,6.09211667,1611.00,-1755.426970591061,-2596.465329566278,1199,1,45.132,
1284,2019-05-27T10:30:51Z,45.55790000,6.09211667,1612.00,-1754.426970591061,-2595.465329566278,1200,1,45.127,
1285,2019-05-27T10:30:52Z,45.55796667,6.09211667,1612.00,-1753.426970591061,-2594.465329566278,1201,1,45.123,
1286,2019-05-27T10:30:53Z,45.55801667,6.09211667,1612.00,-1752.426970591061,-2593.465329566278,1202,1,45.12,
1287,2019-05-27T10:30:54Z,45.55811667,6.09211667,1612.00,-1751.426970591061,-2592.465329566278,1203,1,45.114,
1288,2019-05-27T10:30:55Z,45.55820000,6.09211667,1611.00,-1750.426970591061,-2591.465329566278,1204,1,45.109,
1289,2019-05-27T10:30:56Z,45.55830000,6.09210000,1611.00,-1749.426970591061,-2590.465329566278,1205,1,45.105,
1290,2019-05-27T10:30:57Z,45.55836667,6.09210000,1611.00,-1748.426970591061,-2589.465329566278,1206,1,45.101,
1291,2019-05-27T10:30:58Z,45.55846667,6.09210000,1612.00,-1747.426970591061,-2588.465329566278,1207,1,45.095,
1292,2019-05-27T10:30:59Z,45.55855000,6.09211667,1612.00,-1746.426970591061,-2587.465329566278,1208,1,45.089,
1293,2019-05-27T10:31:00Z,45.55861667,6.09211667,1612.00,-1745.426970591061,-2586.465329566278,1209,1,45.085,
1294,2019-05-27T10:31:01Z,45.55870000,6.09211667,1612.00,-1744.426970591061,-2585.465329566278,1210,1,45.08,
1295,2019-05-27T10:31:02Z,45.55876667,6.09215000,1613.00,-1743.426970591061,-2584.465329566278,1211,1,45.074,
1296,2019-05-27T10:31:03Z,45.55886667,6.09216667,1614.00,-1742.426970591061,-2583.465329566278,1212,1,45.067,
1297,2019-05-27T10:31:04Z,45.55896667,6.09216667,1615.00,-1741.426970591061,-2582.465329566278,1213,1,45.062,
1298,2019-05-27T10:31:05Z,45.55905000,6.09220000,1615.00,-1740.426970591061,-2581.465329566278,1214,1,45.055,
1299,2019-05-27T10:31:06Z,45.55915000,6.09221667,1615.00,-1739.426970591061,-2580.465329566278,1215,1,45.048,
1300,2019-05-27T10:31:07Z,45.55925000,6.09230000,1615.00,-1738.426970591061,-2579.465329566278,1216,1,45.036,
1301,2019-05-27T10:31:08Z,45.55931667,6.09236667,1616.00,-1737.426970591061,-2578.465329566278,1217,1,45.028,
1302,2019-05-27T10:31:09Z,45.55941667,6.09245000,1618.00,-1736.426970591061,-2577.465329566278,1218,1,45.017,
1303,2019-05-27T10:31:10Z,45.55950000,6.09250000,1619.00,-1735.426970591061,-2576.465329566278,1219,1,45.009,
1304,2019-05-27T10:31:11Z,45.55956667,6.09255000,1621.00,-1734.426970591061,-2575.465329566278,1220,1,45.002,
1305,2019-05-27T10:31:12Z,45.55966667,6.09260000,1623.00,-1733.426970591061,-2574.465329566278,1221,1,44.993,
1306,2019-05-27T10:31:13Z,45.55971667,6.09265000,1624.00,-1732.426970591061,-2573.465329566278,1222,1,44.986,
1307,2019-05-27T10:31:14Z,45.55980000,6.09270000,1625.00,-1731.426970591061,-2572.465329566278,1223,1,44.978,
1308,2019-05-27T10:31:15Z,45.55986667,6.09276667,1625.00,-1730.426970591061,-2571.465329566278,1224,1,44.97,
1309,2019-05-27T10:31:16Z,45.55991667,6.09286667,1625.00,-1729.426970591061,-2570.465329566278,1225,1,44.96,
1310,2019-05-27T10:31:17Z,45.55996667,6.09296667,1624.00,-1728.426970591061,-2569.465329566278,1226,1,44.951,
1311,2019-05-27T10:31:18Z,45.56001667,6.09306667,1623.00,-1727.426970591061,-2568.465329566278,1227,1,44.941,
1312,2019-05-27T10:31:19Z,45.56010000,6.09315000,1622.00,-1726.426970591061,-2567.465329566278,1228,1,44.931,
1313,2019-05-27T10:31:20Z,45.56016667,6.09316667,1623.00,-1725.426970591061,-2566.465329566278,1229,1,44.926,
1314,2019-05-27T10:31:21Z,45.56026667,6.09316667,1624.00,-1724.426970591061,-2565.465329566278,1230,1,44.92,
1315,2019-05-27T10:31:22Z,45.56031667,6.09316667,1625.00,-1723.426970591061,-2564.465329566278,1231,1,44.918,
1316,2019-05-27T10:31:23Z,45.56041667,6.09316667,1626.00,-1722.426970591061,-2563.465329566278,1232,1,44.912,
1317,2019-05-27T10:31:24Z,45.56046667,6.09316667,1626.00,-1721.426970591061,-2562.465329566278,1233,1,44.909,
1318,2019-05-27T10:31:25Z,45.56055000,6.09316667,1626.00,-1720.426970591061,-2561.465329566278,1234,1,44.904,
1319,2019-05-27T10:31:26Z,45.56061667,6.09316667,1627.00,-1719.426970591061,-2560.465329566278,1235,1,44.901,
1320,2019-05-27T10:31:27Z,45.56071667,6.09311667,1627.00,-1718.426970591061,-2559.465329566278,1236,1,44.898,
1321,2019-05-27T10:31:28Z,45.56080000,6.09305000,1626.00,-1717.426970591061,-2558.465329566278,1237,1,44.898,
1322,2019-05-27T10:31:29Z,45.56086667,6.09291667,1624.00,-1716.426970591061,-2557.465329566278,1238,1,44.903,
1323,2019-05-27T10:31:30Z,45.56091667,6.09276667,1622.00,-1715.426970591061,-2556.465329566278,1239,1,44.91,
1324,2019-05-27T10:31:31Z,45.56090000,6.09265000,1622.00,-1714.426970591061,-2555.465329566278,1240,1,44.919,
1325,2019-05-27T10:31:32Z,45.56085000,6.09255000,1621.00,-1713.426970591061,-2554.465329566278,1241,1,44.929,
1326,2019-05-27T10:31:33Z,45.56076667,6.09250000,1620.00,-1712.426970591061,-2553.465329566278,1242,1,44.937,
1327,2019-05-27T10:31:34Z,45.56070000,6.09250000,1619.00,-1711.426970591061,-2552.465329566278,1243,1,44.941,
1328,2019-05-27T10:31:35Z,45.56061667,6.09255000,1618.00,-1710.426970591061,-2551.465329566278,1244,1,44.942,
1329,2019-05-27T10:31:36Z,45.56055000,6.09256667,1618.00,-1709.426970591061,-2550.465329566278,1245,1,44.945,
1330,2019-05-27T10:31:37Z,45.56046667,6.09261667,1617.00,-1708.426970591061,-2549.465329566278,1246,1,44.946,
1331,2019-05-27T10:31:38Z,45.56040000,6.09266667,1615.00,-1707.426970591061,-2548.465329566278,1247,1,44.946,
1332,2019-05-27T10:31:39Z,45.56031667,6.09266667,1613.00,-1706.426970591061,-2547.465329566278,1248,1,44.951,
1333,2019-05-27T10:31:40Z,45.56021667,6.09270000,1612.00,-1705.426970591061,-2546.465329566278,1249,1,44.955,
1334,2019-05-27T10:31:41Z,45.56011667,6.09270000,1612.00,-1704.426970591061,-2545.465329566278,1250,1,44.96,
1335,2019-05-27T10:31:42Z,45.56005000,6.09270000,1612.00,-1703.426970591061,-2544.465329566278,1251,1,44.964,
1336,2019-05-27T10:31:43Z,45.55996667,6.09270000,1611.00,-1702.426970591061,-2543.465329566278,1252,1,44.969,
1337,2019-05-27T10:31:44Z,45.55990000,6.09266667,1611.00,-1701.426970591061,-2542.465329566278,1253,1,44.975,
1338,2019-05-27T10:31:45Z,45.55981667,6.09266667,1611.00,-1700.426970591061,-2541.465329566278,1254,1,44.98,
1339,2019-05-27T10:31:46Z,45.55971667,6.09265000,1611.00,-1699.426970591061,-2540.465329566278,1255,1,44.986,
1340,2019-05-27T10:31:47Z,45.55961667,6.09261667,1611.00,-1698.426970591061,-2539.465329566278,1256,1,44.994,
1341,2019-05-27T10:31:48Z,45.55955000,6.09256667,1611.00,-1697.426970591061,-2538.465329566278,1257,1,45.001,
1342,2019-05-27T10:31:49Z,45.55945000,6.09251667,1611.00,-1696.426970591061,-2537.465329566278,1258,1,45.01,
1343,2019-05-27T10:31:50Z,45.55936667,6.09246667,1612.00,-1695.426970591061,-2536.465329566278,1259,1,45.019,
1344,2019-05-27T10:31:51Z,45.55926667,6.09246667,1613.00,-1694.426970591061,-2535.465329566278,1260,1,45.024,
1345,2019-05-27T10:31:52Z,45.55915000,6.09245000,1614.00,-1693.426970591061,-2534.465329566278,1261,1,45.032,
1346,2019-05-27T10:31:53Z,45.55905000,6.09241667,1615.00,-1692.426970591061,-2533.465329566278,1262,1,45.04,
1347,2019-05-27T10:31:54Z,45.55895000,6.09231667,1616.00,-1691.426970591061,-2532.465329566278,1263,1,45.053,
1348,2019-05-27T10:31:55Z,45.55886667,6.09221667,1617.00,-1690.426970591061,-2531.465329566278,1264,1,45.064,
1349,2019-05-27T10:31:56Z,45.55881667,6.09206667,1617.00,-1689.426970591061,-2530.465329566278,1265,1,45.077,
1350,2019-05-27T10:31:57Z,45.55875000,6.09196667,1618.00,-1688.426970591061,-2529.465329566278,1266,1,45.087,
1351,2019-05-27T10:31:58Z,45.55870000,6.09190000,1619.00,-1687.426970591061,-2528.465329566278,1267,1,45.095,
1352,2019-05-27T10:31:59Z,45.55861667,6.09181667,1619.00,-1686.426970591061,-2527.465329566278,1268,1,45.105,
1353,2019-05-27T10:32:00Z,45.55855000,6.09175000,1620.00,-1685.426970591061,-2526.465329566278,1269,1,45.113,
1354,2019-05-27T10:32:01Z,45.55846667,6.09166667,1621.00,-1684.426970591061,-2525.465329566278,1270,1,45.124,
1355,2019-05-27T10:32:02Z,45.55836667,6.09160000,1622.00,-1683.426970591061,-2524.465329566278,1271,1,45.134,
1356,2019-05-27T10:32:03Z,45.55831667,6.09151667,1623.00,-1682.426970591061,-2523.465329566278,1272,1,45.142,
1357,2019-05-27T10:32:04Z,45.55825000,6.09141667,1624.00,-1681.426970591061,-2522.465329566278,1273,1,45.153,
1358,2019-05-27T10:32:05Z,45.55816667,6.09140000,1625.00,-1680.426970591061,-2521.465329566278,1274,1,45.159,
1359,2019-05-27T10:32:06Z,45.55811667,6.09136667,1626.00,-1679.426970591061,-2520.465329566278,1275,1,45.164,
1360,2019-05-27T10:32:07Z,45.55801667,6.09136667,1626.00,-1678.426970591061,-2519.465329566278,1276,1,45.17,
1361,2019-05-27T10:32:08Z,45.55796667,6.09136667,1626.00,-1677.426970591061,-2518.465329566278,1277,1,45.173,
1362,2019-05-27T10:32:09Z,45.55786667,6.09136667,1626.00,-1676.426970591061,-2517.465329566278,1278,1,45.178,
1363,2019-05-27T10:32:10Z,45.55781667,6.09136667,1627.00,-1675.426970591061,-2516.465329566278,1279,1,45.181,
1364,2019-05-27T10:32:11Z,45.55771667,6.09136667,1627.00,-1674.426970591061,-2515.465329566278,1280,1,45.187,
1365,2019-05-27T10:32:12Z,45.55766667,6.09136667,1628.00,-1673.426970591061,-2514.465329566278,1281,1,45.19,
1366,2019-05-27T10:32:13Z,45.55760000,6.09136667,1628.00,-1672.426970591061,-2513.465329566278,1282,1,45.194,
1367,2019-05-27T10:32:14Z,45.55751667,6.09136667,1628.00,-1671.426970591061,-2512.465329566278,1283,1,45.199,
1368,2019-05-27T10:32:15Z,45.55746667,6.09135000,1628.00,-1670.426970591061,-2511.465329566278,1284,1,45.203,
1369,2019-05-27T10:32:16Z,45.55736667,6.09135000,1628.00,-1669.426970591061,-2510.465329566278,1285,1,45.209,
1370,2019-05-27T10:32:17Z,45.55731667,6.09136667,1629.00,-1668.426970591061,-2509.465329566278,1286,1,45.21,
1371,2019-05-27T10:32:18Z,45.55726667,6.09140000,1631.00,-1667.426970591061,-2508.465329566278,1287,1,45.211,
1372,2019-05-27T10:32:19Z,45.55721667,6.09145000,1633.00,-1666.426970591061,-2507.465329566278,1288,1,45.211,
1373,2019-05-27T10:32:20Z,45.55716667,6.09151667,1634.00,-1665.426970591061,-2506.465329566278,1289,1,45.209,
1374,2019-05-27T10:32:21Z,45.55715000,6.09156667,1634.00,-1664.426970591061,-2505.465329566278,1290,1,45.207,
1375,2019-05-27T10:32:22Z,45.55706667,6.09166667,1634.00,-1663.426970591061,-2504.465329566278,1291,1,45.205,
1376,2019-05-27T10:32:23Z,45.55701667,6.09171667,1634.00,-1662.426970591061,-2503.465329566278,1292,1,45.205,
1377,2019-05-27T10:32:24Z,45.55700000,6.09181667,1635.00,-1661.426970591061,-2502.465329566278,1293,1,45.199,
1378,2019-05-27T10:32:25Z,45.55696667,6.09190000,1636.00,-1660.426970591061,-2501.465329566278,1294,1,45.196,
1379,2019-05-27T10:32:26Z,45.55691667,6.09200000,1638.00,-1659.426970591061,-2500.465329566278,1295,1,45.192,
1380,2019-05-27T10:32:27Z,45.55691667,6.09211667,1639.00,-1658.426970591061,-2499.465329566278,1296,1,45.184,
1381,2019-05-27T10:32:28Z,45.55691667,6.09225000,1640.00,-1657.426970591061,-2498.465329566278,1297,1,45.175,
1382,2019-05-27T10:32:29Z,45.55695000,6.09236667,1640.00,-1656.426970591061,-2497.465329566278,1298,1,45.166,
1383,2019-05-27T10:32:30Z,45.55700000,6.09250000,1639.00,-1655.426970591061,-2496.465329566278,1299,1,45.154,
1384,2019-05-27T10:32:31Z,45.55705000,6.09260000,1638.00,-1654.426970591061,-2495.465329566278,1300,1,45.144,
1385,2019-05-27T10:32:32Z,45.55711667,6.09270000,1637.00,-1653.426970591061,-2494.465329566278,1301,1,45.134,
1386,2019-05-27T10:32:33Z,45.55721667,6.09280000,1636.00,-1652.426970591061,-2493.465329566278,1302,1,45.121,
1387,2019-05-27T10:32:34Z,45.55735000,6.09286667,1634.00,-1651.426970591061,-2492.465329566278,1303,1,45.109,
1388,2019-05-27T10:32:35Z,45.55745000,6.09291667,1634.00,-1650.426970591061,-2491.465329566278,1304,1,45.1,
1389,2019-05-27T10:32:36Z,45.55756667,6.09296667,1633.00,-1649.426970591061,-2490.465329566278,1305,1,45.09,
1390,2019-05-27T10:32:37Z,45.55766667,6.09305000,1632.00,-1648.426970591061,-2489.465329566278,1306,1,45.078,
1391,2019-05-27T10:32:38Z,45.55776667,6.09311667,1632.00,-1647.426970591061,-2488.465329566278,1307,1,45.068,
1392,2019-05-27T10:32:39Z,45.55786667,6.09320000,1633.00,-1646.426970591061,-2487.465329566278,1308,1,45.057,
1393,2019-05-27T10:32:40Z,45.55796667,6.09326667,1633.00,-1645.426970591061,-2486.465329566278,1309,1,45.047,
1394,2019-05-27T10:32:41Z,45.55805000,6.09336667,1633.00,-1644.426970591061,-2485.465329566278,1310,1,45.035,
1395,2019-05-27T10:32:42Z,45.55811667,6.09350000,1634.00,-1643.426970591061,-2484.465329566278,1311,1,45.022,
1396,2019-05-27T10:32:43Z,45.55816667,6.09361667,1634.00,-1642.426970591061,-2483.465329566278,1312,1,45.012,
1397,2019-05-27T10:32:44Z,45.55825000,6.09371667,1634.00,-1641.426970591061,-2482.465329566278,1313,1,45.0,
1398,2019-05-27T10:32:45Z,45.55831667,6.09381667,1635.00,-1640.426970591061,-2481.465329566278,1314,1,44.99,
1399,2019-05-27T10:32:46Z,45.55836667,6.09391667,1635.00,-1639.426970591061,-2480.465329566278,1315,1,44.98,
1400,2019-05-27T10:32:47Z,45.55846667,6.09401667,1635.00,-1638.426970591061,-2479.465329566278,1316,1,44.968,
1401,2019-05-27T10:32:48Z,45.55855000,6.09411667,1635.00,-1637.426970591061,-2478.465329566278,1317,1,44.956,
1402,2019-05-27T10:32:49Z,45.55865000,6.09421667,1635.00,-1636.426970591061,-2477.465329566278,1318,1,44.944,
1403,2019-05-27T10:32:50Z,45.55875000,6.09431667,1634.00,-1635.426970591061,-2476.465329566278,1319,1,44.931,
1404,2019-05-27T10:32:51Z,45.55885000,6.09441667,1635.00,-1634.426970591061,-2475.465329566278,1320,1,44.919,
1405,2019-05-27T10:32:52Z,45.55895000,6.09446667,1635.00,-1633.426970591061,-2474.465329566278,1321,1,44.91,
1406,2019-05-27T10:32:53Z,45.55905000,6.09456667,1636.00,-1632.426970591061,-2473.465329566278,1322,1,44.897,
1407,2019-05-27T10:32:54Z,45.55915000,6.09461667,1636.00,-1631.426970591061,-2472.465329566278,1323,1,44.888,
1408,2019-05-27T10:32:55Z,45.55925000,6.09470000,1637.00,-1630.426970591061,-2471.465329566278,1324,1,44.877,
1409,2019-05-27T10:32:56Z,45.55931667,6.09476667,1638.00,-1629.426970591061,-2470.465329566278,1325,1,44.868,
1410,2019-05-27T10:32:57Z,45.55940000,6.09486667,1639.00,-1628.426970591061,-2469.465329566278,1326,1,44.857,
1411,2019-05-27T10:32:58Z,45.55945000,6.09500000,1640.00,-1627.426970591061,-2468.465329566278,1327,1,44.845,
1412,2019-05-27T10:32:59Z,45.55946667,6.09511667,1641.00,-1626.426970591061,-2467.465329566278,1328,1,44.836,
1413,2019-05-27T10:33:00Z,45.55950000,6.09526667,1641.00,-1625.426970591061,-2466.465329566278,1329,1,44.825,
1414,2019-05-27T10:33:01Z,45.55951667,6.09540000,1641.00,-1624.426970591061,-2465.465329566278,1330,1,44.815,
1415,2019-05-27T10:33:02Z,45.55951667,6.09555000,1640.00,-1623.426970591061,-2464.465329566278,1331,1,44.805,
1416,2019-05-27T10:33:03Z,45.55955000,6.09566667,1641.00,-1622.426970591061,-2463.465329566278,1332,1,44.795,
1417,2019-05-27T10:33:04Z,45.55960000,6.09581667,1641.00,-1621.426970591061,-2462.465329566278,1333,1,44.782,
1418,2019-05-27T10:33:05Z,45.55965000,6.09596667,1643.00,-1620.426970591061,-2461.465329566278,1334,1,44.769,
1419,2019-05-27T10:33:06Z,45.55971667,6.09610000,1645.00,-1619.426970591061,-2460.465329566278,1335,1,44.757,
1420,2019-05-27T10:33:07Z,45.55976667,6.09620000,1647.00,-1618.426970591061,-2459.465329566278,1336,1,44.747,
1421,2019-05-27T10:33:08Z,45.55980000,6.09631667,1649.00,-1617.426970591061,-2458.465329566278,1337,1,44.737,
1422,2019-05-27T10:33:09Z,45.55981667,6.09645000,1650.00,-1616.426970591061,-2457.465329566278,1338,1,44.728,
1423,2019-05-27T10:33:10Z,45.55985000,6.09656667,1651.00,-1615.426970591061,-2456.465329566278,1339,1,44.718,
1424,2019-05-27T10:33:11Z,45.55986667,6.09671667,1652.00,-1614.426970591061,-2455.465329566278,1340,1,44.707,
1425,2019-05-27T10:33:12Z,45.55986667,6.09686667,1653.00,-1613.426970591061,-2454.465329566278,1341,1,44.697,
1426,2019-05-27T10:33:13Z,45.55986667,6.09700000,1654.00,-1612.426970591061,-2453.465329566278,1342,1,44.688,
1427,2019-05-27T10:33:14Z,45.55986667,6.09711667,1657.00,-1611.426970591061,-2452.465329566278,1343,1,44.681,
1428,2019-05-27T10:33:15Z,45.55986667,6.09721667,1659.00,-1610.426970591061,-2451.465329566278,1344,1,44.674,
1429,2019-05-27T10:33:16Z,45.55991667,6.09736667,1660.00,-1609.426970591061,-2450.465329566278,1345,1,44.661,
1430,2019-05-27T10:33:17Z,45.55991667,6.09750000,1660.00,-1608.426970591061,-2449.465329566278,1346,1,44.652,
1431,2019-05-27T10:33:18Z,45.55995000,6.09761667,1660.00,-1607.426970591061,-2448.465329566278,1347,1,44.643,
1432,2019-05-27T10:33:19Z,45.55996667,6.09776667,1659.00,-1606.426970591061,-2447.465329566278,1348,1,44.632,
1433,2019-05-27T10:33:20Z,45.56000000,6.09791667,1659.00,-1605.426970591061,-2446.465329566278,1349,1,44.62,
1434,2019-05-27T10:33:21Z,45.56001667,6.09806667,1659.00,-1604.426970591061,-2445.465329566278,1350,1,44.609,
1435,2019-05-27T10:33:22Z,45.56001667,6.09820000,1659.00,-1603.426970591061,-2444.465329566278,1351,1,44.6,
1436,2019-05-27T10:33:23Z,45.56005000,6.09835000,1660.00,-1602.426970591061,-2443.465329566278,1352,1,44.588,
1437,2019-05-27T10:33:24Z,45.56006667,6.09850000,1660.00,-1601.426970591061,-2442.465329566278,1353,1,44.577,
1438,2019-05-27T10:33:25Z,45.56010000,6.09865000,1659.00,-1600.426970591061,-2441.465329566278,1354,1,44.565,
1439,2019-05-27T10:33:26Z,45.56011667,6.09881667,1659.00,-1599.426970591061,-2440.465329566278,1355,1,44.553,
1440,2019-05-27T10:33:27Z,45.56011667,6.09896667,1659.00,-1598.426970591061,-2439.465329566278,1356,1,44.543,
1441,2019-05-27T10:33:28Z,45.56011667,6.09911667,1660.00,-1597.426970591061,-2438.465329566278,1357,1,44.534,
1442,2019-05-27T10:33:29Z,45.56015000,6.09926667,1661.00,-1596.426970591061,-2437.465329566278,1358,1,44.522,
1443,2019-05-27T10:33:30Z,45.56020000,6.09936667,1662.00,-1595.426970591061,-2436.465329566278,1359,1,44.512,
1444,2019-05-27T10:33:31Z,45.56025000,6.09950000,1663.00,-1594.426970591061,-2435.465329566278,1360,1,44.5,
1445,2019-05-27T10:33:32Z,45.56031667,6.09960000,1663.00,-1593.426970591061,-2434.465329566278,1361,1,44.49,
1446,2019-05-27T10:33:33Z,45.56041667,6.09966667,1663.00,-1592.426970591061,-2433.465329566278,1362,1,44.48,
1447,2019-05-27T10:33:34Z,45.56051667,6.09971667,1664.00,-1591.426970591061,-2432.465329566278,1363,1,44.47,
1448,2019-05-27T10:33:35Z,45.56065000,6.09970000,1665.00,-1590.426970591061,-2431.465329566278,1364,1,44.464,
1449,2019-05-27T10:33:36Z,45.56071667,6.09966667,1666.00,-1589.426970591061,-2430.465329566278,1365,1,44.462,
1450,2019-05-27T10:33:37Z,45.56080000,6.09960000,1667.00,-1588.426970591061,-2429.465329566278,1366,1,44.461,
1451,2019-05-27T10:33:38Z,45.56086667,6.09951667,1667.00,-1587.426970591061,-2428.465329566278,1367,1,44.463,
1452,2019-05-27T10:33:39Z,45.56090000,6.09941667,1667.00,-1586.426970591061,-2427.465329566278,1368,1,44.468,
1453,2019-05-27T10:33:40Z,45.56091667,6.09930000,1666.00,-1585.426970591061,-2426.465329566278,1369,1,44.475,
1454,2019-05-27T10:33:41Z,45.56090000,6.09916667,1666.00,-1584.426970591061,-2425.465329566278,1370,1,44.484,
1455,2019-05-27T10:33:42Z,45.56086667,6.09906667,1666.00,-1583.426970591061,-2424.465329566278,1371,1,44.493,
1456,2019-05-27T10:33:43Z,45.56081667,6.09896667,1667.00,-1582.426970591061,-2423.465329566278,1372,1,44.502,
1457,2019-05-27T10:33:44Z,45.56076667,6.09891667,1667.00,-1581.426970591061,-2422.465329566278,1373,1,44.509,
1458,2019-05-27T10:33:45Z,45.56071667,6.09886667,1667.00,-1580.426970591061,-2421.465329566278,1374,1,44.515,
1459,2019-05-27T10:33:46Z,45.56061667,6.09886667,1667.00,-1579.426970591061,-2420.465329566278,1375,1,44.521,
1460,2019-05-27T10:33:47Z,45.56055000,6.09885000,1665.00,-1578.426970591061,-2419.465329566278,1376,1,44.526,
1461,2019-05-27T10:33:48Z,45.56046667,6.09880000,1665.00,-1577.426970591061,-2418.465329566278,1377,1,44.534,
1462,2019-05-27T10:33:49Z,45.56036667,6.09875000,1665.00,-1576.426970591061,-2417.465329566278,1378,1,44.543,
1463,2019-05-27T10:33:50Z,45.56031667,6.09866667,1666.00,-1575.426970591061,-2416.465329566278,1379,1,44.552,
1464,2019-05-27T10:33:51Z,45.56025000,6.09861667,1666.00,-1574.426970591061,-2415.465329566278,1380,1,44.559,
1465,2019-05-27T10:33:52Z,45.56020000,6.09860000,1667.00,-1573.426970591061,-2414.465329566278,1381,1,44.563,
1466,2019-05-27T10:33:53Z,45.56011667,6.09856667,1667.00,-1572.426970591061,-2413.465329566278,1382,1,44.57,
1467,2019-05-27T10:33:54Z,45.56006667,6.09856667,1668.00,-1571.426970591061,-2412.465329566278,1383,1,44.573,
1468,2019-05-27T10:33:55Z,45.56000000,6.09855000,1669.00,-1570.426970591061,-2411.465329566278,1384,1,44.578,
1469,2019-05-27T10:33:56Z,45.55991667,6.09855000,1670.00,-1569.426970591061,-2410.465329566278,1385,1,44.583,
1470,2019-05-27T10:33:57Z,45.55986667,6.09856667,1671.00,-1568.426970591061,-2409.465329566278,1386,1,44.585,
1471,2019-05-27T10:33:58Z,45.55976667,6.09860000,1671.00,-1567.426970591061,-2408.465329566278,1387,1,44.588,
1472,2019-05-27T10:33:59Z,45.55970000,6.09861667,1672.00,-1566.426970591061,-2407.465329566278,1388,1,44.591,
1473,2019-05-27T10:34:00Z,45.55961667,6.09865000,1672.00,-1565.426970591061,-2406.465329566278,1389,1,44.594,
1474,2019-05-27T10:34:01Z,45.55951667,6.09866667,1672.00,-1564.426970591061,-2405.465329566278,1390,1,44.599,
1475,2019-05-27T10:34:02Z,45.55945000,6.09871667,1673.00,-1563.426970591061,-2404.465329566278,1391,1,44.599,
1476,2019-05-27T10:34:03Z,45.55940000,6.09876667,1674.00,-1562.426970591061,-2403.465329566278,1392,1,44.599,
1477,2019-05-27T10:34:04Z,45.55931667,6.09881667,1675.00,-1561.426970591061,-2402.465329566278,1393,1,44.601,
1478,2019-05-27T10:34:05Z,45.55926667,6.09890000,1675.00,-1560.426970591061,-2401.465329566278,1394,1,44.598,
1479,2019-05-27T10:34:06Z,45.55921667,6.09896667,1675.00,-1559.426970591061,-2400.465329566278,1395,1,44.597,
1480,2019-05-27T10:34:07Z,45.55915000,6.09906667,1674.00,-1558.426970591061,-2399.465329566278,1396,1,44.594,
1481,2019-05-27T10:34:08Z,45.55906667,6.09916667,1674.00,-1557.426970591061,-2398.465329566278,1397,1,44.592,
1482,2019-05-27T10:34:09Z,45.55901667,6.09926667,1674.00,-1556.426970591061,-2397.465329566278,1398,1,44.589,
1483,2019-05-27T10:34:10Z,45.55900000,6.09936667,1675.00,-1555.426970591061,-2396.465329566278,1399,1,44.583,
1484,2019-05-27T10:34:11Z,45.55891667,6.09946667,1675.00,-1554.426970591061,-2395.465329566278,1400,1,44.582,
1485,2019-05-27T10:34:12Z,45.55886667,6.09955000,1675.00,-1553.426970591061,-2394.465329566278,1401,1,44.579,
1486,2019-05-27T10:34:13Z,45.55876667,6.09960000,1675.00,-1552.426970591061,-2393.465329566278,1402,1,44.582,
1487,2019-05-27T10:34:14Z,45.55871667,6.09966667,1675.00,-1551.426970591061,-2392.465329566278,1403,1,44.581,
1488,2019-05-27T10:34:15Z,45.55861667,6.09971667,1675.00,-1550.426970591061,-2391.465329566278,1404,1,44.583,
1489,2019-05-27T10:34:16Z,45.55856667,6.09981667,1675.00,-1549.426970591061,-2390.465329566278,1405,1,44.58,
1490,2019-05-27T10:34:17Z,45.55851667,6.09991667,1675.00,-1548.426970591061,-2389.465329566278,1406,1,44.576,
1491,2019-05-27T10:34:18Z,45.55850000,6.10005000,1675.00,-1547.426970591061,-2388.465329566278,1407,1,44.568,
1492,2019-05-27T10:34:19Z,45.55846667,6.10016667,1675.00,-1546.426970591061,-2387.465329566278,1408,1,44.563,
1493,2019-05-27T10:34:20Z,45.55850000,6.10031667,1675.00,-1545.426970591061,-2386.465329566278,1409,1,44.551,
1494,2019-05-27T10:34:21Z,45.55855000,6.10046667,1674.00,-1544.426970591061,-2385.465329566278,1410,1,44.538,
1495,2019-05-27T10:34:22Z,45.55860000,6.10060000,1674.00,-1543.426970591061,-2384.465329566278,1411,1,44.526,
1496,2019-05-27T10:34:23Z,45.55861667,6.10071667,1675.00,-1542.426970591061,-2383.465329566278,1412,1,44.518,
1497,2019-05-27T10:34:24Z,45.55866667,6.10086667,1676.00,-1541.426970591061,-2382.465329566278,1413,1,44.505,
1498,2019-05-27T10:34:25Z,45.55871667,6.10096667,1676.00,-1540.426970591061,-2381.465329566278,1414,1,44.495,
1499,2019-05-27T10:34:26Z,45.55871667,6.10111667,1676.00,-1539.426970591061,-2380.465329566278,1415,1,44.486,
1500,2019-05-27T10:34:27Z,45.55876667,6.10126667,1676.00,-1538.426970591061,-2379.465329566278,1416,1,44.473,
1501,2019-05-27T10:34:28Z,45.55880000,6.10141667,1675.00,-1537.426970591061,-2378.465329566278,1417,1,44.461,
1502,2019-05-27T10:34:29Z,45.55885000,6.10156667,1675.00,-1536.426970591061,-2377.465329566278,1418,1,44.448,
1503,2019-05-27T10:34:30Z,45.55890000,6.10171667,1676.00,-1535.426970591061,-2376.465329566278,1419,1,44.435,
1504,2019-05-27T10:34:31Z,45.55896667,6.10181667,1678.00,-1534.426970591061,-2375.465329566278,1420,1,44.425,
1505,2019-05-27T10:34:32Z,45.55901667,6.10191667,1680.00,-1533.426970591061,-2374.465329566278,1421,1,44.415,
1506,2019-05-27T10:34:33Z,45.55906667,6.10201667,1681.00,-1532.426970591061,-2373.465329566278,1422,1,44.406,
1507,2019-05-27T10:34:34Z,45.55911667,6.10211667,1681.00,-1531.426970591061,-2372.465329566278,1423,1,44.396,
1508,2019-05-27T10:34:35Z,45.55920000,6.10221667,1680.00,-1530.426970591061,-2371.465329566278,1424,1,44.384,
1509,2019-05-27T10:34:36Z,45.55926667,6.10236667,1678.00,-1529.426970591061,-2370.465329566278,1425,1,44.371,
1510,2019-05-27T10:34:37Z,45.55936667,6.10246667,1676.00,-1528.426970591061,-2369.465329566278,1426,1,44.358,
1511,2019-05-27T10:34:38Z,45.55946667,6.10256667,1676.00,-1527.426970591061,-2368.465329566278,1427,1,44.346,
1512,2019-05-27T10:34:39Z,45.55956667,6.10261667,1678.00,-1526.426970591061,-2367.465329566278,1428,1,44.336,
1513,2019-05-27T10:34:40Z,45.55965000,6.10266667,1680.00,-1525.426970591061,-2366.465329566278,1429,1,44.328,
1514,2019-05-27T10:34:41Z,45.55971667,6.10266667,1682.00,-1524.426970591061,-2365.465329566278,1430,1,44.324,
1515,2019-05-27T10:34:42Z,45.55981667,6.10270000,1682.00,-1523.426970591061,-2364.465329566278,1431,1,44.316,
1516,2019-05-27T10:34:43Z,45.55991667,6.10275000,1682.00,-1522.426970591061,-2363.465329566278,1432,1,44.306,
1517,2019-05-27T10:34:44Z,45.56001667,6.10280000,1681.00,-1521.426970591061,-2362.465329566278,1433,1,44.297,
1518,2019-05-27T10:34:45Z,45.56011667,6.10285000,1682.00,-1520.426970591061,-2361.465329566278,1434,1,44.288,
1519,2019-05-27T10:34:46Z,45.56025000,6.10286667,1683.00,-1519.426970591061,-2360.465329566278,1435,1,44.279,
1520,2019-05-27T10:34:47Z,45.56035000,6.10290000,1684.00,-1518.426970591061,-2359.465329566278,1436,1,44.271,
1521,2019-05-27T10:34:48Z,45.56045000,6.10290000,1686.00,-1517.426970591061,-2358.465329566278,1437,1,44.265,
1522,2019-05-27T10:34:49Z,45.56055000,6.10286667,1687.00,-1516.426970591061,-2357.465329566278,1438,1,44.261,
1523,2019-05-27T10:34:50Z,45.56066667,6.10286667,1688.00,-1515.426970591061,-2356.465329566278,1439,1,44.254,
1524,2019-05-27T10:34:51Z,45.56076667,6.10285000,1688.00,-1514.426970591061,-2355.465329566278,1440,1,44.249,
1525,2019-05-27T10:34:52Z,45.56086667,6.10281667,1688.00,-1513.426970591061,-2354.465329566278,1441,1,44.245,
1526,2019-05-27T10:34:53Z,45.56100000,6.10275000,1689.00,-1512.426970591061,-2353.465329566278,1442,1,44.242,
1527,2019-05-27T10:34:54Z,45.56106667,6.10266667,1690.00,-1511.426970591061,-2352.465329566278,1443,1,44.243,
1528,2019-05-27T10:34:55Z,45.56115000,6.10256667,1691.00,-1510.426970591061,-2351.465329566278,1444,1,44.245,
1529,2019-05-27T10:34:56Z,45.56120000,6.10246667,1692.00,-1509.426970591061,-2350.465329566278,1445,1,44.249,
1530,2019-05-27T10:34:57Z,45.56121667,6.10235000,1693.00,-1508.426970591061,-2349.465329566278,1446,1,44.255,
1531,2019-05-27T10:34:58Z,45.56126667,6.10225000,1694.00,-1507.426970591061,-2348.465329566278,1447,1,44.259,
1532,2019-05-27T10:34:59Z,45.56126667,6.10215000,1694.00,-1506.426970591061,-2347.465329566278,1448,1,44.265,
1533,2019-05-27T10:35:00Z,45.56126667,6.10201667,1694.00,-1505.426970591061,-2346.465329566278,1449,1,44.274,
1534,2019-05-27T10:35:01Z,45.56126667,6.10191667,1694.00,-1504.426970591061,-2345.465329566278,1450,1,44.281,
1535,2019-05-27T10:35:02Z,45.56126667,6.10181667,1694.00,-1503.426970591061,-2344.465329566278,1451,1,44.288,
1536,2019-05-27T10:35:03Z,45.56125000,6.10171667,1694.00,-1502.426970591061,-2343.465329566278,1452,1,44.295,
1537,2019-05-27T10:35:04Z,45.56121667,6.10161667,1693.00,-1501.426970591061,-2342.465329566278,1453,1,44.304,
1538,2019-05-27T10:35:05Z,45.56121667,6.10150000,1693.00,-1500.426970591061,-2341.465329566278,1454,1,44.311,
1539,2019-05-27T10:35:06Z,45.56120000,6.10136667,1692.00,-1499.426970591061,-2340.465329566278,1455,1,44.321,
1540,2019-05-27T10:35:07Z,45.56116667,6.10125000,1691.00,-1498.426970591061,-2339.465329566278,1456,1,44.331,
1541,2019-05-27T10:35:08Z,45.56116667,6.10111667,1692.00,-1497.426970591061,-2338.465329566278,1457,1,44.34,
1542,2019-05-27T10:35:09Z,45.56115000,6.10101667,1693.00,-1496.426970591061,-2337.465329566278,1458,1,44.347,
1543,2019-05-27T10:35:10Z,45.56111667,6.10091667,1693.00,-1495.426970591061,-2336.465329566278,1459,1,44.356,
1544,2019-05-27T10:35:11Z,45.56110000,6.10085000,1694.00,-1494.426970591061,-2335.465329566278,1460,1,44.361,
1545,2019-05-27T10:35:12Z,45.56105000,6.10076667,1693.00,-1493.426970591061,-2334.465329566278,1461,1,44.37,
1546,2019-05-27T10:35:13Z,45.56100000,6.10066667,1693.00,-1492.426970591061,-2333.465329566278,1462,1,44.379,
1547,2019-05-27T10:35:14Z,45.56095000,6.10056667,1692.00,-1491.426970591061,-2332.465329566278,1463,1,44.389,
1548,2019-05-27T10:35:15Z,45.56090000,6.10046667,1692.00,-1490.426970591061,-2331.465329566278,1464,1,44.398,
1549,2019-05-27T10:35:16Z,45.56085000,6.10036667,1692.00,-1489.426970591061,-2330.465329566278,1465,1,44.408,
1550,2019-05-27T10:35:17Z,45.56080000,6.10026667,1692.00,-1488.426970591061,-2329.465329566278,1466,1,44.417,
1551,2019-05-27T10:35:18Z,45.56075000,6.10020000,1692.00,-1487.426970591061,-2328.465329566278,1467,1,44.425,
1552,2019-05-27T10:35:19Z,45.56066667,6.10011667,1693.00,-1486.426970591061,-2327.465329566278,1468,1,44.435,
1553,2019-05-27T10:35:20Z,45.56061667,6.10006667,1694.00,-1485.426970591061,-2326.465329566278,1469,1,44.441,
1554,2019-05-27T10:35:21Z,45.56056667,6.10001667,1695.00,-1484.426970591061,-2325.465329566278,1470,1,44.448,
1555,2019-05-27T10:35:22Z,45.56051667,6.09995000,1696.00,-1483.426970591061,-2324.465329566278,1471,1,44.455,
1556,2019-05-27T10:35:23Z,45.56046667,6.09986667,1696.00,-1482.426970591061,-2323.465329566278,1472,1,44.463,
1557,2019-05-27T10:35:24Z,45.56041667,6.09981667,1695.00,-1481.426970591061,-2322.465329566278,1473,1,44.47,
1558,2019-05-27T10:35:25Z,45.56031667,6.09976667,1695.00,-1480.426970591061,-2321.465329566278,1474,1,44.479,
1559,2019-05-27T10:35:26Z,45.56025000,6.09976667,1696.00,-1479.426970591061,-2320.465329566278,1475,1,44.483,
1560,2019-05-27T10:35:27Z,45.56016667,6.09981667,1697.00,-1478.426970591061,-2319.465329566278,1476,1,44.484,
1561,2019-05-27T10:35:28Z,45.56011667,6.09985000,1698.00,-1477.426970591061,-2318.465329566278,1477,1,44.485,
1562,2019-05-27T10:35:29Z,45.56006667,6.09990000,1699.00,-1476.426970591061,-2317.465329566278,1478,1,44.485,
1563,2019-05-27T10:35:30Z,45.56001667,6.09991667,1699.00,-1475.426970591061,-2316.465329566278,1479,1,44.487,
1564,2019-05-27T10:35:31Z,45.55995000,6.09996667,1698.00,-1474.426970591061,-2315.465329566278,1480,1,44.487,
1565,2019-05-27T10:35:32Z,45.55986667,6.10001667,1697.00,-1473.426970591061,-2314.465329566278,1481,1,44.489,
1566,2019-05-27T10:35:33Z,45.55980000,6.10006667,1697.00,-1472.426970591061,-2313.465329566278,1482,1,44.49,
1567,2019-05-27T10:35:34Z,45.55971667,6.10011667,1698.00,-1471.426970591061,-2312.465329566278,1483,1,44.491,
1568,2019-05-27T10:35:35Z,45.55961667,6.10016667,1699.00,-1470.426970591061,-2311.465329566278,1484,1,44.494,
1569,2019-05-27T10:35:36Z,45.55956667,6.10021667,1701.00,-1469.426970591061,-2310.465329566278,1485,1,44.494,
1570,2019-05-27T10:35:37Z,45.55951667,6.10026667,1703.00,-1468.426970591061,-2309.465329566278,1486,1,44.493,
1571,2019-05-27T10:35:38Z,45.55946667,6.10030000,1704.00,-1467.426970591061,-2308.465329566278,1487,1,44.494,
1572,2019-05-27T10:35:39Z,45.55941667,6.10036667,1704.00,-1466.426970591061,-2307.465329566278,1488,1,44.493,
1573,2019-05-27T10:35:40Z,45.55936667,6.10045000,1703.00,-1465.426970591061,-2306.465329566278,1489,1,44.49,
1574,2019-05-27T10:35:41Z,45.55930000,6.10055000,1702.00,-1464.426970591061,-2305.465329566278,1490,1,44.488,
1575,2019-05-27T10:35:42Z,45.55925000,6.10066667,1701.00,-1463.426970591061,-2304.465329566278,1491,1,44.483,
1576,2019-05-27T10:35:43Z,45.55920000,6.10080000,1701.00,-1462.426970591061,-2303.465329566278,1492,1,44.477,
1577,2019-05-27T10:35:44Z,45.55916667,6.10090000,1702.00,-1461.426970591061,-2302.465329566278,1493,1,44.473,
1578,2019-05-27T10:35:45Z,45.55915000,6.10101667,1703.00,-1460.426970591061,-2301.465329566278,1494,1,44.466,
1579,2019-05-27T10:35:46Z,45.55915000,6.10111667,1704.00,-1459.426970591061,-2300.465329566278,1495,1,44.459,
1580,2019-05-27T10:35:47Z,45.55916667,6.10125000,1704.00,-1458.426970591061,-2299.465329566278,1496,1,44.45,
1581,2019-05-27T10:35:48Z,45.55916667,6.10136667,1703.00,-1457.426970591061,-2298.465329566278,1497,1,44.442,
1582,2019-05-27T10:35:49Z,45.55921667,6.10150000,1703.00,-1456.426970591061,-2297.465329566278,1498,1,44.43,
1583,2019-05-27T10:35:50Z,45.55926667,6.10161667,1702.00,-1455.426970591061,-2296.465329566278,1499,1,44.42,
1584,2019-05-27T10:35:51Z,45.55931667,6.10171667,1702.00,-1454.426970591061,-2295.465329566278,1500,1,44.41,
1585,2019-05-27T10:35:52Z,45.55940000,6.10181667,1701.00,-1453.426970591061,-2294.465329566278,1501,1,44.399,
1586,2019-05-27T10:35:53Z,45.55946667,6.10191667,1701.00,-1452.426970591061,-2293.465329566278,1502,1,44.388,
1587,2019-05-27T10:35:54Z,45.55956667,6.10200000,1701.00,-1451.426970591061,-2292.465329566278,1503,1,44.377,
1588,2019-05-27T10:35:55Z,45.55966667,6.10205000,1701.00,-1450.426970591061,-2291.465329566278,1504,1,44.367,
1589,2019-05-27T10:35:56Z,45.55976667,6.10211667,1701.00,-1449.426970591061,-2290.465329566278,1505,1,44.357,
1590,2019-05-27T10:35:57Z,45.55986667,6.10215000,1702.00,-1448.426970591061,-2289.465329566278,1506,1,44.349,
1591,2019-05-27T10:35:58Z,45.55996667,6.10220000,1702.00,-1447.426970591061,-2288.465329566278,1507,1,44.339,
1592,2019-05-27T10:35:59Z,45.56005000,6.10221667,1702.00,-1446.426970591061,-2287.465329566278,1508,1,44.333,
1593,2019-05-27T10:36:00Z,45.56011667,6.10225000,1701.00,-1445.426970591061,-2286.465329566278,1509,1,44.327,
1594,2019-05-27T10:36:01Z,45.56021667,6.10226667,1700.00,-1444.426970591061,-2285.465329566278,1510,1,44.32,
1595,2019-05-27T10:36:02Z,45.56031667,6.10226667,1699.00,-1443.426970591061,-2284.465329566278,1511,1,44.314,
1596,2019-05-27T10:36:03Z,45.56041667,6.10225000,1698.00,-1442.426970591061,-2283.465329566278,1512,1,44.309,
1597,2019-05-27T10:36:04Z,45.56051667,6.10221667,1696.00,-1441.426970591061,-2282.465329566278,1513,1,44.306,
1598,2019-05-27T10:36:05Z,45.56061667,6.10216667,1696.00,-1440.426970591061,-2281.465329566278,1514,1,44.303,
1599,2019-05-27T10:36:06Z,45.56071667,6.10215000,1696.00,-1439.426970591061,-2280.465329566278,1515,1,44.298,
1600,2019-05-27T10:36:07Z,45.56080000,6.10206667,1695.00,-1438.426970591061,-2279.465329566278,1516,1,44.299,
1601,2019-05-27T10:36:08Z,45.56086667,6.10201667,1695.00,-1437.426970591061,-2278.465329566278,1517,1,44.298,
1602,2019-05-27T10:36:09Z,45.56091667,6.10191667,1693.00,-1436.426970591061,-2277.465329566278,1518,1,44.302,
1603,2019-05-27T10:36:10Z,45.56101667,6.10181667,1692.00,-1435.426970591061,-2276.465329566278,1519,1,44.302,
1604,2019-05-27T10:36:11Z,45.56106667,6.10175000,1691.00,-1434.426970591061,-2275.465329566278,1520,1,44.304,
1605,2019-05-27T10:36:12Z,45.56111667,6.10166667,1690.00,-1433.426970591061,-2274.465329566278,1521,1,44.306,
1606,2019-05-27T10:36:13Z,45.56116667,6.10156667,1689.00,-1432.426970591061,-2273.465329566278,1522,1,44.31,
1607,2019-05-27T10:36:14Z,45.56121667,6.10146667,1688.00,-1431.426970591061,-2272.465329566278,1523,1,44.314,
1608,2019-05-27T10:36:15Z,45.56126667,6.10135000,1686.00,-1430.426970591061,-2271.465329566278,1524,1,44.318,
1609,2019-05-27T10:36:16Z,45.56131667,6.10121667,1685.00,-1429.426970591061,-2270.465329566278,1525,1,44.324,
1610,2019-05-27T10:36:17Z,45.56136667,6.10111667,1684.00,-1428.426970591061,-2269.465329566278,1526,1,44.328,
1611,2019-05-27T10:36:18Z,45.56141667,6.10101667,1683.00,-1427.426970591061,-2268.465329566278,1527,1,44.332,
1612,2019-05-27T10:36:19Z,45.56146667,6.10091667,1684.00,-1426.426970591061,-2267.465329566278,1528,1,44.335,
1613,2019-05-27T10:36:20Z,45.56151667,6.10081667,1685.00,-1425.426970591061,-2266.465329566278,1529,1,44.339,
1614,2019-05-27T10:36:21Z,45.56156667,6.10075000,1684.00,-1424.426970591061,-2265.465329566278,1530,1,44.341,
1615,2019-05-27T10:36:22Z,45.56161667,6.10065000,1683.00,-1423.426970591061,-2264.465329566278,1531,1,44.344,
1616,2019-05-27T10:36:23Z,45.56166667,6.10051667,1681.00,-1422.426970591061,-2263.465329566278,1532,1,44.35,
1617,2019-05-27T10:36:24Z,45.56171667,6.10041667,1680.00,-1421.426970591061,-2262.465329566278,1533,1,44.354,
1618,2019-05-27T10:36:25Z,45.56176667,6.10030000,1680.00,-1420.426970591061,-2261.465329566278,1534,1,44.359,
1619,2019-05-27T10:36:26Z,45.56181667,6.10020000,1680.00,-1419.426970591061,-2260.465329566278,1535,1,44.363,
1620,2019-05-27T10:36:27Z,45.56186667,6.10010000,1682.00,-1418.426970591061,-2259.465329566278,1536,1,44.366,
1621,2019-05-27T10:36:28Z,45.56191667,6.10000000,1681.00,-1417.426970591061,-2258.465329566278,1537,1,44.37,
1622,2019-05-27T10:36:29Z,45.56196667,6.09990000,1681.00,-1416.426970591061,-2257.465329566278,1538,1,44.374,
1623,2019-05-27T10:36:30Z,45.56205000,6.09980000,1680.00,-1415.426970591061,-2256.465329566278,1539,1,44.376,
1624,2019-05-27T10:36:31Z,45.56210000,6.09970000,1679.00,-1414.426970591061,-2255.465329566278,1540,1,44.379,
1625,2019-05-27T10:36:32Z,45.56211667,6.09960000,1679.00,-1413.426970591061,-2254.465329566278,1541,1,44.385,
1626,2019-05-27T10:36:33Z,45.56216667,6.09950000,1678.00,-1412.426970591061,-2253.465329566278,1542,1,44.389,
1627,2019-05-27T10:36:34Z,45.56221667,6.09936667,1676.00,-1411.426970591061,-2252.465329566278,1543,1,44.395,
1628,2019-05-27T10:36:35Z,45.56225000,6.09926667,1675.00,-1410.426970591061,-2251.465329566278,1544,1,44.4,
1629,2019-05-27T10:36:36Z,45.56230000,6.09915000,1674.00,-1409.426970591061,-2250.465329566278,1545,1,44.405,
1630,2019-05-27T10:36:37Z,45.56235000,6.09905000,1674.00,-1408.426970591061,-2249.465329566278,1546,1,44.408,
1631,2019-05-27T10:36:38Z,45.56240000,6.09891667,1674.00,-1407.426970591061,-2248.465329566278,1547,1,44.414,
1632,2019-05-27T10:36:39Z,45.56245000,6.09881667,1673.00,-1406.426970591061,-2247.465329566278,1548,1,44.418,
1633,2019-05-27T10:36:40Z,45.56250000,6.09871667,1672.00,-1405.426970591061,-2246.465329566278,1549,1,44.422,
1634,2019-05-27T10:36:41Z,45.56255000,6.09861667,1672.00,-1404.426970591061,-2245.465329566278,1550,1,44.426,
1635,2019-05-27T10:36:42Z,45.56261667,6.09850000,1670.00,-1403.426970591061,-2244.465329566278,1551,1,44.43,
1636,2019-05-27T10:36:43Z,45.56266667,6.09840000,1668.00,-1402.426970591061,-2243.465329566278,1552,1,44.434,
1637,2019-05-27T10:36:44Z,45.56271667,6.09826667,1667.00,-1401.426970591061,-2242.465329566278,1553,1,44.44,
1638,2019-05-27T10:36:45Z,45.56276667,6.09816667,1665.00,-1400.426970591061,-2241.465329566278,1554,1,44.444,
1639,2019-05-27T10:36:46Z,45.56281667,6.09805000,1664.00,-1399.426970591061,-2240.465329566278,1555,1,44.449,
1640,2019-05-27T10:36:47Z,45.56290000,6.09791667,1663.00,-1398.426970591061,-2239.465329566278,1556,1,44.453,
1641,2019-05-27T10:36:48Z,45.56296667,6.09781667,1663.00,-1397.426970591061,-2238.465329566278,1557,1,44.456,
1642,2019-05-27T10:36:49Z,45.56301667,6.09771667,1663.00,-1396.426970591061,-2237.465329566278,1558,1,44.46,
1643,2019-05-27T10:36:50Z,45.56306667,6.09761667,1663.00,-1395.426970591061,-2236.465329566278,1559,1,44.464,
1644,2019-05-27T10:36:51Z,45.56311667,6.09751667,1663.00,-1394.426970591061,-2235.465329566278,1560,1,44.468,
1645,2019-05-27T10:36:52Z,45.56320000,6.09740000,1663.00,-1393.426970591061,-2234.465329566278,1561,1,44.471,
1646,2019-05-27T10:36:53Z,45.56325000,6.09730000,1664.00,-1392.426970591061,-2233.465329566278,1562,1,44.475,
1647,2019-05-27T10:36:54Z,45.56330000,6.09716667,1663.00,-1391.426970591061,-2232.465329566278,1563,1,44.481,
1648,2019-05-27T10:36:55Z,45.56335000,6.09706667,1663.00,-1390.426970591061,-2231.465329566278,1564,1,44.485,
1649,2019-05-27T10:36:56Z,45.56340000,6.09695000,1663.00,-1389.426970591061,-2230.465329566278,1565,1,44.49,
1650,2019-05-27T10:36:57Z,45.56341667,6.09680000,1663.00,-1388.426970591061,-2229.465329566278,1566,1,44.499,
1651,2019-05-27T10:36:58Z,45.56345000,6.09666667,1663.00,-1387.426970591061,-2228.465329566278,1567,1,44.506,
1652,2019-05-27T10:36:59Z,45.56346667,6.09651667,1663.00,-1386.426970591061,-2227.465329566278,1568,1,44.515,
1653,2019-05-27T10:37:00Z,45.56346667,6.09636667,1664.00,-1385.426970591061,-2226.465329566278,1569,1,44.526,
1654,2019-05-27T10:37:01Z,45.56346667,6.09621667,1665.00,-1384.426970591061,-2225.465329566278,1570,1,44.536,
1655,2019-05-27T10:37:02Z,45.56346667,6.09610000,1666.00,-1383.426970591061,-2224.465329566278,1571,1,44.544,
1656,2019-05-27T10:37:03Z,45.56346667,6.09596667,1667.00,-1382.426970591061,-2223.465329566278,1572,1,44.553,
1657,2019-05-27T10:37:04Z,45.56341667,6.09581667,1667.00,-1381.426970591061,-2222.465329566278,1573,1,44.565,
1658,2019-05-27T10:37:05Z,45.56340000,6.09566667,1668.00,-1380.426970591061,-2221.465329566278,1574,1,44.577,
1659,2019-05-27T10:37:06Z,45.56335000,6.09556667,1669.00,-1379.426970591061,-2220.465329566278,1575,1,44.586,
1660,2019-05-27T10:37:07Z,45.56330000,6.09545000,1670.00,-1378.426970591061,-2219.465329566278,1576,1,44.597,
1661,2019-05-27T10:37:08Z,45.56321667,6.09536667,1671.00,-1377.426970591061,-2218.465329566278,1577,1,44.607,
1662,2019-05-27T10:37:09Z,45.56316667,6.09531667,1671.00,-1376.426970591061,-2217.465329566278,1578,1,44.613,
1663,2019-05-27T10:37:10Z,45.56306667,6.09531667,1672.00,-1375.426970591061,-2216.465329566278,1579,1,44.619,
1664,2019-05-27T10:37:11Z,45.56301667,6.09530000,1673.00,-1374.426970591061,-2215.465329566278,1580,1,44.623,
1665,2019-05-27T10:37:12Z,45.56295000,6.09531667,1675.00,-1373.426970591061,-2214.465329566278,1581,1,44.625,
1666,2019-05-27T10:37:13Z,45.56286667,6.09535000,1675.00,-1372.426970591061,-2213.465329566278,1582,1,44.627,
1667,2019-05-27T10:37:14Z,45.56281667,6.09541667,1676.00,-1371.426970591061,-2212.465329566278,1583,1,44.626,
1668,2019-05-27T10:37:15Z,45.56276667,6.09550000,1675.00,-1370.426970591061,-2211.465329566278,1584,1,44.623,
1669,2019-05-27T10:37:16Z,45.56271667,6.09560000,1675.00,-1369.426970591061,-2210.465329566278,1585,1,44.619,
1670,2019-05-27T10:37:17Z,45.56266667,6.09571667,1674.00,-1368.426970591061,-2209.465329566278,1586,1,44.614,
1671,2019-05-27T10:37:18Z,45.56266667,6.09585000,1675.00,-1367.426970591061,-2208.465329566278,1587,1,44.605,
1672,2019-05-27T10:37:19Z,45.56270000,6.09596667,1676.00,-1366.426970591061,-2207.465329566278,1588,1,44.595,
1673,2019-05-27T10:37:20Z,45.56271667,6.09606667,1676.00,-1365.426970591061,-2206.465329566278,1589,1,44.588,
1674,2019-05-27T10:37:21Z,45.56276667,6.09616667,1676.00,-1364.426970591061,-2205.465329566278,1590,1,44.578,
1675,2019-05-27T10:37:22Z,45.56281667,6.09626667,1676.00,-1363.426970591061,-2204.465329566278,1591,1,44.569,
1676,2019-05-27T10:37:23Z,45.56291667,6.09635000,1676.00,-1362.426970591061,-2203.465329566278,1592,1,44.557,
1677,2019-05-27T10:37:24Z,45.56296667,6.09641667,1676.00,-1361.426970591061,-2202.465329566278,1593,1,44.55,
1678,2019-05-27T10:37:25Z,45.56306667,6.09646667,1677.00,-1360.426970591061,-2201.465329566278,1594,1,44.541,
1679,2019-05-27T10:37:26Z,45.56315000,6.09650000,1677.00,-1359.426970591061,-2200.465329566278,1595,1,44.534,
1680,2019-05-27T10:37:27Z,45.56321667,6.09651667,1678.00,-1358.426970591061,-2199.465329566278,1596,1,44.529,
1681,2019-05-27T10:37:28Z,45.56331667,6.09656667,1678.00,-1357.426970591061,-2198.465329566278,1597,1,44.52,
1682,2019-05-27T10:37:29Z,45.56340000,6.09660000,1678.00,-1356.426970591061,-2197.465329566278,1598,1,44.514,
1683,2019-05-27T10:37:30Z,45.56350000,6.09661667,1679.00,-1355.426970591061,-2196.465329566278,1599,1,44.507,
1684,2019-05-27T10:37:31Z,45.56356667,6.09661667,1679.00,-1354.426970591061,-2195.465329566278,1600,1,44.503,
1685,2019-05-27T10:37:32Z,45.56366667,6.09660000,1679.00,-1353.426970591061,-2194.465329566278,1601,1,44.499,
1686,2019-05-27T10:37:33Z,45.56371667,6.09656667,1678.00,-1352.426970591061,-2193.465329566278,1602,1,44.498,
1687,2019-05-27T10:37:34Z,45.56381667,6.09656667,1678.00,-1351.426970591061,-2192.465329566278,1603,1,44.493,
1688,2019-05-27T10:37:35Z,45.56390000,6.09651667,1678.00,-1350.426970591061,-2191.465329566278,1604,1,44.491,
1689,2019-05-27T10:37:36Z,45.56396667,6.09651667,1677.00,-1349.426970591061,-2190.465329566278,1605,1,44.488,
1690,2019-05-27T10:37:37Z,45.56405000,6.09650000,1677.00,-1348.426970591061,-2189.465329566278,1606,1,44.484,
1691,2019-05-27T10:37:38Z,45.56411667,6.09646667,1676.00,-1347.426970591061,-2188.465329566278,1607,1,44.483,
1692,2019-05-27T10:37:39Z,45.56421667,6.09646667,1675.00,-1346.426970591061,-2187.465329566278,1608,1,44.477,
1693,2019-05-27T10:37:40Z,45.56430000,6.09646667,1674.00,-1345.426970591061,-2186.465329566278,1609,1,44.473,
1694,2019-05-27T10:37:41Z,45.56436667,6.09645000,1673.00,-1344.426970591061,-2185.465329566278,1610,1,44.47,
1695,2019-05-27T10:37:42Z,45.56445000,6.09641667,1673.00,-1343.426970591061,-2184.465329566278,1611,1,44.468,
1696,2019-05-27T10:37:43Z,45.56451667,6.09636667,1672.00,-1342.426970591061,-2183.465329566278,1612,1,44.468,
1697,2019-05-27T10:37:44Z,45.56460000,6.09631667,1671.00,-1341.426970591061,-2182.465329566278,1613,1,44.467,
1698,2019-05-27T10:37:45Z,45.56466667,6.09621667,1670.00,-1340.426970591061,-2181.465329566278,1614,1,44.47,
1699,2019-05-27T10:37:46Z,45.56471667,6.09611667,1669.00,-1339.426970591061,-2180.465329566278,1615,1,44.474,
1700,2019-05-27T10:37:47Z,45.56475000,6.09596667,1668.00,-1338.426970591061,-2179.465329566278,1616,1,44.482,
1701,2019-05-27T10:37:48Z,45.56476667,6.09581667,1666.00,-1337.426970591061,-2178.465329566278,1617,1,44.491,
1702,2019-05-27T10:37:49Z,45.56476667,6.09566667,1665.00,-1336.426970591061,-2177.465329566278,1618,1,44.502,
1703,2019-05-27T10:37:50Z,45.56480000,6.09551667,1665.00,-1335.426970591061,-2176.465329566278,1619,1,44.51,
1704,2019-05-27T10:37:51Z,45.56481667,6.09535000,1664.00,-1334.426970591061,-2175.465329566278,1620,1,44.52,
1705,2019-05-27T10:37:52Z,45.56485000,6.09516667,1665.00,-1333.426970591061,-2174.465329566278,1621,1,44.531,
1706,2019-05-27T10:37:53Z,45.56486667,6.09501667,1666.00,-1332.426970591061,-2173.465329566278,1622,1,44.54,
1707,2019-05-27T10:37:54Z,45.56490000,6.09486667,1667.00,-1331.426970591061,-2172.465329566278,1623,1,44.549,
1708,2019-05-27T10:37:55Z,45.56491667,6.09475000,1669.00,-1330.426970591061,-2171.465329566278,1624,1,44.556,
1709,2019-05-27T10:37:56Z,45.56490000,6.09461667,1670.00,-1329.426970591061,-2170.465329566278,1625,1,44.566,
1710,2019-05-27T10:37:57Z,45.56486667,6.09446667,1671.00,-1328.426970591061,-2169.465329566278,1626,1,44.578,
1711,2019-05-27T10:37:58Z,45.56481667,6.09435000,1672.00,-1327.426970591061,-2168.465329566278,1627,1,44.588,
1712,2019-05-27T10:37:59Z,45.56476667,6.09421667,1672.00,-1326.426970591061,-2167.465329566278,1628,1,44.6,
1713,2019-05-27T10:38:00Z,45.56470000,6.09411667,1674.00,-1325.426970591061,-2166.465329566278,1629,1,44.611,
1714,2019-05-27T10:38:01Z,45.56461667,6.09401667,1676.00,-1324.426970591061,-2165.465329566278,1630,1,44.622,
1715,2019-05-27T10:38:02Z,45.56456667,6.09391667,1678.00,-1323.426970591061,-2164.465329566278,1631,1,44.631,
1716,2019-05-27T10:38:03Z,45.56450000,6.09385000,1680.00,-1322.426970591061,-2163.465329566278,1632,1,44.64,
1717,2019-05-27T10:38:04Z,45.56441667,6.09376667,1681.00,-1321.426970591061,-2162.465329566278,1633,1,44.65,
1718,2019-05-27T10:38:05Z,45.56435000,6.09370000,1682.00,-1320.426970591061,-2161.465329566278,1634,1,44.658,
1719,2019-05-27T10:38:06Z,45.56426667,6.09361667,1682.00,-1319.426970591061,-2160.465329566278,1635,1,44.668,
1720,2019-05-27T10:38:07Z,45.56416667,6.09360000,1682.00,-1318.426970591061,-2159.465329566278,1636,1,44.675,
1721,2019-05-27T10:38:08Z,45.56406667,6.09361667,1683.00,-1317.426970591061,-2158.465329566278,1637,1,44.679,
1722,2019-05-27T10:38:09Z,45.56401667,6.09365000,1684.00,-1316.426970591061,-2157.465329566278,1638,1,44.679,
1723,2019-05-27T10:38:10Z,45.56395000,6.09371667,1685.00,-1315.426970591061,-2156.465329566278,1639,1,44.678,
1724,2019-05-27T10:38:11Z,45.56390000,6.09376667,1687.00,-1314.426970591061,-2155.465329566278,1640,1,44.678,
1725,2019-05-27T10:38:12Z,45.56386667,6.09386667,1689.00,-1313.426970591061,-2154.465329566278,1641,1,44.673,
1726,2019-05-27T10:38:13Z,45.56386667,6.09395000,1692.00,-1312.426970591061,-2153.465329566278,1642,1,44.667,
1727,2019-05-27T10:38:14Z,45.56391667,6.09401667,1693.00,-1311.426970591061,-2152.465329566278,1643,1,44.66,
1728,2019-05-27T10:38:15Z,45.56396667,6.09411667,1695.00,-1310.426970591061,-2151.465329566278,1644,1,44.65,
1729,2019-05-27T10:38:16Z,45.56401667,6.09420000,1695.00,-1309.426970591061,-2150.465329566278,1645,1,44.642,
1730,2019-05-27T10:38:17Z,45.56410000,6.09426667,1696.00,-1308.426970591061,-2149.465329566278,1646,1,44.633,
1731,2019-05-27T10:38:18Z,45.56420000,6.09430000,1697.00,-1307.426970591061,-2148.465329566278,1647,1,44.625,
1732,2019-05-27T10:38:19Z,45.56430000,6.09431667,1698.00,-1306.426970591061,-2147.465329566278,1648,1,44.619,
1733,2019-05-27T10:38:20Z,45.56440000,6.09431667,1698.00,-1305.426970591061,-2146.465329566278,1649,1,44.613,
1734,2019-05-27T10:38:21Z,45.56450000,6.09426667,1699.00,-1304.426970591061,-2145.465329566278,1650,1,44.611,
1735,2019-05-27T10:38:22Z,45.56460000,6.09425000,1701.00,-1303.426970591061,-2144.465329566278,1651,1,44.607,
1736,2019-05-27T10:38:23Z,45.56466667,6.09421667,1703.00,-1302.426970591061,-2143.465329566278,1652,1,44.606,
1737,2019-05-27T10:38:24Z,45.56471667,6.09416667,1705.00,-1301.426970591061,-2142.465329566278,1653,1,44.606,
1738,2019-05-27T10:38:25Z,45.56480000,6.09411667,1706.00,-1300.426970591061,-2141.465329566278,1654,1,44.605,
1739,2019-05-27T10:38:26Z,45.56486667,6.09406667,1706.00,-1299.426970591061,-2140.465329566278,1655,1,44.605,
1740,2019-05-27T10:38:27Z,45.56495000,6.09401667,1707.00,-1298.426970591061,-2139.465329566278,1656,1,44.604,
1741,2019-05-27T10:38:28Z,45.56501667,6.09391667,1708.00,-1297.426970591061,-2138.465329566278,1657,1,44.607,
1742,2019-05-27T10:38:29Z,45.56506667,6.09381667,1711.00,-1296.426970591061,-2137.465329566278,1658,1,44.611,
1743,2019-05-27T10:38:30Z,45.56511667,6.09366667,1713.00,-1295.426970591061,-2136.465329566278,1659,1,44.619,
1744,2019-05-27T10:38:31Z,45.56511667,6.09356667,1715.00,-1294.426970591061,-2135.465329566278,1660,1,44.626,
1745,2019-05-27T10:38:32Z,45.56510000,6.09341667,1717.00,-1293.426970591061,-2134.465329566278,1661,1,44.637,
1746,2019-05-27T10:38:33Z,45.56506667,6.09330000,1718.00,-1292.426970591061,-2133.465329566278,1662,1,44.647,
1747,2019-05-27T10:38:34Z,45.56501667,6.09316667,1719.00,-1291.426970591061,-2132.465329566278,1663,1,44.658,
1748,2019-05-27T10:38:35Z,45.56496667,6.09305000,1721.00,-1290.426970591061,-2131.465329566278,1664,1,44.669,
1749,2019-05-27T10:38:36Z,45.56491667,6.09295000,1722.00,-1289.426970591061,-2130.465329566278,1665,1,44.679,
1750,2019-05-27T10:38:37Z,45.56481667,6.09286667,1723.00,-1288.426970591061,-2129.465329566278,1666,1,44.69,
1751,2019-05-27T10:38:38Z,45.56475000,6.09281667,1724.00,-1287.426970591061,-2128.465329566278,1667,1,44.697,
1752,2019-05-27T10:38:39Z,45.56466667,6.09276667,1724.00,-1286.426970591061,-2127.465329566278,1668,1,44.704,
1753,2019-05-27T10:38:40Z,45.56456667,6.09276667,1725.00,-1285.426970591061,-2126.465329566278,1669,1,44.71,
1754,2019-05-27T10:38:41Z,45.56450000,6.09281667,1725.00,-1284.426970591061,-2125.465329566278,1670,1,44.71,
1755,2019-05-27T10:38:42Z,45.56441667,6.09286667,1726.00,-1283.426970591061,-2124.465329566278,1671,1,44.711,
1756,2019-05-27T10:38:43Z,45.56436667,6.09295000,1727.00,-1282.426970591061,-2123.465329566278,1672,1,44.708,
1757,2019-05-27T10:38:44Z,45.56431667,6.09301667,1729.00,-1281.426970591061,-2122.465329566278,1673,1,44.706,
1758,2019-05-27T10:38:45Z,45.56431667,6.09311667,1730.00,-1280.426970591061,-2121.465329566278,1674,1,44.699,
1759,2019-05-27T10:38:46Z,45.56431667,6.09321667,1731.00,-1279.426970591061,-2120.465329566278,1675,1,44.693,
1760,2019-05-27T10:38:47Z,45.56435000,6.09330000,1731.00,-1278.426970591061,-2119.465329566278,1676,1,44.685,
1761,2019-05-27T10:38:48Z,45.56440000,6.09336667,1732.00,-1277.426970591061,-2118.465329566278,1677,1,44.678,
1762,2019-05-27T10:38:49Z,45.56445000,6.09341667,1733.00,-1276.426970591061,-2117.465329566278,1678,1,44.672,
1763,2019-05-27T10:38:50Z,45.56451667,6.09346667,1733.00,-1275.426970591061,-2116.465329566278,1679,1,44.665,
1764,2019-05-27T10:38:51Z,45.56460000,6.09351667,1733.00,-1274.426970591061,-2115.465329566278,1680,1,44.657,
1765,2019-05-27T10:38:52Z,45.56466667,6.09356667,1734.00,-1273.426970591061,-2114.465329566278,1681,1,44.65,
1766,2019-05-27T10:38:53Z,45.56476667,6.09356667,1736.00,-1272.426970591061,-2113.465329566278,1682,1,44.644,
1767,2019-05-27T10:38:54Z,45.56481667,6.09356667,1738.00,-1271.426970591061,-2112.465329566278,1683,1,44.642,
1768,2019-05-27T10:38:55Z,45.56490000,6.09356667,1740.00,-1270.426970591061,-2111.465329566278,1684,1,44.637,
1769,2019-05-27T10:38:56Z,45.56496667,6.09356667,1742.00,-1269.426970591061,-2110.465329566278,1685,1,44.634,
1770,2019-05-27T10:38:57Z,45.56505000,6.09356667,1743.00,-1268.426970591061,-2109.465329566278,1686,1,44.629,
1771,2019-05-27T10:38:58Z,45.56511667,6.09355000,1743.00,-1267.426970591061,-2108.465329566278,1687,1,44.627,
1772,2019-05-27T10:38:59Z,45.56521667,6.09355000,1744.00,-1266.426970591061,-2107.465329566278,1688,1,44.622,
1773,2019-05-27T10:39:00Z,45.56531667,6.09356667,1746.00,-1265.426970591061,-2106.465329566278,1689,1,44.615,
1774,2019-05-27T10:39:01Z,45.56536667,6.09356667,1748.00,-1264.426970591061,-2105.465329566278,1690,1,44.612,
1775,2019-05-27T10:39:02Z,45.56545000,6.09361667,1751.00,-1263.426970591061,-2104.465329566278,1691,1,44.605,
1776,2019-05-27T10:39:03Z,45.56551667,6.09365000,1753.00,-1262.426970591061,-2103.465329566278,1692,1,44.599,
1777,2019-05-27T10:39:04Z,45.56556667,6.09366667,1755.00,-1261.426970591061,-2102.465329566278,1693,1,44.595,
1778,2019-05-27T10:39:05Z,45.56565000,6.09371667,1756.00,-1260.426970591061,-2101.465329566278,1694,1,44.587,
1779,2019-05-27T10:39:06Z,45.56575000,6.09375000,1757.00,-1259.426970591061,-2100.465329566278,1695,1,44.579,
1780,2019-05-27T10:39:07Z,45.56585000,6.09376667,1758.00,-1258.426970591061,-2099.465329566278,1696,1,44.573,
1781,2019-05-27T10:39:08Z,45.56591667,6.09381667,1760.00,-1257.426970591061,-2098.465329566278,1697,1,44.566,
1782,2019-05-27T10:39:09Z,45.56601667,6.09385000,1762.00,-1256.426970591061,-2097.465329566278,1698,1,44.559,
1783,2019-05-27T10:39:10Z,45.56610000,6.09386667,1764.00,-1255.426970591061,-2096.465329566278,1699,1,44.553,
1784,2019-05-27T10:39:11Z,45.56616667,6.09386667,1764.00,-1254.426970591061,-2095.465329566278,1700,1,44.549,
1785,2019-05-27T10:39:12Z,45.56630000,6.09386667,1765.00,-1253.426970591061,-2094.465329566278,1701,1,44.542,
1786,2019-05-27T10:39:13Z,45.56640000,6.09385000,1764.00,-1252.426970591061,-2093.465329566278,1702,1,44.538,
1787,2019-05-27T10:39:14Z,45.56650000,6.09376667,1765.00,-1251.426970591061,-2092.465329566278,1703,1,44.539,
1788,2019-05-27T10:39:15Z,45.56656667,6.09366667,1766.00,-1250.426970591061,-2091.465329566278,1704,1,44.542,
1789,2019-05-27T10:39:16Z,45.56661667,6.09355000,1768.00,-1249.426970591061,-2090.465329566278,1705,1,44.548,
1790,2019-05-27T10:39:17Z,45.56666667,6.09341667,1769.00,-1248.426970591061,-2089.465329566278,1706,1,44.554,
1791,2019-05-27T10:39:18Z,45.56666667,6.09326667,1770.00,-1247.426970591061,-2088.465329566278,1707,1,44.564,
1792,2019-05-27T10:39:19Z,45.56665000,6.09311667,1772.00,-1246.426970591061,-2087.465329566278,1708,1,44.576,
1793,2019-05-27T10:39:20Z,45.56660000,6.09300000,1774.00,-1245.426970591061,-2086.465329566278,1709,1,44.586,
1794,2019-05-27T10:39:21Z,45.56651667,6.09290000,1775.00,-1244.426970591061,-2085.465329566278,1710,1,44.597,
1795,2019-05-27T10:39:22Z,45.56646667,6.09281667,1776.00,-1243.426970591061,-2084.465329566278,1711,1,44.606,
1796,2019-05-27T10:39:23Z,45.56636667,6.09276667,1777.00,-1242.426970591061,-2083.465329566278,1712,1,44.614,
1797,2019-05-27T10:39:24Z,45.56626667,6.09271667,1779.00,-1241.426970591061,-2082.465329566278,1713,1,44.623,
1798,2019-05-27T10:39:25Z,45.56616667,6.09270000,1781.00,-1240.426970591061,-2081.465329566278,1714,1,44.629,
1799,2019-05-27T10:39:26Z,45.56610000,6.09270000,1782.00,-1239.426970591061,-2080.465329566278,1715,1,44.633,
1800,2019-05-27T10:39:27Z,45.56601667,6.09270000,1784.00,-1238.426970591061,-2079.465329566278,1716,1,44.637,
1801,2019-05-27T10:39:28Z,45.56591667,6.09271667,1787.00,-1237.426970591061,-2078.465329566278,1717,1,44.641,
1802,2019-05-27T10:39:29Z,45.56585000,6.09275000,1788.00,-1236.426970591061,-2077.465329566278,1718,1,44.643,
1803,2019-05-27T10:39:30Z,45.56576667,6.09281667,1789.00,-1235.426970591061,-2076.465329566278,1719,1,44.643,
1804,2019-05-27T10:39:31Z,45.56571667,6.09290000,1791.00,-1234.426970591061,-2075.465329566278,1720,1,44.639,
1805,2019-05-27T10:39:32Z,45.56570000,6.09300000,1792.00,-1233.426970591061,-2074.465329566278,1721,1,44.633,
1806,2019-05-27T10:39:33Z,45.56566667,6.09311667,1793.00,-1232.426970591061,-2073.465329566278,1722,1,44.627,
1807,2019-05-27T10:39:34Z,45.56566667,6.09325000,1794.00,-1231.426970591061,-2072.465329566278,1723,1,44.618,
1808,2019-05-27T10:39:35Z,45.56571667,6.09336667,1796.00,-1230.426970591061,-2071.465329566278,1724,1,44.607,
1809,2019-05-27T10:39:36Z,45.56571667,6.09350000,1797.00,-1229.426970591061,-2070.465329566278,1725,1,44.598,
1810,2019-05-27T10:39:37Z,45.56576667,6.09360000,1800.00,-1228.426970591061,-2069.465329566278,1726,1,44.589,
1811,2019-05-27T10:39:38Z,45.56581667,6.09366667,1803.00,-1227.426970591061,-2068.465329566278,1727,1,44.582,
1812,2019-05-27T10:39:39Z,45.56586667,6.09376667,1805.00,-1226.426970591061,-2067.465329566278,1728,1,44.572,
1813,2019-05-27T10:39:40Z,45.56591667,6.09386667,1807.00,-1225.426970591061,-2066.465329566278,1729,1,44.563,
1814,2019-05-27T10:39:41Z,45.56600000,6.09396667,1809.00,-1224.426970591061,-2065.465329566278,1730,1,44.551,
1815,2019-05-27T10:39:42Z,45.56601667,6.09406667,1812.00,-1223.426970591061,-2064.465329566278,1731,1,44.544,
1816,2019-05-27T10:39:43Z,45.56601667,6.09420000,1813.00,-1222.426970591061,-2063.465329566278,1732,1,44.535,
1817,2019-05-27T10:39:44Z,45.56601667,6.09431667,1816.00,-1221.426970591061,-2062.465329566278,1733,1,44.527,
1818,2019-05-27T10:39:45Z,45.56600000,6.09446667,1818.00,-1220.426970591061,-2061.465329566278,1734,1,44.517,
1819,2019-05-27T10:39:46Z,45.56596667,6.09460000,1820.00,-1219.426970591061,-2060.465329566278,1735,1,44.51,
1820,2019-05-27T10:39:47Z,45.56596667,6.09471667,1823.00,-1218.426970591061,-2059.465329566278,1736,1,44.502,
1821,2019-05-27T10:39:48Z,45.56595000,6.09481667,1824.00,-1217.426970591061,-2058.465329566278,1737,1,44.496,
1822,2019-05-27T10:39:49Z,45.56591667,6.09496667,1824.00,-1216.426970591061,-2057.465329566278,1738,1,44.487,
1823,2019-05-27T10:39:50Z,45.56590000,6.09506667,1823.00,-1215.426970591061,-2056.465329566278,1739,1,44.481,
1824,2019-05-27T10:39:51Z,45.56585000,6.09520000,1821.00,-1214.426970591061,-2055.465329566278,1740,1,44.475,
1825,2019-05-27T10:39:52Z,45.56581667,6.09531667,1819.00,-1213.426970591061,-2054.465329566278,1741,1,44.469,
1826,2019-05-27T10:39:53Z,45.56576667,6.09545000,1817.00,-1212.426970591061,-2053.465329566278,1742,1,44.462,
1827,2019-05-27T10:39:54Z,45.56575000,6.09556667,1816.00,-1211.426970591061,-2052.465329566278,1743,1,44.455,
1828,2019-05-27T10:39:55Z,45.56571667,6.09566667,1815.00,-1210.426970591061,-2051.465329566278,1744,1,44.45,
1829,2019-05-27T10:39:56Z,45.56571667,6.09576667,1814.00,-1209.426970591061,-2050.465329566278,1745,1,44.443,
1830,2019-05-27T10:39:57Z,45.56566667,6.09590000,1812.00,-1208.426970591061,-2049.465329566278,1746,1,44.437,
1831,2019-05-27T10:39:58Z,45.56565000,6.09601667,1809.00,-1207.426970591061,-2048.465329566278,1747,1,44.43,
1832,2019-05-27T10:39:59Z,45.56560000,6.09616667,1806.00,-1206.426970591061,-2047.465329566278,1748,1,44.422,
1833,2019-05-27T10:40:00Z,45.56551667,6.09631667,1804.00,-1205.426970591061,-2046.465329566278,1749,1,44.417,
1834,2019-05-27T10:40:01Z,45.56546667,6.09641667,1803.00,-1204.426970591061,-2045.465329566278,1750,1,44.413,
1835,2019-05-27T10:40:02Z,45.56541667,6.09655000,1802.00,-1203.426970591061,-2044.465329566278,1751,1,44.406,
1836,2019-05-27T10:40:03Z,45.56536667,6.09665000,1802.00,-1202.426970591061,-2043.465329566278,1752,1,44.402,
1837,2019-05-27T10:40:04Z,45.56526667,6.09671667,1800.00,-1201.426970591061,-2042.465329566278,1753,1,44.403,
1838,2019-05-27T10:40:05Z,45.56520000,6.09680000,1798.00,-1200.426970591061,-2041.465329566278,1754,1,44.401,
1839,2019-05-27T10:40:06Z,45.56506667,6.09681667,1795.00,-1199.426970591061,-2040.465329566278,1755,1,44.407,
1840,2019-05-27T10:40:07Z,45.56496667,6.09681667,1793.00,-1198.426970591061,-2039.465329566278,1756,1,44.413,
1841,2019-05-27T10:40:08Z,45.56486667,6.09676667,1792.00,-1197.426970591061,-2038.465329566278,1757,1,44.421,
1842,2019-05-27T10:40:09Z,45.56476667,6.09666667,1791.00,-1196.426970591061,-2037.465329566278,1758,1,44.434,
1843,2019-05-27T10:40:10Z,45.56471667,6.09651667,1790.00,-1195.426970591061,-2036.465329566278,1759,1,44.447,
1844,2019-05-27T10:40:11Z,45.56470000,6.09640000,1789.00,-1194.426970591061,-2035.465329566278,1760,1,44.455,
1845,2019-05-27T10:40:12Z,45.56471667,6.09626667,1789.00,-1193.426970591061,-2034.465329566278,1761,1,44.464,
1846,2019-05-27T10:40:13Z,45.56475000,6.09615000,1788.00,-1192.426970591061,-2033.465329566278,1762,1,44.47,
1847,2019-05-27T10:40:14Z,45.56481667,6.09605000,1788.00,-1191.426970591061,-2032.465329566278,1763,1,44.473,
1848,2019-05-27T10:40:15Z,45.56486667,6.09596667,1787.00,-1190.426970591061,-2031.465329566278,1764,1,44.476,
1849,2019-05-27T10:40:16Z,45.56495000,6.09590000,1787.00,-1189.426970591061,-2030.465329566278,1765,1,44.476,
1850,2019-05-27T10:40:17Z,45.56501667,6.09585000,1786.00,-1188.426970591061,-2029.465329566278,1766,1,44.476,
1851,2019-05-27T10:40:18Z,45.56510000,6.09580000,1785.00,-1187.426970591061,-2028.465329566278,1767,1,44.474,
1852,2019-05-27T10:40:19Z,45.56516667,6.09571667,1783.00,-1186.426970591061,-2027.465329566278,1768,1,44.477,
1853,2019-05-27T10:40:20Z,45.56526667,6.09566667,1781.00,-1185.426970591061,-2026.465329566278,1769,1,44.475,
1854,2019-05-27T10:40:21Z,45.56535000,6.09560000,1779.00,-1184.426970591061,-2025.465329566278,1770,1,44.475,
1855,2019-05-27T10:40:22Z,45.56545000,6.09555000,1778.00,-1183.426970591061,-2024.465329566278,1771,1,44.473,
1856,2019-05-27T10:40:23Z,45.56551667,6.09550000,1778.00,-1182.426970591061,-2023.465329566278,1772,1,44.472,
1857,2019-05-27T10:40:24Z,45.56561667,6.09545000,1778.00,-1181.426970591061,-2022.465329566278,1773,1,44.47,
1858,2019-05-27T10:40:25Z,45.56566667,6.09536667,1777.00,-1180.426970591061,-2021.465329566278,1774,1,44.473,
1859,2019-05-27T10:40:26Z,45.56576667,6.09531667,1777.00,-1179.426970591061,-2020.465329566278,1775,1,44.472,
1860,2019-05-27T10:40:27Z,45.56581667,6.09525000,1777.00,-1178.426970591061,-2019.465329566278,1776,1,44.473,
1861,2019-05-27T10:40:28Z,45.56590000,6.09516667,1778.00,-1177.426970591061,-2018.465329566278,1777,1,44.475,
1862,2019-05-27T10:40:29Z,45.56596667,6.09506667,1778.00,-1176.426970591061,-2017.465329566278,1778,1,44.478,
1863,2019-05-27T10:40:30Z,45.56605000,6.09496667,1779.00,-1175.426970591061,-2016.465329566278,1779,1,44.48,
1864,2019-05-27T10:40:31Z,45.56610000,6.09486667,1779.00,-1174.426970591061,-2015.465329566278,1780,1,44.485,
1865,2019-05-27T10:40:32Z,45.56616667,6.09471667,1780.00,-1173.426970591061,-2014.465329566278,1781,1,44.491,
1866,2019-05-27T10:40:33Z,45.56621667,6.09460000,1781.00,-1172.426970591061,-2013.465329566278,1782,1,44.497,
1867,2019-05-27T10:40:34Z,45.56626667,6.09446667,1784.00,-1171.426970591061,-2012.465329566278,1783,1,44.503,
1868,2019-05-27T10:40:35Z,45.56631667,6.09436667,1786.00,-1170.426970591061,-2011.465329566278,1784,1,44.507,
1869,2019-05-27T10:40:36Z,45.56636667,6.09426667,1787.00,-1169.426970591061,-2010.465329566278,1785,1,44.511,
1870,2019-05-27T10:40:37Z,45.56641667,6.09416667,1788.00,-1168.426970591061,-2009.465329566278,1786,1,44.516,
1871,2019-05-27T10:40:38Z,45.56645000,6.09406667,1789.00,-1167.426970591061,-2008.465329566278,1787,1,44.521,
1872,2019-05-27T10:40:39Z,45.56650000,6.09395000,1788.00,-1166.426970591061,-2007.465329566278,1788,1,44.526,
1873,2019-05-27T10:40:40Z,45.56655000,6.09381667,1788.00,-1165.426970591061,-2006.465329566278,1789,1,44.533,
1874,2019-05-27T10:40:41Z,45.56661667,6.09370000,1788.00,-1164.426970591061,-2005.465329566278,1790,1,44.537,
1875,2019-05-27T10:40:42Z,45.56666667,6.09356667,1789.00,-1163.426970591061,-2004.465329566278,1791,1,44.544,
1876,2019-05-27T10:40:43Z,45.56671667,6.09345000,1791.00,-1162.426970591061,-2003.465329566278,1792,1,44.549,
1877,2019-05-27T10:40:44Z,45.56676667,6.09331667,1793.00,-1161.426970591061,-2002.465329566278,1793,1,44.556,
1878,2019-05-27T10:40:45Z,45.56676667,6.09316667,1794.00,-1160.426970591061,-2001.465329566278,1794,1,44.566,
1879,2019-05-27T10:40:46Z,45.56680000,6.09301667,1797.00,-1159.426970591061,-2000.465329566278,1795,1,44.575,
1880,2019-05-27T10:40:47Z,45.56676667,6.09290000,1799.00,-1158.426970591061,-1999.465329566278,1796,1,44.584,
1881,2019-05-27T10:40:48Z,45.56670000,6.09276667,1800.00,-1157.426970591061,-1998.465329566278,1797,1,44.597,
1882,2019-05-27T10:40:49Z,45.56661667,6.09266667,1800.00,-1156.426970591061,-1997.465329566278,1798,1,44.608,
1883,2019-05-27T10:40:50Z,45.56646667,6.09261667,1800.00,-1155.426970591061,-1996.465329566278,1799,1,44.62,
1884,2019-05-27T10:40:51Z,45.56636667,6.09265000,1801.00,-1154.426970591061,-1995.465329566278,1800,1,44.622,
1885,2019-05-27T10:40:52Z,45.56626667,6.09271667,1802.00,-1153.426970591061,-1994.465329566278,1801,1,44.623,
1886,2019-05-27T10:40:53Z,45.56616667,6.09281667,1804.00,-1152.426970591061,-1993.465329566278,1802,1,44.621,
1887,2019-05-27T10:40:54Z,45.56611667,6.09295000,1806.00,-1151.426970591061,-1992.465329566278,1803,1,44.615,
1888,2019-05-27T10:40:55Z,45.56610000,6.09310000,1808.00,-1150.426970591061,-1991.465329566278,1804,1,44.606,
1889,2019-05-27T10:40:56Z,45.56606667,6.09325000,1810.00,-1149.426970591061,-1990.465329566278,1805,1,44.597,
1890,2019-05-27T10:40:57Z,45.56601667,6.09336667,1813.00,-1148.426970591061,-1989.465329566278,1806,1,44.592,
1891,2019-05-27T10:40:58Z,45.56601667,6.09350000,1816.00,-1147.426970591061,-1988.465329566278,1807,1,44.582,
1892,2019-05-27T10:40:59Z,45.56600000,6.09361667,1819.00,-1146.426970591061,-1987.465329566278,1808,1,44.575,
1893,2019-05-27T10:41:00Z,45.56596667,6.09371667,1821.00,-1145.426970591061,-1986.465329566278,1809,1,44.57,
1894,2019-05-27T10:41:01Z,45.56596667,6.09386667,1822.00,-1144.426970591061,-1985.465329566278,1810,1,44.56,
1895,2019-05-27T10:41:02Z,45.56595000,6.09401667,1823.00,-1143.426970591061,-1984.465329566278,1811,1,44.551,
1896,2019-05-27T10:41:03Z,45.56591667,6.09416667,1824.00,-1142.426970591061,-1983.465329566278,1812,1,44.542,
1897,2019-05-27T10:41:04Z,45.56590000,6.09430000,1826.00,-1141.426970591061,-1982.465329566278,1813,1,44.534,
1898,2019-05-27T10:41:05Z,45.56586667,6.09441667,1828.00,-1140.426970591061,-1981.465329566278,1814,1,44.528,
1899,2019-05-27T10:41:06Z,45.56586667,6.09455000,1830.00,-1139.426970591061,-1980.465329566278,1815,1,44.519,
1900,2019-05-27T10:41:07Z,45.56586667,6.09465000,1832.00,-1138.426970591061,-1979.465329566278,1816,1,44.512,
1901,2019-05-27T10:41:08Z,45.56585000,6.09476667,1832.00,-1137.426970591061,-1978.465329566278,1817,1,44.505,
1902,2019-05-27T10:41:09Z,45.56581667,6.09491667,1832.00,-1136.426970591061,-1977.465329566278,1818,1,44.496,
1903,2019-05-27T10:41:10Z,45.56581667,6.09506667,1831.00,-1135.426970591061,-1976.465329566278,1819,1,44.486,
1904,2019-05-27T10:41:11Z,45.56576667,6.09520000,1832.00,-1134.426970591061,-1975.465329566278,1820,1,44.479,
1905,2019-05-27T10:41:12Z,45.56575000,6.09531667,1833.00,-1133.426970591061,-1974.465329566278,1821,1,44.472,
1906,2019-05-27T10:41:13Z,45.56571667,6.09541667,1834.00,-1132.426970591061,-1973.465329566278,1822,1,44.467,
1907,2019-05-27T10:41:14Z,45.56570000,6.09551667,1835.00,-1131.426970591061,-1972.465329566278,1823,1,44.461,
1908,2019-05-27T10:41:15Z,45.56566667,6.09561667,1834.00,-1130.426970591061,-1971.465329566278,1824,1,44.456,
1909,2019-05-27T10:41:16Z,45.56561667,6.09571667,1833.00,-1129.426970591061,-1970.465329566278,1825,1,44.452,
1910,2019-05-27T10:41:17Z,45.56560000,6.09586667,1831.00,-1128.426970591061,-1969.465329566278,1826,1,44.443,
1911,2019-05-27T10:41:18Z,45.56551667,6.09601667,1828.00,-1127.426970591061,-1968.465329566278,1827,1,44.437,
1912,2019-05-27T10:41:19Z,45.56546667,6.09616667,1825.00,-1126.426970591061,-1967.465329566278,1828,1,44.43,
1913,2019-05-27T10:41:20Z,45.56541667,6.09626667,1825.00,-1125.426970591061,-1966.465329566278,1829,1,44.426,
1914,2019-05-27T10:41:21Z,45.56535000,6.09640000,1825.00,-1124.426970591061,-1965.465329566278,1830,1,44.42,
1915,2019-05-27T10:41:22Z,45.56526667,6.09646667,1825.00,-1123.426970591061,-1964.465329566278,1831,1,44.42,
1916,2019-05-27T10:41:23Z,45.56520000,6.09655000,1823.00,-1122.426970591061,-1963.465329566278,1832,1,44.418,
1917,2019-05-27T10:41:24Z,45.56511667,6.09665000,1821.00,-1121.426970591061,-1962.465329566278,1833,1,44.416,
1918,2019-05-27T10:41:25Z,45.56506667,6.09675000,1819.00,-1120.426970591061,-1961.465329566278,1834,1,44.412,
1919,2019-05-27T10:41:26Z,45.56501667,6.09686667,1817.00,-1119.426970591061,-1960.465329566278,1835,1,44.407,
1920,2019-05-27T10:41:27Z,45.56500000,6.09700000,1815.00,-1118.426970591061,-1959.465329566278,1836,1,44.398,
1921,2019-05-27T10:41:28Z,45.56496667,6.09711667,1813.00,-1117.426970591061,-1958.465329566278,1837,1,44.392,
1922,2019-05-27T10:41:29Z,45.56500000,6.09726667,1810.00,-1116.426970591061,-1957.465329566278,1838,1,44.38,
1923,2019-05-27T10:41:30Z,45.56501667,6.09740000,1808.00,-1115.426970591061,-1956.465329566278,1839,1,44.37,
1924,2019-05-27T10:41:31Z,45.56506667,6.09751667,1805.00,-1114.426970591061,-1955.465329566278,1840,1,44.36,
1925,2019-05-27T10:41:32Z,45.56515000,6.09761667,1803.00,-1113.426970591061,-1954.465329566278,1841,1,44.348,
1926,2019-05-27T10:41:33Z,45.56521667,6.09770000,1801.00,-1112.426970591061,-1953.465329566278,1842,1,44.339,
1927,2019-05-27T10:41:34Z,45.56526667,6.09776667,1799.00,-1111.426970591061,-1952.465329566278,1843,1,44.332,
1928,2019-05-27T10:41:35Z,45.56535000,6.09785000,1797.00,-1110.426970591061,-1951.465329566278,1844,1,44.322,
1929,2019-05-27T10:41:36Z,45.56541667,6.09791667,1795.00,-1109.426970591061,-1950.465329566278,1845,1,44.313,
1930,2019-05-27T10:41:37Z,45.56550000,6.09796667,1793.00,-1108.426970591061,-1949.465329566278,1846,1,44.306,
1931,2019-05-27T10:41:38Z,45.56556667,6.09801667,1790.00,-1107.426970591061,-1948.465329566278,1847,1,44.299,
1932,2019-05-27T10:41:39Z,45.56566667,6.09810000,1787.00,-1106.426970591061,-1947.465329566278,1848,1,44.287,
1933,2019-05-27T10:41:40Z,45.56575000,6.09816667,1786.00,-1105.426970591061,-1946.465329566278,1849,1,44.278,
1934,2019-05-27T10:41:41Z,45.56581667,6.09825000,1784.00,-1104.426970591061,-1945.465329566278,1850,1,44.269,
1935,2019-05-27T10:41:42Z,45.56590000,6.09831667,1782.00,-1103.426970591061,-1944.465329566278,1851,1,44.26,
1936,2019-05-27T10:41:43Z,45.56596667,6.09836667,1780.00,-1102.426970591061,-1943.465329566278,1852,1,44.253,
1937,2019-05-27T10:41:44Z,45.56606667,6.09841667,1779.00,-1101.426970591061,-1942.465329566278,1853,1,44.244,
1938,2019-05-27T10:41:45Z,45.56615000,6.09846667,1778.00,-1100.426970591061,-1941.465329566278,1854,1,44.236,
1939,2019-05-27T10:41:46Z,45.56621667,6.09851667,1777.00,-1099.426970591061,-1940.465329566278,1855,1,44.229,
1940,2019-05-27T10:41:47Z,45.56631667,6.09856667,1775.00,-1098.426970591061,-1939.465329566278,1856,1,44.22,
1941,2019-05-27T10:41:48Z,45.56640000,6.09861667,1774.00,-1097.426970591061,-1938.465329566278,1857,1,44.213,
1942,2019-05-27T10:41:49Z,45.56646667,6.09866667,1772.00,-1096.426970591061,-1937.465329566278,1858,1,44.206,
1943,2019-05-27T10:41:50Z,45.56656667,6.09871667,1771.00,-1095.426970591061,-1936.465329566278,1859,1,44.197,
1944,2019-05-27T10:41:51Z,45.56666667,6.09876667,1770.00,-1094.426970591061,-1935.465329566278,1860,1,44.188,
1945,2019-05-27T10:41:52Z,45.56676667,6.09885000,1770.00,-1093.426970591061,-1934.465329566278,1861,1,44.177,
1946,2019-05-27T10:41:53Z,45.56685000,6.09891667,1769.00,-1092.426970591061,-1933.465329566278,1862,1,44.168,
1947,2019-05-27T10:41:54Z,45.56695000,6.09900000,1768.00,-1091.426970591061,-1932.465329566278,1863,1,44.157,
1948,2019-05-27T10:41:55Z,45.56701667,6.09906667,1767.00,-1090.426970591061,-1931.465329566278,1864,1,44.149,
1949,2019-05-27T10:41:56Z,45.56711667,6.09916667,1766.00,-1089.426970591061,-1930.465329566278,1865,1,44.137,
1950,2019-05-27T10:41:57Z,45.56716667,6.09926667,1765.00,-1088.426970591061,-1929.465329566278,1866,1,44.127,
1951,2019-05-27T10:41:58Z,45.56726667,6.09936667,1764.00,-1087.426970591061,-1928.465329566278,1867,1,44.115,
1952,2019-05-27T10:41:59Z,45.56736667,6.09945000,1762.00,-1086.426970591061,-1927.465329566278,1868,1,44.104,
1953,2019-05-27T10:42:00Z,45.56746667,6.09951667,1761.00,-1085.426970591061,-1926.465329566278,1869,1,44.094,
1954,2019-05-27T10:42:01Z,45.56756667,6.09960000,1761.00,-1084.426970591061,-1925.465329566278,1870,1,44.083,
1955,2019-05-27T10:42:02Z,45.56766667,6.09966667,1761.00,-1083.426970591061,-1924.465329566278,1871,1,44.073,
1956,2019-05-27T10:42:03Z,45.56775000,6.09976667,1761.00,-1082.426970591061,-1923.465329566278,1872,1,44.062,
1957,2019-05-27T10:42:04Z,45.56781667,6.09986667,1762.00,-1081.426970591061,-1922.465329566278,1873,1,44.051,
1958,2019-05-27T10:42:05Z,45.56791667,6.09996667,1763.00,-1080.426970591061,-1921.465329566278,1874,1,44.039,
1959,2019-05-27T10:42:06Z,45.56801667,6.10006667,1763.00,-1079.426970591061,-1920.465329566278,1875,1,44.027,
1960,2019-05-27T10:42:07Z,45.56811667,6.10011667,1763.00,-1078.426970591061,-1919.465329566278,1876,1,44.018,
1961,2019-05-27T10:42:08Z,45.56821667,6.10021667,1764.00,-1077.426970591061,-1918.465329566278,1877,1,44.006,
1962,2019-05-27T10:42:09Z,45.56831667,6.10026667,1764.00,-1076.426970591061,-1917.465329566278,1878,1,43.997,
1963,2019-05-27T10:42:10Z,45.56841667,6.10035000,1765.00,-1075.426970591061,-1916.465329566278,1879,1,43.986,
1964,2019-05-27T10:42:11Z,45.56851667,6.10041667,1765.00,-1074.426970591061,-1915.465329566278,1880,1,43.977,
1965,2019-05-27T10:42:12Z,45.56860000,6.10051667,1766.00,-1073.426970591061,-1914.465329566278,1881,1,43.965,
1966,2019-05-27T10:42:13Z,45.56866667,6.10061667,1766.00,-1072.426970591061,-1913.465329566278,1882,1,43.955,
1967,2019-05-27T10:42:14Z,45.56876667,6.10071667,1767.00,-1071.426970591061,-1912.465329566278,1883,1,43.943,
1968,2019-05-27T10:42:15Z,45.56881667,6.10080000,1769.00,-1070.426970591061,-1911.465329566278,1884,1,43.935,
1969,2019-05-27T10:42:16Z,45.56886667,6.10090000,1772.00,-1069.426970591061,-1910.465329566278,1885,1,43.925,
1970,2019-05-27T10:42:17Z,45.56886667,6.10100000,1775.00,-1068.426970591061,-1909.465329566278,1886,1,43.918,
1971,2019-05-27T10:42:18Z,45.56886667,6.10111667,1776.00,-1067.426970591061,-1908.465329566278,1887,1,43.91,
1972,2019-05-27T10:42:19Z,45.56885000,6.10126667,1776.00,-1066.426970591061,-1907.465329566278,1888,1,43.901,
1973,2019-05-27T10:42:20Z,45.56881667,6.10136667,1778.00,-1065.426970591061,-1906.465329566278,1889,1,43.896,
1974,2019-05-27T10:42:21Z,45.56876667,6.10150000,1781.00,-1064.426970591061,-1905.465329566278,1890,1,43.889,
1975,2019-05-27T10:42:22Z,45.56871667,6.10156667,1783.00,-1063.426970591061,-1904.465329566278,1891,1,43.887,
1976,2019-05-27T10:42:23Z,45.56865000,6.10165000,1785.00,-1062.426970591061,-1903.465329566278,1892,1,43.885,
1977,2019-05-27T10:42:24Z,45.56856667,6.10166667,1786.00,-1061.426970591061,-1902.465329566278,1893,1,43.888,
1978,2019-05-27T10:42:25Z,45.56846667,6.10170000,1787.00,-1060.426970591061,-1901.465329566278,1894,1,43.891,
1979,2019-05-27T10:42:26Z,45.56840000,6.10166667,1788.00,-1059.426970591061,-1900.465329566278,1895,1,43.897,
1980,2019-05-27T10:42:27Z,45.56831667,6.10161667,1789.00,-1058.426970591061,-1899.465329566278,1896,1,43.905,
1981,2019-05-27T10:42:28Z,45.56825000,6.10156667,1790.00,-1057.426970591061,-1898.465329566278,1897,1,43.912,
1982,2019-05-27T10:42:29Z,45.56816667,6.10150000,1792.00,-1056.426970591061,-1897.465329566278,1898,1,43.921,
1983,2019-05-27T10:42:30Z,45.56811667,6.10141667,1794.00,-1055.426970591061,-1896.465329566278,1899,1,43.93,
1984,2019-05-27T10:42:31Z,45.56805000,6.10136667,1795.00,-1054.426970591061,-1895.465329566278,1900,1,43.936,
1985,2019-05-27T10:42:32Z,45.56796667,6.10131667,1796.00,-1053.426970591061,-1894.465329566278,1901,1,43.944,
1986,2019-05-27T10:42:33Z,45.56790000,6.10126667,1796.00,-1052.426970591061,-1893.465329566278,1902,1,43.951,
1987,2019-05-27T10:42:34Z,45.56781667,6.10121667,1796.00,-1051.426970591061,-1892.465329566278,1903,1,43.959,
1988,2019-05-27T10:42:35Z,45.56775000,6.10111667,1796.00,-1050.426970591061,-1891.465329566278,1904,1,43.97,
1989,2019-05-27T10:42:36Z,45.56766667,6.10106667,1796.00,-1049.426970591061,-1890.465329566278,1905,1,43.977,
1990,2019-05-27T10:42:37Z,45.56756667,6.10096667,1796.00,-1048.426970591061,-1889.465329566278,1906,1,43.99,
1991,2019-05-27T10:42:38Z,45.56751667,6.10090000,1796.00,-1047.426970591061,-1888.465329566278,1907,1,43.997,
1992,2019-05-27T10:42:39Z,45.56745000,6.10081667,1797.00,-1046.426970591061,-1887.465329566278,1908,1,44.006,
1993,2019-05-27T10:42:40Z,45.56736667,6.10076667,1798.00,-1045.426970591061,-1886.465329566278,1909,1,44.014,
1994,2019-05-27T10:42:41Z,45.56731667,6.10071667,1798.00,-1044.426970591061,-1885.465329566278,1910,1,44.02,
1995,2019-05-27T10:42:42Z,45.56725000,6.10066667,1798.00,-1043.426970591061,-1884.465329566278,1911,1,44.027,
1996,2019-05-27T10:42:43Z,45.56716667,6.10061667,1797.00,-1042.426970591061,-1883.465329566278,1912,1,44.035,
1997,2019-05-27T10:42:44Z,45.56710000,6.10055000,1797.00,-1041.426970591061,-1882.465329566278,1913,1,44.043,
1998,2019-05-27T10:42:45Z,45.56701667,6.10046667,1796.00,-1040.426970591061,-1881.465329566278,1914,1,44.053,
1999,2019-05-27T10:42:46Z,45.56695000,6.10040000,1795.00,-1039.426970591061,-1880.465329566278,1915,1,44.062,
2000,2019-05-27T10:42:47Z,45.56686667,6.10031667,1795.00,-1038.426970591061,-1879.465329566278,1916,1,44.072,
2001,2019-05-27T10:42:48Z,45.56680000,6.10021667,1795.00,-1037.426970591061,-1878.465329566278,1917,1,44.082,
2002,2019-05-27T10:42:49Z,45.56671667,6.10015000,1795.00,-1036.426970591061,-1877.465329566278,1918,1,44.091,
2003,2019-05-27T10:42:50Z,45.56665000,6.10005000,1795.00,-1035.426970591061,-1876.465329566278,1919,1,44.102,
2004,2019-05-27T10:42:51Z,45.56656667,6.09996667,1794.00,-1034.426970591061,-1875.465329566278,1920,1,44.112,
2005,2019-05-27T10:42:52Z,45.56650000,6.09986667,1793.00,-1033.426970591061,-1874.465329566278,1921,1,44.122,
2006,2019-05-27T10:42:53Z,45.56641667,6.09976667,1792.00,-1032.426970591061,-1873.465329566278,1922,1,44.133,
2007,2019-05-27T10:42:54Z,45.56631667,6.09970000,1791.00,-1031.426970591061,-1872.465329566278,1923,1,44.143,
2008,2019-05-27T10:42:55Z,45.56625000,6.09960000,1790.00,-1030.426970591061,-1871.465329566278,1924,1,44.154,
2009,2019-05-27T10:42:56Z,45.56615000,6.09950000,1789.00,-1029.426970591061,-1870.465329566278,1925,1,44.166,
2010,2019-05-27T10:42:57Z,45.56606667,6.09941667,1789.00,-1028.426970591061,-1869.465329566278,1926,1,44.176,
2011,2019-05-27T10:42:58Z,45.56600000,6.09931667,1789.00,-1027.426970591061,-1868.465329566278,1927,1,44.187,
2012,2019-05-27T10:42:59Z,45.56591667,6.09921667,1788.00,-1026.426970591061,-1867.465329566278,1928,1,44.198,
2013,2019-05-27T10:43:00Z,45.56586667,6.09910000,1788.00,-1025.426970591061,-1866.465329566278,1929,1,44.209,
2014,2019-05-27T10:43:01Z,45.56580000,6.09896667,1788.00,-1024.426970591061,-1865.465329566278,1930,1,44.221,
2015,2019-05-27T10:43:02Z,45.56575000,6.09886667,1787.00,-1023.426970591061,-1864.465329566278,1931,1,44.231,
2016,2019-05-27T10:43:03Z,45.56566667,6.09876667,1787.00,-1022.426970591061,-1863.465329566278,1932,1,44.242,
2017,2019-05-27T10:43:04Z,45.56561667,6.09870000,1787.00,-1021.426970591061,-1862.465329566278,1933,1,44.249,
2018,2019-05-27T10:43:05Z,45.56556667,6.09856667,1787.00,-1020.426970591061,-1861.465329566278,1934,1,44.261,
2019,2019-05-27T10:43:06Z,45.56555000,6.09846667,1787.00,-1019.426970591061,-1860.465329566278,1935,1,44.269,
2020,2019-05-27T10:43:07Z,45.56551667,6.09836667,1787.00,-1018.426970591061,-1859.465329566278,1936,1,44.277,
2021,2019-05-27T10:43:08Z,45.56550000,6.09825000,1787.00,-1017.426970591061,-1858.465329566278,1937,1,44.286,
2022,2019-05-27T10:43:09Z,45.56546667,6.09811667,1786.00,-1016.426970591061,-1857.465329566278,1938,1,44.297,
2023,2019-05-27T10:43:10Z,45.56546667,6.09801667,1786.00,-1015.426970591061,-1856.465329566278,1939,1,44.304,
2024,2019-05-27T10:43:11Z,45.56546667,6.09790000,1786.00,-1014.426970591061,-1855.465329566278,1940,1,44.312,
2025,2019-05-27T10:43:12Z,45.56546667,6.09776667,1786.00,-1013.426970591061,-1854.465329566278,1941,1,44.321,
2026,2019-05-27T10:43:13Z,45.56546667,6.09766667,1786.00,-1012.426970591061,-1853.465329566278,1942,1,44.328,
2027,2019-05-27T10:43:14Z,45.56546667,6.09756667,1786.00,-1011.426970591061,-1852.465329566278,1943,1,44.334,
2028,2019-05-27T10:43:15Z,45.56545000,6.09746667,1786.00,-1010.426970591061,-1851.465329566278,1944,1,44.342,
2029,2019-05-27T10:43:16Z,45.56541667,6.09736667,1786.00,-1009.426970591061,-1850.465329566278,1945,1,44.351,
2030,2019-05-27T10:43:17Z,45.56536667,6.09725000,1787.00,-1008.426970591061,-1849.465329566278,1946,1,44.361,
2031,2019-05-27T10:43:18Z,45.56531667,6.09715000,1787.00,-1007.426970591061,-1848.465329566278,1947,1,44.371,
2032,2019-05-27T10:43:19Z,45.56526667,6.09706667,1789.00,-1006.426970591061,-1847.465329566278,1948,1,44.379,
2033,2019-05-27T10:43:20Z,45.56521667,6.09701667,1790.00,-1005.426970591061,-1846.465329566278,1949,1,44.385,
2034,2019-05-27T10:43:21Z,45.56515000,6.09696667,1792.00,-1004.426970591061,-1845.465329566278,1950,1,44.392,
2035,2019-05-27T10:43:22Z,45.56506667,6.09691667,1793.00,-1003.426970591061,-1844.465329566278,1951,1,44.4,
2036,2019-05-27T10:43:23Z,45.56501667,6.09691667,1793.00,-1002.426970591061,-1843.465329566278,1952,1,44.403,
2037,2019-05-27T10:43:24Z,45.56491667,6.09691667,1794.00,-1001.426970591061,-1842.465329566278,1953,1,44.409,
2038,2019-05-27T10:43:25Z,45.56485000,6.09696667,1793.00,-1000.426970591061,-1841.465329566278,1954,1,44.409,
2039,2019-05-27T10:43:26Z,45.56476667,6.09701667,1793.00,-999.426970591061,-1840.465329566278,1955,1,44.41,
2040,2019-05-27T10:43:27Z,45.56466667,6.09710000,1793.00,-998.426970591061,-1839.465329566278,1956,1,44.41,
2041,2019-05-27T10:43:28Z,45.56461667,6.09720000,1792.00,-997.426970591061,-1838.465329566278,1957,1,44.406,
2042,2019-05-27T10:43:29Z,45.56456667,6.09731667,1792.00,-996.426970591061,-1837.465329566278,1958,1,44.401,
2043,2019-05-27T10:43:30Z,45.56451667,6.09745000,1791.00,-995.426970591061,-1836.465329566278,1959,1,44.394,
2044,2019-05-27T10:43:31Z,45.56450000,6.09756667,1790.00,-994.426970591061,-1835.465329566278,1960,1,44.387,
2045,2019-05-27T10:43:32Z,45.56446667,6.09771667,1790.00,-993.426970591061,-1834.465329566278,1961,1,44.379,
2046,2019-05-27T10:43:33Z,45.56441667,6.09785000,1790.00,-992.426970591061,-1833.465329566278,1962,1,44.373,
2047,2019-05-27T10:43:34Z,45.56441667,6.09800000,1789.00,-991.426970591061,-1832.465329566278,1963,1,44.363,
2048,2019-05-27T10:43:35Z,45.56440000,6.09811667,1789.00,-990.426970591061,-1831.465329566278,1964,1,44.356,
2049,2019-05-27T10:43:36Z,45.56436667,6.09826667,1788.00,-989.426970591061,-1830.465329566278,1965,1,44.347,
2050,2019-05-27T10:43:37Z,45.56435000,6.09836667,1788.00,-988.426970591061,-1829.465329566278,1966,1,44.342,
2051,2019-05-27T10:43:38Z,45.56431667,6.09846667,1788.00,-987.426970591061,-1828.465329566278,1967,1,44.337,
2052,2019-05-27T10:43:39Z,45.56431667,6.09856667,1787.00,-986.426970591061,-1827.465329566278,1968,1,44.33,
2053,2019-05-27T10:43:40Z,45.56431667,6.09870000,1784.00,-985.426970591061,-1826.465329566278,1969,1,44.321,
2054,2019-05-27T10:43:41Z,45.56431667,6.09881667,1780.00,-984.426970591061,-1825.465329566278,1970,1,44.313,
2055,2019-05-27T10:43:42Z,45.56435000,6.09900000,1776.00,-983.426970591061,-1824.465329566278,1971,1,44.299,
2056,2019-05-27T10:43:43Z,45.56436667,6.09911667,1774.00,-982.426970591061,-1823.465329566278,1972,1,44.29,
2057,2019-05-27T10:43:44Z,45.56441667,6.09926667,1773.00,-981.426970591061,-1822.465329566278,1973,1,44.277,
2058,2019-05-27T10:43:45Z,45.56445000,6.09936667,1773.00,-980.426970591061,-1821.465329566278,1974,1,44.269,
2059,2019-05-27T10:43:46Z,45.56450000,6.09946667,1772.00,-979.426970591061,-1820.465329566278,1975,1,44.259,
2060,2019-05-27T10:43:47Z,45.56455000,6.09960000,1770.00,-978.426970591061,-1819.465329566278,1976,1,44.247,
2061,2019-05-27T10:43:48Z,45.56460000,6.09970000,1768.00,-977.426970591061,-1818.465329566278,1977,1,44.238,
2062,2019-05-27T10:43:49Z,45.56466667,6.09980000,1767.00,-976.426970591061,-1817.465329566278,1978,1,44.227,
2063,2019-05-27T10:43:50Z,45.56476667,6.09986667,1765.00,-975.426970591061,-1816.465329566278,1979,1,44.217,
2064,2019-05-27T10:43:51Z,45.56486667,6.09991667,1764.00,-974.426970591061,-1815.465329566278,1980,1,44.208,
2065,2019-05-27T10:43:52Z,45.56495000,6.09995000,1764.00,-973.426970591061,-1814.465329566278,1981,1,44.202,
2066,2019-05-27T10:43:53Z,45.56501667,6.09996667,1763.00,-972.426970591061,-1813.465329566278,1982,1,44.197,
2067,2019-05-27T10:43:54Z,45.56511667,6.10000000,1764.00,-971.426970591061,-1812.465329566278,1983,1,44.189,
2068,2019-05-27T10:43:55Z,45.56520000,6.10001667,1764.00,-970.426970591061,-1811.465329566278,1984,1,44.183,
2069,2019-05-27T10:43:56Z,45.56526667,6.10006667,1764.00,-969.426970591061,-1810.465329566278,1985,1,44.176,
2070,2019-05-27T10:43:57Z,45.56536667,6.10010000,1763.00,-968.426970591061,-1809.465329566278,1986,1,44.168,
2071,2019-05-27T10:43:58Z,45.56546667,6.10011667,1763.00,-967.426970591061,-1808.465329566278,1987,1,44.162,
2072,2019-05-27T10:43:59Z,45.56556667,6.10016667,1763.00,-966.426970591061,-1807.465329566278,1988,1,44.153,
2073,2019-05-27T10:44:00Z,45.56566667,6.10021667,1762.00,-965.426970591061,-1806.465329566278,1989,1,44.144,
2074,2019-05-27T10:44:01Z,45.56575000,6.10025000,1761.00,-964.426970591061,-1805.465329566278,1990,1,44.137,
2075,2019-05-27T10:44:02Z,45.56585000,6.10030000,1760.00,-963.426970591061,-1804.465329566278,1991,1,44.128,
2076,2019-05-27T10:44:03Z,45.56591667,6.10031667,1760.00,-962.426970591061,-1803.465329566278,1992,1,44.123,
2077,2019-05-27T10:44:04Z,45.56601667,6.10031667,1759.00,-961.426970591061,-1802.465329566278,1993,1,44.118,
2078,2019-05-27T10:44:05Z,45.56615000,6.10026667,1759.00,-960.426970591061,-1801.465329566278,1994,1,44.114,
2079,2019-05-27T10:44:06Z,45.56626667,6.10025000,1761.00,-959.426970591061,-1800.465329566278,1995,1,44.109,
2080,2019-05-27T10:44:07Z,45.56636667,6.10025000,1764.00,-958.426970591061,-1799.465329566278,1996,1,44.103,
2081,2019-05-27T10:44:08Z,45.56646667,6.10025000,1766.00,-957.426970591061,-1798.465329566278,1997,1,44.098,
2082,2019-05-27T10:44:09Z,45.56655000,6.10026667,1769.00,-956.426970591061,-1797.465329566278,1998,1,44.092,
2083,2019-05-27T10:44:10Z,45.56665000,6.10025000,1772.00,-955.426970591061,-1796.465329566278,1999,1,44.088,
2084,2019-05-27T10:44:11Z,45.56675000,6.10020000,1774.00,-954.426970591061,-1795.465329566278,2000,1,44.086,
2085,2019-05-27T10:44:12Z,45.56685000,6.10011667,1777.00,-953.426970591061,-1794.465329566278,2001,1,44.086,
2086,2019-05-27T10:44:13Z,45.56691667,6.10005000,1778.00,-952.426970591061,-1793.465329566278,2002,1,44.087,
2087,2019-05-27T10:44:14Z,45.56696667,6.09995000,1780.00,-951.426970591061,-1792.465329566278,2003,1,44.091,
2088,2019-05-27T10:44:15Z,45.56701667,6.09985000,1782.00,-950.426970591061,-1791.465329566278,2004,1,44.095,
2089,2019-05-27T10:44:16Z,45.56701667,6.09971667,1783.00,-949.426970591061,-1790.465329566278,2005,1,44.104,
2090,2019-05-27T10:44:17Z,45.56705000,6.09956667,1784.00,-948.426970591061,-1789.465329566278,2006,1,44.113,
2091,2019-05-27T10:44:18Z,45.56701667,6.09941667,1785.00,-947.426970591061,-1788.465329566278,2007,1,44.125,
2092,2019-05-27T10:44:19Z,45.56696667,6.09931667,1786.00,-946.426970591061,-1787.465329566278,2008,1,44.134,
2093,2019-05-27T10:44:20Z,45.56691667,6.09920000,1787.00,-945.426970591061,-1786.465329566278,2009,1,44.145,
2094,2019-05-27T10:44:21Z,45.56681667,6.09911667,1789.00,-944.426970591061,-1785.465329566278,2010,1,44.156,
2095,2019-05-27T10:44:22Z,45.56675000,6.09906667,1793.00,-943.426970591061,-1784.465329566278,2011,1,44.163,
2096,2019-05-27T10:44:23Z,45.56666667,6.09906667,1795.00,-942.426970591061,-1783.465329566278,2012,1,44.168,
2097,2019-05-27T10:44:24Z,45.56656667,6.09905000,1798.00,-941.426970591061,-1782.465329566278,2013,1,44.174,
2098,2019-05-27T10:44:25Z,45.56650000,6.09905000,1801.00,-940.426970591061,-1781.465329566278,2014,1,44.178,
2099,2019-05-27T10:44:26Z,45.56640000,6.09901667,1803.00,-939.426970591061,-1780.465329566278,2015,1,44.185,
2100,2019-05-27T10:44:27Z,45.56630000,6.09901667,1804.00,-938.426970591061,-1779.465329566278,2016,1,44.191,
2101,2019-05-27T10:44:28Z,45.56620000,6.09901667,1806.00,-937.426970591061,-1778.465329566278,2017,1,44.196,
2102,2019-05-27T10:44:29Z,45.56611667,6.09906667,1806.00,-936.426970591061,-1777.465329566278,2018,1,44.197,
2103,2019-05-27T10:44:30Z,45.56601667,6.09906667,1806.00,-935.426970591061,-1776.465329566278,2019,1,44.203,
2104,2019-05-27T10:44:31Z,45.56591667,6.09906667,1805.00,-934.426970591061,-1775.465329566278,2020,1,44.208,
2105,2019-05-27T10:44:32Z,45.56580000,6.09906667,1803.00,-933.426970591061,-1774.465329566278,2021,1,44.215,
2106,2019-05-27T10:44:33Z,45.56566667,6.09906667,1802.00,-932.426970591061,-1773.465329566278,2022,1,44.222,
2107,2019-05-27T10:44:34Z,45.56556667,6.09906667,1802.00,-931.426970591061,-1772.465329566278,2023,1,44.227,
2108,2019-05-27T10:44:35Z,45.56546667,6.09911667,1803.00,-930.426970591061,-1771.465329566278,2024,1,44.229,
2109,2019-05-27T10:44:36Z,45.56536667,6.09911667,1804.00,-929.426970591061,-1770.465329566278,2025,1,44.235,
2110,2019-05-27T10:44:37Z,45.56530000,6.09916667,1804.00,-928.426970591061,-1769.465329566278,2026,1,44.235,
2111,2019-05-27T10:44:38Z,45.56516667,6.09916667,1803.00,-927.426970591061,-1768.465329566278,2027,1,44.242,
2112,2019-05-27T10:44:39Z,45.56506667,6.09916667,1802.00,-926.426970591061,-1767.465329566278,2028,1,44.248,
2113,2019-05-27T10:44:40Z,45.56496667,6.09916667,1802.00,-925.426970591061,-1766.465329566278,2029,1,44.254,
2114,2019-05-27T10:44:41Z,45.56486667,6.09915000,1802.00,-924.426970591061,-1765.465329566278,2030,1,44.26,
2115,2019-05-27T10:44:42Z,45.56480000,6.09910000,1802.00,-923.426970591061,-1764.465329566278,2031,1,44.267,
2116,2019-05-27T10:44:43Z,45.56470000,6.09901667,1801.00,-922.426970591061,-1763.465329566278,2032,1,44.278,
2117,2019-05-27T10:44:44Z,45.56461667,6.09896667,1801.00,-921.426970591061,-1762.465329566278,2033,1,44.286,
2118,2019-05-27T10:44:45Z,45.56455000,6.09886667,1801.00,-920.426970591061,-1761.465329566278,2034,1,44.297,
2119,2019-05-27T10:44:46Z,45.56446667,6.09880000,1800.00,-919.426970591061,-1760.465329566278,2035,1,44.306,
2120,2019-05-27T10:44:47Z,45.56436667,6.09871667,1800.00,-918.426970591061,-1759.465329566278,2036,1,44.317,
2121,2019-05-27T10:44:48Z,45.56431667,6.09861667,1800.00,-917.426970591061,-1758.465329566278,2037,1,44.327,
2122,2019-05-27T10:44:49Z,45.56421667,6.09851667,1801.00,-916.426970591061,-1757.465329566278,2038,1,44.339,
2123,2019-05-27T10:44:50Z,45.56416667,6.09846667,1802.00,-915.426970591061,-1756.465329566278,2039,1,44.345,
2124,2019-05-27T10:44:51Z,45.56410000,6.09841667,1802.00,-914.426970591061,-1755.465329566278,2040,1,44.352,
2125,2019-05-27T10:44:52Z,45.56401667,6.09841667,1802.00,-913.426970591061,-1754.465329566278,2041,1,44.357,
2126,2019-05-27T10:44:53Z,45.56391667,6.09841667,1802.00,-912.426970591061,-1753.465329566278,2042,1,44.362,
2127,2019-05-27T10:44:54Z,45.56385000,6.09841667,1801.00,-911.426970591061,-1752.465329566278,2043,1,44.366,
2128,2019-05-27T10:44:55Z,45.56375000,6.09841667,1800.00,-910.426970591061,-1751.465329566278,2044,1,44.372,
2129,2019-05-27T10:44:56Z,45.56366667,6.09845000,1799.00,-909.426970591061,-1750.465329566278,2045,1,44.374,
2130,2019-05-27T10:44:57Z,45.56356667,6.09850000,1798.00,-908.426970591061,-1749.465329566278,2046,1,44.376,
2131,2019-05-27T10:44:58Z,45.56350000,6.09856667,1798.00,-907.426970591061,-1748.465329566278,2047,1,44.376,
2132,2019-05-27T10:44:59Z,45.56341667,6.09865000,1797.00,-906.426970591061,-1747.465329566278,2048,1,44.375,
2133,2019-05-27T10:45:00Z,45.56335000,6.09871667,1796.00,-905.426970591061,-1746.465329566278,2049,1,44.374,
2134,2019-05-27T10:45:01Z,45.56326667,6.09880000,1795.00,-904.426970591061,-1745.465329566278,2050,1,44.373,
2135,2019-05-27T10:45:02Z,45.56316667,6.09886667,1795.00,-903.426970591061,-1744.465329566278,2051,1,44.374,
2136,2019-05-27T10:45:03Z,45.56310000,6.09891667,1796.00,-902.426970591061,-1743.465329566278,2052,1,44.375,
2137,2019-05-27T10:45:04Z,45.56301667,6.09896667,1797.00,-901.426970591061,-1742.465329566278,2053,1,44.376,
2138,2019-05-27T10:45:05Z,45.56296667,6.09905000,1797.00,-900.426970591061,-1741.465329566278,2054,1,44.373,
2139,2019-05-27T10:45:06Z,45.56291667,6.09911667,1796.00,-899.426970591061,-1740.465329566278,2055,1,44.372,
2140,2019-05-27T10:45:07Z,45.56285000,6.09921667,1793.00,-898.426970591061,-1739.465329566278,2056,1,44.369,
2141,2019-05-27T10:45:08Z,45.56276667,6.09931667,1790.00,-897.426970591061,-1738.465329566278,2057,1,44.367,
2142,2019-05-27T10:45:09Z,45.56271667,6.09945000,1787.00,-896.426970591061,-1737.465329566278,2058,1,44.361,
2143,2019-05-27T10:45:10Z,45.56270000,6.09956667,1787.00,-895.426970591061,-1736.465329566278,2059,1,44.354,
2144,2019-05-27T10:45:11Z,45.56266667,6.09970000,1787.00,-894.426970591061,-1735.465329566278,2060,1,44.347,
2145,2019-05-27T10:45:12Z,45.56266667,6.09980000,1786.00,-893.426970591061,-1734.465329566278,2061,1,44.34,
2146,2019-05-27T10:45:13Z,45.56265000,6.09991667,1785.00,-892.426970591061,-1733.465329566278,2062,1,44.333,
2147,2019-05-27T10:45:14Z,45.56261667,6.10001667,1782.00,-891.426970591061,-1732.465329566278,2063,1,44.329,
2148,2019-05-27T10:45:15Z,45.56260000,6.10016667,1780.00,-890.426970591061,-1731.465329566278,2064,1,44.32,
2149,2019-05-27T10:45:16Z,45.56256667,6.10031667,1777.00,-889.426970591061,-1730.465329566278,2065,1,44.311,
2150,2019-05-27T10:45:17Z,45.56256667,6.10046667,1774.00,-888.426970591061,-1729.465329566278,2066,1,44.301,
2151,2019-05-27T10:45:18Z,45.56256667,6.10061667,1772.00,-887.426970591061,-1728.465329566278,2067,1,44.292,
2152,2019-05-27T10:45:19Z,45.56256667,6.10076667,1770.00,-886.426970591061,-1727.465329566278,2068,1,44.282,
2153,2019-05-27T10:45:20Z,45.56256667,6.10090000,1769.00,-885.426970591061,-1726.465329566278,2069,1,44.273,
2154,2019-05-27T10:45:21Z,45.56256667,6.10101667,1767.00,-884.426970591061,-1725.465329566278,2070,1,44.265,
2155,2019-05-27T10:45:22Z,45.56256667,6.10115000,1766.00,-883.426970591061,-1724.465329566278,2071,1,44.256,
2156,2019-05-27T10:45:23Z,45.56256667,6.10126667,1764.00,-882.426970591061,-1723.465329566278,2072,1,44.248,
2157,2019-05-27T10:45:24Z,45.56256667,6.10141667,1762.00,-881.426970591061,-1722.465329566278,2073,1,44.238,
2158,2019-05-27T10:45:25Z,45.56255000,6.10156667,1759.00,-880.426970591061,-1721.465329566278,2074,1,44.229,
2159,2019-05-27T10:45:26Z,45.56251667,6.10175000,1757.00,-879.426970591061,-1720.465329566278,2075,1,44.219,
2160,2019-05-27T10:45:27Z,45.56246667,6.10190000,1756.00,-878.426970591061,-1719.465329566278,2076,1,44.212,
2161,2019-05-27T10:45:28Z,45.56246667,6.10206667,1755.00,-877.426970591061,-1718.465329566278,2077,1,44.201,
2162,2019-05-27T10:45:29Z,45.56245000,6.10221667,1754.00,-876.426970591061,-1717.465329566278,2078,1,44.192,
2163,2019-05-27T10:45:30Z,45.56241667,6.10236667,1754.00,-875.426970591061,-1716.465329566278,2079,1,44.184,
2164,2019-05-27T10:45:31Z,45.56240000,6.10251667,1753.00,-874.426970591061,-1715.465329566278,2080,1,44.175,
2165,2019-05-27T10:45:32Z,45.56236667,6.10261667,1752.00,-873.426970591061,-1714.465329566278,2081,1,44.17,
2166,2019-05-27T10:45:33Z,45.56231667,6.10276667,1750.00,-872.426970591061,-1713.465329566278,2082,1,44.163,
2167,2019-05-27T10:45:34Z,45.56231667,6.10291667,1749.00,-871.426970591061,-1712.465329566278,2083,1,44.153,
2168,2019-05-27T10:45:35Z,45.56230000,6.10306667,1747.00,-870.426970591061,-1711.465329566278,2084,1,44.144,
2169,2019-05-27T10:45:36Z,45.56226667,6.10325000,1744.00,-869.426970591061,-1710.465329566278,2085,1,44.134,
2170,2019-05-27T10:45:37Z,45.56225000,6.10341667,1742.00,-868.426970591061,-1709.465329566278,2086,1,44.124,
2171,2019-05-27T10:45:38Z,45.56221667,6.10356667,1741.00,-867.426970591061,-1708.465329566278,2087,1,44.116,
2172,2019-05-27T10:45:39Z,45.56225000,6.10371667,1740.00,-866.426970591061,-1707.465329566278,2088,1,44.104,
2173,2019-05-27T10:45:40Z,45.56230000,6.10390000,1737.00,-865.426970591061,-1706.465329566278,2089,1,44.089,
2174,2019-05-27T10:45:41Z,45.56236667,6.10401667,1735.00,-864.426970591061,-1705.465329566278,2090,1,44.077,
2175,2019-05-27T10:45:42Z,45.56246667,6.10411667,1734.00,-863.426970591061,-1704.465329566278,2091,1,44.065,
2176,2019-05-27T10:45:43Z,45.56256667,6.10416667,1733.00,-862.426970591061,-1703.465329566278,2092,1,44.056,
2177,2019-05-27T10:45:44Z,45.56266667,6.10420000,1732.00,-861.426970591061,-1702.465329566278,2093,1,44.048,
2178,2019-05-27T10:45:45Z,45.56275000,6.10416667,1731.00,-860.426970591061,-1701.465329566278,2094,1,44.045,
2179,2019-05-27T10:45:46Z,45.56285000,6.10415000,1729.00,-859.426970591061,-1700.465329566278,2095,1,44.04,
2180,2019-05-27T10:45:47Z,45.56295000,6.10411667,1728.00,-858.426970591061,-1699.465329566278,2096,1,44.037,
2181,2019-05-27T10:45:48Z,45.56301667,6.10405000,1727.00,-857.426970591061,-1698.465329566278,2097,1,44.037,
2182,2019-05-27T10:45:49Z,45.56310000,6.10396667,1726.00,-856.426970591061,-1697.465329566278,2098,1,44.038,
2183,2019-05-27T10:45:50Z,45.56320000,6.10390000,1724.00,-855.426970591061,-1696.465329566278,2099,1,44.037,
2184,2019-05-27T10:45:51Z,45.56326667,6.10381667,1724.00,-854.426970591061,-1695.465329566278,2100,1,44.038,
2185,2019-05-27T10:45:52Z,45.56336667,6.10371667,1723.00,-853.426970591061,-1694.465329566278,2101,1,44.039,
2186,2019-05-27T10:45:53Z,45.56346667,6.10365000,1723.00,-852.426970591061,-1693.465329566278,2102,1,44.038,
2187,2019-05-27T10:45:54Z,45.56351667,6.10356667,1724.00,-851.426970591061,-1692.465329566278,2103,1,44.04,
2188,2019-05-27T10:45:55Z,45.56360000,6.10346667,1725.00,-850.426970591061,-1691.465329566278,2104,1,44.042,
2189,2019-05-27T10:45:56Z,45.56366667,6.10340000,1724.00,-849.426970591061,-1690.465329566278,2105,1,44.043,
2190,2019-05-27T10:45:57Z,45.56371667,6.10331667,1724.00,-848.426970591061,-1689.465329566278,2106,1,44.045,
2191,2019-05-27T10:45:58Z,45.56376667,6.10321667,1723.00,-847.426970591061,-1688.465329566278,2107,1,44.049,
2192,2019-05-27T10:45:59Z,45.56385000,6.10315000,1722.00,-846.426970591061,-1687.465329566278,2108,1,44.049,
2193,2019-05-27T10:46:00Z,45.56391667,6.10305000,1721.00,-845.426970591061,-1686.465329566278,2109,1,44.052,
2194,2019-05-27T10:46:01Z,45.56396667,6.10296667,1719.00,-844.426970591061,-1685.465329566278,2110,1,44.054,
2195,2019-05-27T10:46:02Z,45.56405000,6.10286667,1719.00,-843.426970591061,-1684.465329566278,2111,1,44.056,
2196,2019-05-27T10:46:03Z,45.56411667,6.10276667,1718.00,-842.426970591061,-1683.465329566278,2112,1,44.059,
2197,2019-05-27T10:46:04Z,45.56420000,6.10266667,1718.00,-841.426970591061,-1682.465329566278,2113,1,44.061,
2198,2019-05-27T10:46:05Z,45.56426667,6.10256667,1717.00,-840.426970591061,-1681.465329566278,2114,1,44.064,
2199,2019-05-27T10:46:06Z,45.56431667,6.10246667,1716.00,-839.426970591061,-1680.465329566278,2115,1,44.068,
2200,2019-05-27T10:46:07Z,45.56440000,6.10240000,1716.00,-838.426970591061,-1679.465329566278,2116,1,44.068,
2201,2019-05-27T10:46:08Z,45.56446667,6.10231667,1715.00,-837.426970591061,-1678.465329566278,2117,1,44.07,
2202,2019-05-27T10:46:09Z,45.56455000,6.10221667,1714.00,-836.426970591061,-1677.465329566278,2118,1,44.071,
2203,2019-05-27T10:46:10Z,45.56461667,6.10210000,1714.00,-835.426970591061,-1676.465329566278,2119,1,44.076,
2204,2019-05-27T10:46:11Z,45.56466667,6.10200000,1713.00,-834.426970591061,-1675.465329566278,2120,1,44.079,
2205,2019-05-27T10:46:12Z,45.56476667,6.10190000,1714.00,-833.426970591061,-1674.465329566278,2121,1,44.081,
2206,2019-05-27T10:46:13Z,45.56481667,6.10180000,1714.00,-832.426970591061,-1673.465329566278,2122,1,44.084,
2207,2019-05-27T10:46:14Z,45.56491667,6.10171667,1715.00,-831.426970591061,-1672.465329566278,2123,1,44.084,
2208,2019-05-27T10:46:15Z,45.56500000,6.10165000,1716.00,-830.426970591061,-1671.465329566278,2124,1,44.084,
2209,2019-05-27T10:46:16Z,45.56506667,6.10156667,1717.00,-829.426970591061,-1670.465329566278,2125,1,44.086,
2210,2019-05-27T10:46:17Z,45.56516667,6.10150000,1717.00,-828.426970591061,-1669.465329566278,2126,1,44.085,
2211,2019-05-27T10:46:18Z,45.56525000,6.10141667,1718.00,-827.426970591061,-1668.465329566278,2127,1,44.086,
2212,2019-05-27T10:46:19Z,45.56531667,6.10136667,1718.00,-826.426970591061,-1667.465329566278,2128,1,44.086,
2213,2019-05-27T10:46:20Z,45.56541667,6.10131667,1719.00,-825.426970591061,-1666.465329566278,2129,1,44.083,
2214,2019-05-27T10:46:21Z,45.56551667,6.10131667,1720.00,-824.426970591061,-1665.465329566278,2130,1,44.078,
2215,2019-05-27T10:46:22Z,45.56565000,6.10135000,1721.00,-823.426970591061,-1664.465329566278,2131,1,44.068,
2216,2019-05-27T10:46:23Z,45.56575000,6.10136667,1723.00,-822.426970591061,-1663.465329566278,2132,1,44.062,
2217,2019-05-27T10:46:24Z,45.56585000,6.10141667,1725.00,-821.426970591061,-1662.465329566278,2133,1,44.053,
2218,2019-05-27T10:46:25Z,45.56591667,6.10145000,1727.00,-820.426970591061,-1661.465329566278,2134,1,44.047,
2219,2019-05-27T10:46:26Z,45.56601667,6.10146667,1731.00,-819.426970591061,-1660.465329566278,2135,1,44.04,
2220,2019-05-27T10:46:27Z,45.56606667,6.10150000,1734.00,-818.426970591061,-1659.465329566278,2136,1,44.035,
2221,2019-05-27T10:46:28Z,45.56615000,6.10155000,1737.00,-817.426970591061,-1658.465329566278,2137,1,44.027,
2222,2019-05-27T10:46:29Z,45.56621667,6.10161667,1740.00,-816.426970591061,-1657.465329566278,2138,1,44.019,
2223,2019-05-27T10:46:30Z,45.56626667,6.10175000,1741.00,-815.426970591061,-1656.465329566278,2139,1,44.007,
2224,2019-05-27T10:46:31Z,45.56631667,6.10186667,1743.00,-814.426970591061,-1655.465329566278,2140,1,43.997,
2225,2019-05-27T10:46:32Z,45.56631667,6.10201667,1746.00,-813.426970591061,-1654.465329566278,2141,1,43.986,
2226,2019-05-27T10:46:33Z,45.56630000,6.10211667,1748.00,-812.426970591061,-1653.465329566278,2142,1,43.981,
2227,2019-05-27T10:46:34Z,45.56626667,6.10221667,1750.00,-811.426970591061,-1652.465329566278,2143,1,43.976,
2228,2019-05-27T10:46:35Z,45.56621667,6.10230000,1752.00,-810.426970591061,-1651.465329566278,2144,1,43.973,
2229,2019-05-27T10:46:36Z,45.56616667,6.10231667,1754.00,-809.426970591061,-1650.465329566278,2145,1,43.974,
2230,2019-05-27T10:46:37Z,45.56610000,6.10231667,1755.00,-808.426970591061,-1649.465329566278,2146,1,43.978,
2231,2019-05-27T10:46:38Z,45.56601667,6.10230000,1755.00,-807.426970591061,-1648.465329566278,2147,1,43.984,
2232,2019-05-27T10:46:39Z,45.56595000,6.10226667,1757.00,-806.426970591061,-1647.465329566278,2148,1,43.99,
2233,2019-05-27T10:46:40Z,45.56590000,6.10221667,1758.00,-805.426970591061,-1646.465329566278,2149,1,43.996,
2234,2019-05-27T10:46:41Z,45.56585000,6.10216667,1760.00,-804.426970591061,-1645.465329566278,2150,1,44.002,
2235,2019-05-27T10:46:42Z,45.56580000,6.10211667,1762.00,-803.426970591061,-1644.465329566278,2151,1,44.008,
2236,2019-05-27T10:46:43Z,45.56575000,6.10206667,1763.00,-802.426970591061,-1643.465329566278,2152,1,44.014,
2237,2019-05-27T10:46:44Z,45.56566667,6.10196667,1763.00,-801.426970591061,-1642.465329566278,2153,1,44.026,
2238,2019-05-27T10:46:45Z,45.56561667,6.10191667,1763.00,-800.426970591061,-1641.465329566278,2154,1,44.032,
2239,2019-05-27T10:46:46Z,45.56556667,6.10185000,1764.00,-799.426970591061,-1640.465329566278,2155,1,44.039,
2240,2019-05-27T10:46:47Z,45.56550000,6.10180000,1765.00,-798.426970591061,-1639.465329566278,2156,1,44.046,
2241,2019-05-27T10:46:48Z,45.56541667,6.10176667,1767.00,-797.426970591061,-1638.465329566278,2157,1,44.053,
2242,2019-05-27T10:46:49Z,45.56535000,6.10176667,1768.00,-796.426970591061,-1637.465329566278,2158,1,44.057,
2243,2019-05-27T10:46:50Z,45.56526667,6.10175000,1769.00,-795.426970591061,-1636.465329566278,2159,1,44.063,
2244,2019-05-27T10:46:51Z,45.56521667,6.10171667,1769.00,-794.426970591061,-1635.465329566278,2160,1,44.068,
2245,2019-05-27T10:46:52Z,45.56511667,6.10166667,1769.00,-793.426970591061,-1634.465329566278,2161,1,44.077,
2246,2019-05-27T10:46:53Z,45.56506667,6.10160000,1770.00,-792.426970591061,-1633.465329566278,2162,1,44.084,
2247,2019-05-27T10:46:54Z,45.56500000,6.10151667,1770.00,-791.426970591061,-1632.465329566278,2163,1,44.093,
2248,2019-05-27T10:46:55Z,45.56495000,6.10141667,1771.00,-790.426970591061,-1631.465329566278,2164,1,44.103,
2249,2019-05-27T10:46:56Z,45.56490000,6.10135000,1772.00,-789.426970591061,-1630.465329566278,2165,1,44.11,
2250,2019-05-27T10:46:57Z,45.56485000,6.10126667,1773.00,-788.426970591061,-1629.465329566278,2166,1,44.118,
2251,2019-05-27T10:46:58Z,45.56480000,6.10120000,1773.00,-787.426970591061,-1628.465329566278,2167,1,44.126,
2252,2019-05-27T10:46:59Z,45.56471667,6.10111667,1774.00,-786.426970591061,-1627.465329566278,2168,1,44.136,
2253,2019-05-27T10:47:00Z,45.56466667,6.10105000,1775.00,-785.426970591061,-1626.465329566278,2169,1,44.143,
2254,2019-05-27T10:47:01Z,45.56461667,6.10096667,1775.00,-784.426970591061,-1625.465329566278,2170,1,44.152,
2255,2019-05-27T10:47:02Z,45.56456667,6.10090000,1775.00,-783.426970591061,-1624.465329566278,2171,1,44.159,
2256,2019-05-27T10:47:03Z,45.56451667,6.10081667,1776.00,-782.426970591061,-1623.465329566278,2172,1,44.167,
2257,2019-05-27T10:47:04Z,45.56445000,6.10075000,1776.00,-781.426970591061,-1622.465329566278,2173,1,44.176,
2258,2019-05-27T10:47:05Z,45.56436667,6.10066667,1776.00,-780.426970591061,-1621.465329566278,2174,1,44.186,
2259,2019-05-27T10:47:06Z,45.56431667,6.10061667,1776.00,-779.426970591061,-1620.465329566278,2175,1,44.192,
2260,2019-05-27T10:47:07Z,45.56421667,6.10056667,1777.00,-778.426970591061,-1619.465329566278,2176,1,44.201,
2261,2019-05-27T10:47:08Z,45.56416667,6.10050000,1778.00,-777.426970591061,-1618.465329566278,2177,1,44.208,
2262,2019-05-27T10:47:09Z,45.56410000,6.10045000,1778.00,-776.426970591061,-1617.465329566278,2178,1,44.215,
2263,2019-05-27T10:47:10Z,45.56401667,6.10040000,1778.00,-775.426970591061,-1616.465329566278,2179,1,44.223,
2264,2019-05-27T10:47:11Z,45.56396667,6.10031667,1778.00,-774.426970591061,-1615.465329566278,2180,1,44.232,
2265,2019-05-27T10:47:12Z,45.56390000,6.10026667,1778.00,-773.426970591061,-1614.465329566278,2181,1,44.239,
2266,2019-05-27T10:47:13Z,45.56381667,6.10021667,1778.00,-772.426970591061,-1613.465329566278,2182,1,44.247,
2267,2019-05-27T10:47:14Z,45.56376667,6.10020000,1779.00,-771.426970591061,-1612.465329566278,2183,1,44.251,
2268,2019-05-27T10:47:15Z,45.56370000,6.10016667,1779.00,-770.426970591061,-1611.465329566278,2184,1,44.257,
2269,2019-05-27T10:47:16Z,45.56361667,6.10015000,1779.00,-769.426970591061,-1610.465329566278,2185,1,44.263,
2270,2019-05-27T10:47:17Z,45.56355000,6.10011667,1780.00,-768.426970591061,-1609.465329566278,2186,1,44.269,
2271,2019-05-27T10:47:18Z,45.56346667,6.10006667,1780.00,-767.426970591061,-1608.465329566278,2187,1,44.277,
2272,2019-05-27T10:47:19Z,45.56341667,6.10000000,1780.00,-766.426970591061,-1607.465329566278,2188,1,44.284,
2273,2019-05-27T10:47:20Z,45.56336667,6.09991667,1780.00,-765.426970591061,-1606.465329566278,2189,1,44.293,
2274,2019-05-27T10:47:21Z,45.56331667,6.09981667,1780.00,-764.426970591061,-1605.465329566278,2190,1,44.302,
2275,2019-05-27T10:47:22Z,45.56326667,6.09975000,1780.00,-763.426970591061,-1604.465329566278,2191,1,44.309,
2276,2019-05-27T10:47:23Z,45.56321667,6.09966667,1780.00,-762.426970591061,-1603.465329566278,2192,1,44.318,
2277,2019-05-27T10:47:24Z,45.56316667,6.09956667,1781.00,-761.426970591061,-1602.465329566278,2193,1,44.327,
2278,2019-05-27T10:47:25Z,45.56311667,6.09946667,1781.00,-760.426970591061,-1601.465329566278,2194,1,44.337,
2279,2019-05-27T10:47:26Z,45.56306667,6.09936667,1782.00,-759.426970591061,-1600.465329566278,2195,1,44.346,
2280,2019-05-27T10:47:27Z,45.56301667,6.09931667,1783.00,-758.426970591061,-1599.465329566278,2196,1,44.353,
2281,2019-05-27T10:47:28Z,45.56296667,6.09925000,1784.00,-757.426970591061,-1598.465329566278,2197,1,44.36,
2282,2019-05-27T10:47:29Z,45.56291667,6.09916667,1785.00,-756.426970591061,-1597.465329566278,2198,1,44.368,
2283,2019-05-27T10:47:30Z,45.56286667,6.09910000,1785.00,-755.426970591061,-1596.465329566278,2199,1,44.376,
2284,2019-05-27T10:47:31Z,45.56285000,6.09900000,1785.00,-754.426970591061,-1595.465329566278,2200,1,44.383,
2285,2019-05-27T10:47:32Z,45.56281667,6.09886667,1786.00,-753.426970591061,-1594.465329566278,2201,1,44.394,
2286,2019-05-27T10:47:33Z,45.56281667,6.09876667,1786.00,-752.426970591061,-1593.465329566278,2202,1,44.401,
2287,2019-05-27T10:47:34Z,45.56281667,6.09866667,1787.00,-751.426970591061,-1592.465329566278,2203,1,44.407,
2288,2019-05-27T10:47:35Z,45.56281667,6.09855000,1787.00,-750.426970591061,-1591.465329566278,2204,1,44.415,
2289,2019-05-27T10:47:36Z,45.56281667,6.09841667,1787.00,-749.426970591061,-1590.465329566278,2205,1,44.424,
2290,2019-05-27T10:47:37Z,45.56281667,6.09831667,1787.00,-748.426970591061,-1589.465329566278,2206,1,44.431,
2291,2019-05-27T10:47:38Z,45.56280000,6.09821667,1787.00,-747.426970591061,-1588.465329566278,2207,1,44.439,
2292,2019-05-27T10:47:39Z,45.56276667,6.09811667,1788.00,-746.426970591061,-1587.465329566278,2208,1,44.447,
2293,2019-05-27T10:47:40Z,45.56271667,6.09801667,1788.00,-745.426970591061,-1586.465329566278,2209,1,44.457,
2294,2019-05-27T10:47:41Z,45.56266667,6.09791667,1788.00,-744.426970591061,-1585.465329566278,2210,1,44.466,
2295,2019-05-27T10:47:42Z,45.56261667,6.09786667,1788.00,-743.426970591061,-1584.465329566278,2211,1,44.472,
2296,2019-05-27T10:47:43Z,45.56251667,6.09781667,1787.00,-742.426970591061,-1583.465329566278,2212,1,44.481,
2297,2019-05-27T10:47:44Z,45.56245000,6.09781667,1788.00,-741.426970591061,-1582.465329566278,2213,1,44.485,
2298,2019-05-27T10:47:45Z,45.56236667,6.09781667,1789.00,-740.426970591061,-1581.465329566278,2214,1,44.49,
2299,2019-05-27T10:47:46Z,45.56226667,6.09786667,1790.00,-739.426970591061,-1580.465329566278,2215,1,44.492,
2300,2019-05-27T10:47:47Z,45.56221667,6.09795000,1790.00,-738.426970591061,-1579.465329566278,2216,1,44.49,
2301,2019-05-27T10:47:48Z,45.56215000,6.09801667,1791.00,-737.426970591061,-1578.465329566278,2217,1,44.489,
2302,2019-05-27T10:47:49Z,45.56210000,6.09815000,1791.00,-736.426970591061,-1577.465329566278,2218,1,44.483,
2303,2019-05-27T10:47:50Z,45.56206667,6.09826667,1791.00,-735.426970591061,-1576.465329566278,2219,1,44.477,
2304,2019-05-27T10:47:51Z,45.56205000,6.09841667,1791.00,-734.426970591061,-1575.465329566278,2220,1,44.468,
2305,2019-05-27T10:47:52Z,45.56201667,6.09856667,1792.00,-733.426970591061,-1574.465329566278,2221,1,44.46,
2306,2019-05-27T10:47:53Z,45.56201667,6.09870000,1792.00,-732.426970591061,-1573.465329566278,2222,1,44.451,
2307,2019-05-27T10:47:54Z,45.56205000,6.09881667,1793.00,-731.426970591061,-1572.465329566278,2223,1,44.441,
2308,2019-05-27T10:47:55Z,45.56206667,6.09895000,1794.00,-730.426970591061,-1571.465329566278,2224,1,44.431,
2309,2019-05-27T10:47:56Z,45.56215000,6.09905000,1794.00,-729.426970591061,-1570.465329566278,2225,1,44.42,
2310,2019-05-27T10:47:57Z,45.56225000,6.09911667,1794.00,-728.426970591061,-1569.465329566278,2226,1,44.41,
2311,2019-05-27T10:47:58Z,45.56236667,6.09916667,1794.00,-727.426970591061,-1568.465329566278,2227,1,44.4,
2312,2019-05-27T10:47:59Z,45.56246667,6.09911667,1795.00,-726.426970591061,-1567.465329566278,2228,1,44.397,
2313,2019-05-27T10:48:00Z,45.56255000,6.09901667,1796.00,-725.426970591061,-1566.465329566278,2229,1,44.399,
2314,2019-05-27T10:48:01Z,45.56261667,6.09890000,1796.00,-724.426970591061,-1565.465329566278,2230,1,44.403,
2315,2019-05-27T10:48:02Z,45.56265000,6.09876667,1797.00,-723.426970591061,-1564.465329566278,2231,1,44.41,
2316,2019-05-27T10:48:03Z,45.56261667,6.09861667,1798.00,-722.426970591061,-1563.465329566278,2232,1,44.422,
2317,2019-05-27T10:48:04Z,45.56260000,6.09851667,1798.00,-721.426970591061,-1562.465329566278,2233,1,44.43,
2318,2019-05-27T10:48:05Z,45.56255000,6.09841667,1798.00,-720.426970591061,-1561.465329566278,2234,1,44.439,
2319,2019-05-27T10:48:06Z,45.56250000,6.09836667,1799.00,-719.426970591061,-1560.465329566278,2235,1,44.446,
2320,2019-05-27T10:48:07Z,45.56241667,6.09826667,1800.00,-718.426970591061,-1559.465329566278,2236,1,44.457,
2321,2019-05-27T10:48:08Z,45.56236667,6.09821667,1800.00,-717.426970591061,-1558.465329566278,2237,1,44.463,
2322,2019-05-27T10:48:09Z,45.56230000,6.09816667,1800.00,-716.426970591061,-1557.465329566278,2238,1,44.47,
2323,2019-05-27T10:48:10Z,45.56221667,6.09811667,1801.00,-715.426970591061,-1556.465329566278,2239,1,44.478,
2324,2019-05-27T10:48:11Z,45.56211667,6.09810000,1801.00,-714.426970591061,-1555.465329566278,2240,1,44.485,
2325,2019-05-27T10:48:12Z,45.56205000,6.09806667,1801.00,-713.426970591061,-1554.465329566278,2241,1,44.491,
2326,2019-05-27T10:48:13Z,45.56191667,6.09801667,1800.00,-712.426970591061,-1553.465329566278,2242,1,44.502,
2327,2019-05-27T10:48:14Z,45.56181667,6.09800000,1800.00,-711.426970591061,-1552.465329566278,2243,1,44.509,
2328,2019-05-27T10:48:15Z,45.56171667,6.09795000,1801.00,-710.426970591061,-1551.465329566278,2244,1,44.518,
2329,2019-05-27T10:48:16Z,45.56165000,6.09791667,1803.00,-709.426970591061,-1550.465329566278,2245,1,44.524,
2330,2019-05-27T10:48:17Z,45.56156667,6.09791667,1804.00,-708.426970591061,-1549.465329566278,2246,1,44.529,
2331,2019-05-27T10:48:18Z,45.56151667,6.09791667,1805.00,-707.426970591061,-1548.465329566278,2247,1,44.532,
2332,2019-05-27T10:48:19Z,45.56141667,6.09795000,1805.00,-706.426970591061,-1547.465329566278,2248,1,44.535,
2333,2019-05-27T10:48:20Z,45.56131667,6.09796667,1804.00,-705.426970591061,-1546.465329566278,2249,1,44.54,
2334,2019-05-27T10:48:21Z,45.56125000,6.09801667,1805.00,-704.426970591061,-1545.465329566278,2250,1,44.54,
2335,2019-05-27T10:48:22Z,45.56116667,6.09806667,1806.00,-703.426970591061,-1544.465329566278,2251,1,44.542,
2336,2019-05-27T10:48:23Z,45.56111667,6.09815000,1808.00,-702.426970591061,-1543.465329566278,2252,1,44.539,
2337,2019-05-27T10:48:24Z,45.56106667,6.09821667,1810.00,-701.426970591061,-1542.465329566278,2253,1,44.538,
2338,2019-05-27T10:48:25Z,45.56105000,6.09831667,1811.00,-700.426970591061,-1541.465329566278,2254,1,44.532,
2339,2019-05-27T10:48:26Z,45.56100000,6.09840000,1812.00,-699.426970591061,-1540.465329566278,2255,1,44.529,
2340,2019-05-27T10:48:27Z,45.56091667,6.09846667,1813.00,-698.426970591061,-1539.465329566278,2256,1,44.53,
2341,2019-05-27T10:48:28Z,45.56086667,6.09856667,1815.00,-697.426970591061,-1538.465329566278,2257,1,44.526,
2342,2019-05-27T10:48:29Z,45.56081667,6.09861667,1816.00,-696.426970591061,-1537.465329566278,2258,1,44.526,
2343,2019-05-27T10:48:30Z,45.56075000,6.09870000,1817.00,-695.426970591061,-1536.465329566278,2259,1,44.524,
2344,2019-05-27T10:48:31Z,45.56070000,6.09876667,1818.00,-694.426970591061,-1535.465329566278,2260,1,44.523,
2345,2019-05-27T10:48:32Z,45.56061667,6.09881667,1818.00,-693.426970591061,-1534.465329566278,2261,1,44.524,
2346,2019-05-27T10:48:33Z,45.56056667,6.09890000,1819.00,-692.426970591061,-1533.465329566278,2262,1,44.521,
2347,2019-05-27T10:48:34Z,45.56051667,6.09896667,1820.00,-691.426970591061,-1532.465329566278,2263,1,44.52,
2348,2019-05-27T10:48:35Z,45.56045000,6.09901667,1820.00,-690.426970591061,-1531.465329566278,2264,1,44.521,
2349,2019-05-27T10:48:36Z,45.56036667,6.09906667,1821.00,-689.426970591061,-1530.465329566278,2265,1,44.522,
2350,2019-05-27T10:48:37Z,45.56031667,6.09911667,1821.00,-688.426970591061,-1529.465329566278,2266,1,44.522,
2351,2019-05-27T10:48:38Z,45.56021667,6.09911667,1820.00,-687.426970591061,-1528.465329566278,2267,1,44.528,
2352,2019-05-27T10:48:39Z,45.56015000,6.09915000,1819.00,-686.426970591061,-1527.465329566278,2268,1,44.529,
2353,2019-05-27T10:48:40Z,45.56006667,6.09915000,1817.00,-685.426970591061,-1526.465329566278,2269,1,44.534,
2354,2019-05-27T10:48:41Z,45.55996667,6.09911667,1816.00,-684.426970591061,-1525.465329566278,2270,1,44.542,
2355,2019-05-27T10:48:42Z,45.55986667,6.09911667,1814.00,-683.426970591061,-1524.465329566278,2271,1,44.548,
2356,2019-05-27T10:48:43Z,45.55980000,6.09906667,1813.00,-682.426970591061,-1523.465329566278,2272,1,44.555,
2357,2019-05-27T10:48:44Z,45.55971667,6.09905000,1811.00,-681.426970591061,-1522.465329566278,2273,1,44.562,
2358,2019-05-27T10:48:45Z,45.55965000,6.09901667,1810.00,-680.426970591061,-1521.465329566278,2274,1,44.568,
2359,2019-05-27T10:48:46Z,45.55956667,6.09896667,1808.00,-679.426970591061,-1520.465329566278,2275,1,44.576,
2360,2019-05-27T10:48:47Z,45.55946667,6.09895000,1807.00,-678.426970591061,-1519.465329566278,2276,1,44.583,
2361,2019-05-27T10:48:48Z,45.55940000,6.09886667,1805.00,-677.426970591061,-1518.465329566278,2277,1,44.592,
2362,2019-05-27T10:48:49Z,45.55931667,6.09880000,1802.00,-676.426970591061,-1517.465329566278,2278,1,44.602,
2363,2019-05-27T10:48:50Z,45.55926667,6.09866667,1800.00,-675.426970591061,-1516.465329566278,2279,1,44.613,
2364,2019-05-27T10:48:51Z,45.55925000,6.09856667,1797.00,-674.426970591061,-1515.465329566278,2280,1,44.621,
2365,2019-05-27T10:48:52Z,45.55925000,6.09841667,1795.00,-673.426970591061,-1514.465329566278,2281,1,44.631,
2366,2019-05-27T10:48:53Z,45.55925000,6.09831667,1793.00,-672.426970591061,-1513.465329566278,2282,1,44.637,
2367,2019-05-27T10:48:54Z,45.55930000,6.09821667,1790.00,-671.426970591061,-1512.465329566278,2283,1,44.641,
2368,2019-05-27T10:48:55Z,45.55936667,6.09811667,1788.00,-670.426970591061,-1511.465329566278,2284,1,44.644,
2369,2019-05-27T10:48:56Z,45.55945000,6.09805000,1787.00,-669.426970591061,-1510.465329566278,2285,1,44.643,
2370,2019-05-27T10:48:57Z,45.55951667,6.09801667,1788.00,-668.426970591061,-1509.465329566278,2286,1,44.642,
2371,2019-05-27T10:48:58Z,45.55960000,6.09805000,1789.00,-667.426970591061,-1508.465329566278,2287,1,44.634,
2372,2019-05-27T10:48:59Z,45.55965000,6.09810000,1790.00,-666.426970591061,-1507.465329566278,2288,1,44.628,
2373,2019-05-27T10:49:00Z,45.55970000,6.09816667,1791.00,-665.426970591061,-1506.465329566278,2289,1,44.621,
2374,2019-05-27T10:49:01Z,45.55971667,6.09825000,1791.00,-664.426970591061,-1505.465329566278,2290,1,44.614,
2375,2019-05-27T10:49:02Z,45.55976667,6.09836667,1790.00,-663.426970591061,-1504.465329566278,2291,1,44.604,
2376,2019-05-27T10:49:03Z,45.55976667,6.09846667,1790.00,-662.426970591061,-1503.465329566278,2292,1,44.597,
2377,2019-05-27T10:49:04Z,45.55976667,6.09861667,1788.00,-661.426970591061,-1502.465329566278,2293,1,44.587,
2378,2019-05-27T10:49:05Z,45.55971667,6.09875000,1788.00,-660.426970591061,-1501.465329566278,2294,1,44.581,
2379,2019-05-27T10:49:06Z,45.55970000,6.09885000,1788.00,-659.426970591061,-1500.465329566278,2295,1,44.576,
2380,2019-05-27T10:49:07Z,45.55961667,6.09891667,1788.00,-658.426970591061,-1499.465329566278,2296,1,44.576,
2381,2019-05-27T10:49:08Z,45.55955000,6.09900000,1788.00,-657.426970591061,-1498.465329566278,2297,1,44.575,
2382,2019-05-27T10:49:09Z,45.55945000,6.09901667,1788.00,-656.426970591061,-1497.465329566278,2298,1,44.579,
2383,2019-05-27T10:49:10Z,45.55936667,6.09906667,1787.00,-655.426970591061,-1496.465329566278,2299,1,44.581,
2384,2019-05-27T10:49:11Z,45.55926667,6.09906667,1786.00,-654.426970591061,-1495.465329566278,2300,1,44.587,
2385,2019-05-27T10:49:12Z,45.55916667,6.09906667,1785.00,-653.426970591061,-1494.465329566278,2301,1,44.593,
2386,2019-05-27T10:49:13Z,45.55910000,6.09906667,1783.00,-652.426970591061,-1493.465329566278,2302,1,44.597,
2387,2019-05-27T10:49:14Z,45.55900000,6.09910000,1780.00,-651.426970591061,-1492.465329566278,2303,1,44.601,
2388,2019-05-27T10:49:15Z,45.55890000,6.09911667,1778.00,-650.426970591061,-1491.465329566278,2304,1,44.606,
2389,2019-05-27T10:49:16Z,45.55881667,6.09916667,1776.00,-649.426970591061,-1490.465329566278,2305,1,44.607,
2390,2019-05-27T10:49:17Z,45.55871667,6.09921667,1774.00,-648.426970591061,-1489.465329566278,2306,1,44.61,
2391,2019-05-27T10:49:18Z,45.55866667,6.09931667,1771.00,-647.426970591061,-1488.465329566278,2307,1,44.606,
2392,2019-05-27T10:49:19Z,45.55860000,6.09945000,1769.00,-646.426970591061,-1487.465329566278,2308,1,44.602,
2393,2019-05-27T10:49:20Z,45.55855000,6.09956667,1766.00,-645.426970591061,-1486.465329566278,2309,1,44.597,
2394,2019-05-27T10:49:21Z,45.55850000,6.09970000,1764.00,-644.426970591061,-1485.465329566278,2310,1,44.591,
2395,2019-05-27T10:49:22Z,45.55845000,6.09981667,1763.00,-643.426970591061,-1484.465329566278,2311,1,44.587,
2396,2019-05-27T10:49:23Z,45.55841667,6.09996667,1761.00,-642.426970591061,-1483.465329566278,2312,1,44.579,
2397,2019-05-27T10:49:24Z,45.55841667,6.10011667,1759.00,-641.426970591061,-1482.465329566278,2313,1,44.569,
2398,2019-05-27T10:49:25Z,45.55845000,6.10025000,1757.00,-640.426970591061,-1481.465329566278,2314,1,44.558,
2399,2019-05-27T10:49:26Z,45.55846667,6.10036667,1755.00,-639.426970591061,-1480.465329566278,2315,1,44.55,
2400,2019-05-27T10:49:27Z,45.55846667,6.10051667,1754.00,-638.426970591061,-1479.465329566278,2316,1,44.54,
2401,2019-05-27T10:49:28Z,45.55846667,6.10061667,1754.00,-637.426970591061,-1478.465329566278,2317,1,44.533,
2402,2019-05-27T10:49:29Z,45.55851667,6.10071667,1755.00,-636.426970591061,-1477.465329566278,2318,1,44.524,
2403,2019-05-27T10:49:30Z,45.55851667,6.10081667,1754.00,-635.426970591061,-1476.465329566278,2319,1,44.517,
2404,2019-05-27T10:49:31Z,45.55856667,6.10091667,1754.00,-634.426970591061,-1475.465329566278,2320,1,44.508,
2405,2019-05-27T10:49:32Z,45.55860000,6.10105000,1752.00,-633.426970591061,-1474.465329566278,2321,1,44.497,
2406,2019-05-27T10:49:33Z,45.55861667,6.10120000,1750.00,-632.426970591061,-1473.465329566278,2322,1,44.486,
2407,2019-05-27T10:49:34Z,45.55865000,6.10131667,1749.00,-631.426970591061,-1472.465329566278,2323,1,44.477,
2408,2019-05-27T10:49:35Z,45.55870000,6.10141667,1749.00,-630.426970591061,-1471.465329566278,2324,1,44.467,
2409,2019-05-27T10:49:36Z,45.55871667,6.10150000,1749.00,-629.426970591061,-1470.465329566278,2325,1,44.461,
2410,2019-05-27T10:49:37Z,45.55880000,6.10156667,1749.00,-628.426970591061,-1469.465329566278,2326,1,44.451,
2411,2019-05-27T10:49:38Z,45.55885000,6.10161667,1750.00,-627.426970591061,-1468.465329566278,2327,1,44.445,
2412,2019-05-27T10:49:39Z,45.55890000,6.10166667,1750.00,-626.426970591061,-1467.465329566278,2328,1,44.439,
2413,2019-05-27T10:49:40Z,45.55891667,6.10171667,1750.00,-625.426970591061,-1466.465329566278,2329,1,44.434,
2414,2019-05-27T10:49:41Z,45.55896667,6.10180000,1749.00,-624.426970591061,-1465.465329566278,2330,1,44.426,
2415,2019-05-27T10:49:42Z,45.55901667,6.10185000,1749.00,-623.426970591061,-1464.465329566278,2331,1,44.42,
2416,2019-05-27T10:49:43Z,45.55906667,6.10190000,1748.00,-622.426970591061,-1463.465329566278,2332,1,44.413,
2417,2019-05-27T10:49:44Z,45.55915000,6.10191667,1747.00,-621.426970591061,-1462.465329566278,2333,1,44.407,
2418,2019-05-27T10:49:45Z,45.55921667,6.10191667,1747.00,-620.426970591061,-1461.465329566278,2334,1,44.403,
2419,2019-05-27T10:49:46Z,45.55926667,6.10191667,1748.00,-619.426970591061,-1460.465329566278,2335,1,44.4,
2420,2019-05-27T10:49:47Z,45.55931667,6.10190000,1748.00,-618.426970591061,-1459.465329566278,2336,1,44.398,
2421,2019-05-27T10:49:48Z,45.55936667,6.10186667,1749.00,-617.426970591061,-1458.465329566278,2337,1,44.397,
2422,2019-05-27T10:49:49Z,45.55941667,6.10185000,1748.00,-616.426970591061,-1457.465329566278,2338,1,44.395,
2423,2019-05-27T10:49:50Z,45.55950000,6.10180000,1748.00,-615.426970591061,-1456.465329566278,2339,1,44.394,
2424,2019-05-27T10:49:51Z,45.55956667,6.10175000,1747.00,-614.426970591061,-1455.465329566278,2340,1,44.393,
2425,2019-05-27T10:49:52Z,45.55961667,6.10166667,1747.00,-613.426970591061,-1454.465329566278,2341,1,44.395,
2426,2019-05-27T10:49:53Z,45.55970000,6.10161667,1747.00,-612.426970591061,-1453.465329566278,2342,1,44.394,
2427,2019-05-27T10:49:54Z,45.55975000,6.10151667,1746.00,-611.426970591061,-1452.465329566278,2343,1,44.397,
2428,2019-05-27T10:49:55Z,45.55980000,6.10145000,1744.00,-610.426970591061,-1451.465329566278,2344,1,44.399,
2429,2019-05-27T10:49:56Z,45.55985000,6.10136667,1743.00,-609.426970591061,-1450.465329566278,2345,1,44.401,
2430,2019-05-27T10:49:57Z,45.55991667,6.10131667,1742.00,-608.426970591061,-1449.465329566278,2346,1,44.4,
2431,2019-05-27T10:49:58Z,45.55996667,6.10125000,1742.00,-607.426970591061,-1448.465329566278,2347,1,44.402,
2432,2019-05-27T10:49:59Z,45.56005000,6.10121667,1742.00,-606.426970591061,-1447.465329566278,2348,1,44.399,
2433,2019-05-27T10:50:00Z,45.56011667,6.10116667,1742.00,-605.426970591061,-1446.465329566278,2349,1,44.398,
2434,2019-05-27T10:50:01Z,45.56016667,6.10115000,1742.00,-604.426970591061,-1445.465329566278,2350,1,44.397,
2435,2019-05-27T10:50:02Z,45.56025000,6.10110000,1741.00,-603.426970591061,-1444.465329566278,2351,1,44.395,
2436,2019-05-27T10:50:03Z,45.56035000,6.10106667,1739.00,-602.426970591061,-1443.465329566278,2352,1,44.391,
2437,2019-05-27T10:50:04Z,45.56041667,6.10101667,1737.00,-601.426970591061,-1442.465329566278,2353,1,44.39,
2438,2019-05-27T10:50:05Z,45.56051667,6.10101667,1736.00,-600.426970591061,-1441.465329566278,2354,1,44.385,
2439,2019-05-27T10:50:06Z,45.56061667,6.10101667,1735.00,-599.426970591061,-1440.465329566278,2355,1,44.379,
2440,2019-05-27T10:50:07Z,45.56070000,6.10100000,1736.00,-598.426970591061,-1439.465329566278,2356,1,44.375,
2441,2019-05-27T10:50:08Z,45.56076667,6.10096667,1736.00,-597.426970591061,-1438.465329566278,2357,1,44.373,
2442,2019-05-27T10:50:09Z,45.56081667,6.10090000,1735.00,-596.426970591061,-1437.465329566278,2358,1,44.375,
2443,2019-05-27T10:50:10Z,45.56090000,6.10081667,1735.00,-595.426970591061,-1436.465329566278,2359,1,44.375,
2444,2019-05-27T10:50:11Z,45.56096667,6.10071667,1734.00,-594.426970591061,-1435.465329566278,2360,1,44.378,
2445,2019-05-27T10:50:12Z,45.56101667,6.10061667,1734.00,-593.426970591061,-1434.465329566278,2361,1,44.382,
2446,2019-05-27T10:50:13Z,45.56110000,6.10050000,1735.00,-592.426970591061,-1433.465329566278,2362,1,44.384,
2447,2019-05-27T10:50:14Z,45.56115000,6.10040000,1737.00,-591.426970591061,-1432.465329566278,2363,1,44.388,
2448,2019-05-27T10:50:15Z,45.56120000,6.10026667,1738.00,-590.426970591061,-1431.465329566278,2364,1,44.394,
2449,2019-05-27T10:50:16Z,45.56121667,6.10011667,1739.00,-589.426970591061,-1430.465329566278,2365,1,44.403,
2450,2019-05-27T10:50:17Z,45.56126667,6.09996667,1740.00,-588.426970591061,-1429.465329566278,2366,1,44.41,
2451,2019-05-27T10:50:18Z,45.56126667,6.09981667,1741.00,-587.426970591061,-1428.465329566278,2367,1,44.42,
2452,2019-05-27T10:50:19Z,45.56130000,6.09966667,1742.00,-586.426970591061,-1427.465329566278,2368,1,44.428,
2453,2019-05-27T10:50:20Z,45.56126667,6.09955000,1743.00,-585.426970591061,-1426.465329566278,2369,1,44.438,
2454,2019-05-27T10:50:21Z,45.56125000,6.09940000,1743.00,-584.426970591061,-1425.465329566278,2370,1,44.449,
2455,2019-05-27T10:50:22Z,45.56121667,6.09926667,1743.00,-583.426970591061,-1424.465329566278,2371,1,44.459,
2456,2019-05-27T10:50:23Z,45.56116667,6.09915000,1743.00,-582.426970591061,-1423.465329566278,2372,1,44.47,
2457,2019-05-27T10:50:24Z,45.56110000,6.09901667,1742.00,-581.426970591061,-1422.465329566278,2373,1,44.483,
2458,2019-05-27T10:50:25Z,45.56101667,6.09891667,1742.00,-580.426970591061,-1421.465329566278,2374,1,44.494,
2459,2019-05-27T10:50:26Z,45.56095000,6.09881667,1741.00,-579.426970591061,-1420.465329566278,2375,1,44.505,
2460,2019-05-27T10:50:27Z,45.56086667,6.09875000,1741.00,-578.426970591061,-1419.465329566278,2376,1,44.514,
2461,2019-05-27T10:50:28Z,45.56080000,6.09870000,1741.00,-577.426970591061,-1418.465329566278,2377,1,44.521,
2462,2019-05-27T10:50:29Z,45.56071667,6.09865000,1741.00,-576.426970591061,-1417.465329566278,2378,1,44.529,
2463,2019-05-27T10:50:30Z,45.56065000,6.09861667,1741.00,-575.426970591061,-1416.465329566278,2379,1,44.535,
2464,2019-05-27T10:50:31Z,45.56056667,6.09860000,1740.00,-574.426970591061,-1415.465329566278,2380,1,44.541,
2465,2019-05-27T10:50:32Z,45.56046667,6.09860000,1740.00,-573.426970591061,-1414.465329566278,2381,1,44.547,
2466,2019-05-27T10:50:33Z,45.56036667,6.09861667,1740.00,-572.426970591061,-1413.465329566278,2382,1,44.552,
2467,2019-05-27T10:50:34Z,45.56030000,6.09866667,1740.00,-571.426970591061,-1412.465329566278,2383,1,44.553,
2468,2019-05-27T10:50:35Z,45.56021667,6.09871667,1740.00,-570.426970591061,-1411.465329566278,2384,1,44.554,
2469,2019-05-27T10:50:36Z,45.56016667,6.09881667,1741.00,-569.426970591061,-1410.465329566278,2385,1,44.55,
2470,2019-05-27T10:50:37Z,45.56015000,6.09895000,1740.00,-568.426970591061,-1409.465329566278,2386,1,44.543,
2471,2019-05-27T10:50:38Z,45.56011667,6.09906667,1741.00,-567.426970591061,-1408.465329566278,2387,1,44.537,
2472,2019-05-27T10:50:39Z,45.56006667,6.09920000,1741.00,-566.426970591061,-1407.465329566278,2388,1,44.531,
2473,2019-05-27T10:50:40Z,45.56005000,6.09931667,1742.00,-565.426970591061,-1406.465329566278,2389,1,44.524,
2474,2019-05-27T10:50:41Z,45.56001667,6.09941667,1744.00,-564.426970591061,-1405.465329566278,2390,1,44.52,
2475,2019-05-27T10:50:42Z,45.56001667,6.09950000,1746.00,-563.426970591061,-1404.465329566278,2391,1,44.514,
2476,2019-05-27T10:50:43Z,45.56001667,6.09956667,1746.00,-562.426970591061,-1403.465329566278,2392,1,44.51,
2477,2019-05-27T10:50:44Z,45.56001667,6.09966667,1745.00,-561.426970591061,-1402.465329566278,2393,1,44.503,
2478,2019-05-27T10:50:45Z,45.56005000,6.09976667,1744.00,-560.426970591061,-1401.465329566278,2394,1,44.495,
2479,2019-05-27T10:50:46Z,45.56006667,6.09986667,1742.00,-559.426970591061,-1400.465329566278,2395,1,44.487,
2480,2019-05-27T10:50:47Z,45.56010000,6.09996667,1741.00,-558.426970591061,-1399.465329566278,2396,1,44.478,
2481,2019-05-27T10:50:48Z,45.56011667,6.10006667,1740.00,-557.426970591061,-1398.465329566278,2397,1,44.471,
2482,2019-05-27T10:50:49Z,45.56016667,6.10011667,1740.00,-556.426970591061,-1397.465329566278,2398,1,44.465,
2483,2019-05-27T10:50:50Z,45.56020000,6.10016667,1739.00,-555.426970591061,-1396.465329566278,2399,1,44.459,
2484,2019-05-27T10:50:51Z,45.56021667,6.10026667,1737.00,-554.426970591061,-1395.465329566278,2400,1,44.452,
2485,2019-05-27T10:50:52Z,45.56025000,6.10036667,1734.00,-553.426970591061,-1394.465329566278,2401,1,44.443,
2486,2019-05-27T10:50:53Z,45.56026667,6.10051667,1731.00,-552.426970591061,-1393.465329566278,2402,1,44.432,
2487,2019-05-27T10:50:54Z,45.56026667,6.10066667,1728.00,-551.426970591061,-1392.465329566278,2403,1,44.422,
2488,2019-05-27T10:50:55Z,45.56026667,6.10081667,1726.00,-550.426970591061,-1391.465329566278,2404,1,44.413,
2489,2019-05-27T10:50:56Z,45.56026667,6.10096667,1726.00,-549.426970591061,-1390.465329566278,2405,1,44.403,
2490,2019-05-27T10:50:57Z,45.56026667,6.10106667,1725.00,-548.426970591061,-1389.465329566278,2406,1,44.396,
2491,2019-05-27T10:50:58Z,45.56026667,6.10120000,1723.00,-547.426970591061,-1388.465329566278,2407,1,44.387,
2492,2019-05-27T10:50:59Z,45.56026667,6.10131667,1720.00,-546.426970591061,-1387.465329566278,2408,1,44.38,
2493,2019-05-27T10:51:00Z,45.56031667,6.10146667,1716.00,-545.426970591061,-1386.465329566278,2409,1,44.367,
2494,2019-05-27T10:51:01Z,45.56036667,6.10161667,1715.00,-544.426970591061,-1385.465329566278,2410,1,44.354,
2495,2019-05-27T10:51:02Z,45.56045000,6.10175000,1717.00,-543.426970591061,-1384.465329566278,2411,1,44.34,
2496,2019-05-27T10:51:03Z,45.56050000,6.10185000,1720.00,-542.426970591061,-1383.465329566278,2412,1,44.331,
2497,2019-05-27T10:51:04Z,45.56051667,6.10191667,1725.00,-541.426970591061,-1382.465329566278,2413,1,44.325,
2498,2019-05-27T10:51:05Z,45.56056667,6.10201667,1729.00,-540.426970591061,-1381.465329566278,2414,1,44.316,
2499,2019-05-27T10:51:06Z,45.56061667,6.10210000,1733.00,-539.426970591061,-1380.465329566278,2415,1,44.307,
2500,2019-05-27T10:51:07Z,45.56066667,6.10220000,1737.00,-538.426970591061,-1379.465329566278,2416,1,44.298,
2501,2019-05-27T10:51:08Z,45.56071667,6.10231667,1740.00,-537.426970591061,-1378.465329566278,2417,1,44.287,
2502,2019-05-27T10:51:09Z,45.56076667,6.10241667,1743.00,-536.426970591061,-1377.465329566278,2418,1,44.277,
2503,2019-05-27T10:51:10Z,45.56076667,6.10251667,1746.00,-535.426970591061,-1376.465329566278,2419,1,44.271,
2504,2019-05-27T10:51:11Z,45.56081667,6.10265000,1749.00,-534.426970591061,-1375.465329566278,2420,1,44.259,
2505,2019-05-27T10:51:12Z,45.56085000,6.10276667,1751.00,-533.426970591061,-1374.465329566278,2421,1,44.25,
2506,2019-05-27T10:51:13Z,45.56086667,6.10290000,1753.00,-532.426970591061,-1373.465329566278,2422,1,44.24,
2507,2019-05-27T10:51:14Z,45.56091667,6.10301667,1755.00,-531.426970591061,-1372.465329566278,2423,1,44.229,
2508,2019-05-27T10:51:15Z,45.56091667,6.10316667,1756.00,-530.426970591061,-1371.465329566278,2424,1,44.219,
2509,2019-05-27T10:51:16Z,45.56090000,6.10330000,1757.00,-529.426970591061,-1370.465329566278,2425,1,44.211,
2510,2019-05-27T10:51:17Z,45.56086667,6.10345000,1758.00,-528.426970591061,-1369.465329566278,2426,1,44.204,
2511,2019-05-27T10:51:18Z,45.56081667,6.10356667,1759.00,-527.426970591061,-1368.465329566278,2427,1,44.199,
2512,2019-05-27T10:51:19Z,45.56075000,6.10365000,1762.00,-526.426970591061,-1367.465329566278,2428,1,44.197,
2513,2019-05-27T10:51:20Z,45.56066667,6.10370000,1764.00,-525.426970591061,-1366.465329566278,2429,1,44.199,
2514,2019-05-27T10:51:21Z,45.56060000,6.10371667,1764.00,-524.426970591061,-1365.465329566278,2430,1,44.202,
2515,2019-05-27T10:51:22Z,45.56051667,6.10371667,1765.00,-523.426970591061,-1364.465329566278,2431,1,44.207,
2516,2019-05-27T10:51:23Z,45.56045000,6.10371667,1766.00,-522.426970591061,-1363.465329566278,2432,1,44.211,
2517,2019-05-27T10:51:24Z,45.56036667,6.10371667,1768.00,-521.426970591061,-1362.465329566278,2433,1,44.216,
2518,2019-05-27T10:51:25Z,45.56031667,6.10375000,1770.00,-520.426970591061,-1361.465329566278,2434,1,44.217,
2519,2019-05-27T10:51:26Z,45.56025000,6.10376667,1772.00,-519.426970591061,-1360.465329566278,2435,1,44.22,
2520,2019-05-27T10:51:27Z,45.56016667,6.10375000,1774.00,-518.426970591061,-1359.465329566278,2436,1,44.226,
2521,2019-05-27T10:51:28Z,45.56011667,6.10371667,1775.00,-517.426970591061,-1358.465329566278,2437,1,44.231,
2522,2019-05-27T10:51:29Z,45.56005000,6.10370000,1775.00,-516.426970591061,-1357.465329566278,2438,1,44.236,
2523,2019-05-27T10:51:30Z,45.55996667,6.10366667,1776.00,-515.426970591061,-1356.465329566278,2439,1,44.243,
2524,2019-05-27T10:51:31Z,45.55986667,6.10366667,1776.00,-514.426970591061,-1355.465329566278,2440,1,44.249,
2525,2019-05-27T10:51:32Z,45.55980000,6.10366667,1777.00,-513.426970591061,-1354.465329566278,2441,1,44.253,
2526,2019-05-27T10:51:33Z,45.55971667,6.10366667,1777.00,-512.426970591061,-1353.465329566278,2442,1,44.259,
2527,2019-05-27T10:51:34Z,45.55961667,6.10366667,1777.00,-511.426970591061,-1352.465329566278,2443,1,44.265,
2528,2019-05-27T10:51:35Z,45.55956667,6.10366667,1778.00,-510.426970591061,-1351.465329566278,2444,1,44.268,
2529,2019-05-27T10:51:36Z,45.55950000,6.10361667,1777.00,-509.426970591061,-1350.465329566278,2445,1,44.275,
2530,2019-05-27T10:51:37Z,45.55941667,6.10351667,1775.00,-508.426970591061,-1349.465329566278,2446,1,44.287,
2531,2019-05-27T10:51:38Z,45.55936667,6.10341667,1773.00,-507.426970591061,-1348.465329566278,2447,1,44.296,
2532,2019-05-27T10:51:39Z,45.55931667,6.10331667,1771.00,-506.426970591061,-1347.465329566278,2448,1,44.306,
2533,2019-05-27T10:51:40Z,45.55930000,6.10320000,1770.00,-505.426970591061,-1346.465329566278,2449,1,44.314,
2534,2019-05-27T10:51:41Z,45.55926667,6.10310000,1769.00,-504.426970591061,-1345.465329566278,2450,1,44.323,
2535,2019-05-27T10:51:42Z,45.55921667,6.10300000,1768.00,-503.426970591061,-1344.465329566278,2451,1,44.332,
2536,2019-05-27T10:51:43Z,45.55920000,6.10290000,1766.00,-502.426970591061,-1343.465329566278,2452,1,44.34,
2537,2019-05-27T10:51:44Z,45.55916667,6.10280000,1764.00,-501.426970591061,-1342.465329566278,2453,1,44.348,
2538,2019-05-27T10:51:45Z,45.55915000,6.10270000,1763.00,-500.426970591061,-1341.465329566278,2454,1,44.356,
2539,2019-05-27T10:51:46Z,45.55911667,6.10260000,1761.00,-499.426970591061,-1340.465329566278,2455,1,44.365,
2540,2019-05-27T10:51:47Z,45.55910000,6.10246667,1760.00,-498.426970591061,-1339.465329566278,2456,1,44.374,
2541,2019-05-27T10:51:48Z,45.55910000,6.10236667,1758.00,-497.426970591061,-1338.465329566278,2457,1,44.381,
2542,2019-05-27T10:51:49Z,45.55906667,6.10226667,1758.00,-496.426970591061,-1337.465329566278,2458,1,44.389,
2543,2019-05-27T10:51:50Z,45.55906667,6.10216667,1758.00,-495.426970591061,-1336.465329566278,2459,1,44.396,
2544,2019-05-27T10:51:51Z,45.55906667,6.10210000,1758.00,-494.426970591061,-1335.465329566278,2460,1,44.4,
2545,2019-05-27T10:51:52Z,45.55905000,6.10201667,1758.00,-493.426970591061,-1334.465329566278,2461,1,44.407,
2546,2019-05-27T10:51:53Z,45.55905000,6.10191667,1758.00,-492.426970591061,-1333.465329566278,2462,1,44.413,
2547,2019-05-27T10:51:54Z,45.55905000,6.10185000,1758.00,-491.426970591061,-1332.465329566278,2463,1,44.418,
2548,2019-05-27T10:51:55Z,45.55905000,6.10176667,1758.00,-490.426970591061,-1331.465329566278,2464,1,44.423,
2549,2019-05-27T10:51:56Z,45.55906667,6.10166667,1758.00,-489.426970591061,-1330.465329566278,2465,1,44.429,
2550,2019-05-27T10:51:57Z,45.55906667,6.10156667,1758.00,-488.426970591061,-1329.465329566278,2466,1,44.435,
2551,2019-05-27T10:51:58Z,45.55906667,6.10150000,1758.00,-487.426970591061,-1328.465329566278,2467,1,44.439,
2552,2019-05-27T10:51:59Z,45.55906667,6.10140000,1758.00,-486.426970591061,-1327.465329566278,2468,1,44.446,
2553,2019-05-27T10:52:00Z,45.55910000,6.10131667,1758.00,-485.426970591061,-1326.465329566278,2469,1,44.449,
2554,2019-05-27T10:52:01Z,45.55911667,6.10121667,1758.00,-484.426970591061,-1325.465329566278,2470,1,44.455,
2555,2019-05-27T10:52:02Z,45.55911667,6.10115000,1757.00,-483.426970591061,-1324.465329566278,2471,1,44.459,
2556,2019-05-27T10:52:03Z,45.55916667,6.10106667,1756.00,-482.426970591061,-1323.465329566278,2472,1,44.462,
2557,2019-05-27T10:52:04Z,45.55916667,6.10096667,1755.00,-481.426970591061,-1322.465329566278,2473,1,44.468,
2558,2019-05-27T10:52:05Z,45.55921667,6.10085000,1754.00,-480.426970591061,-1321.465329566278,2474,1,44.473,
2559,2019-05-27T10:52:06Z,45.55925000,6.10071667,1753.00,-479.426970591061,-1320.465329566278,2475,1,44.48,
2560,2019-05-27T10:52:07Z,45.55930000,6.10061667,1753.00,-478.426970591061,-1319.465329566278,2476,1,44.483,
2561,2019-05-27T10:52:08Z,45.55935000,6.10051667,1753.00,-477.426970591061,-1318.465329566278,2477,1,44.487,
2562,2019-05-27T10:52:09Z,45.55940000,6.10046667,1754.00,-476.426970591061,-1317.465329566278,2478,1,44.487,
2563,2019-05-27T10:52:10Z,45.55946667,6.10040000,1754.00,-475.426970591061,-1316.465329566278,2479,1,44.488,
2564,2019-05-27T10:52:11Z,45.55951667,6.10031667,1754.00,-474.426970591061,-1315.465329566278,2480,1,44.49,
2565,2019-05-27T10:52:12Z,45.55961667,6.10026667,1754.00,-473.426970591061,-1314.465329566278,2481,1,44.487,
2566,2019-05-27T10:52:13Z,45.55966667,6.10021667,1754.00,-472.426970591061,-1313.465329566278,2482,1,44.488,
2567,2019-05-27T10:52:14Z,45.55971667,6.10016667,1755.00,-471.426970591061,-1312.465329566278,2483,1,44.488,
2568,2019-05-27T10:52:15Z,45.55976667,6.10011667,1757.00,-470.426970591061,-1311.465329566278,2484,1,44.488,
2569,2019-05-27T10:52:16Z,45.55980000,6.10006667,1757.00,-469.426970591061,-1310.465329566278,2485,1,44.49,
2570,2019-05-27T10:52:17Z,45.55985000,6.10001667,1757.00,-468.426970591061,-1309.465329566278,2486,1,44.49,
2571,2019-05-27T10:52:18Z,45.55990000,6.09996667,1756.00,-467.426970591061,-1308.465329566278,2487,1,44.49,
2572,2019-05-27T10:52:19Z,45.55995000,6.09991667,1754.00,-466.426970591061,-1307.465329566278,2488,1,44.491,
2573,2019-05-27T10:52:20Z,45.56001667,6.09986667,1753.00,-465.426970591061,-1306.465329566278,2489,1,44.49,
2574,2019-05-27T10:52:21Z,45.56006667,6.09981667,1752.00,-464.426970591061,-1305.465329566278,2490,1,44.49,
2575,2019-05-27T10:52:22Z,45.56015000,6.09976667,1751.00,-463.426970591061,-1304.465329566278,2491,1,44.489,
2576,2019-05-27T10:52:23Z,45.56020000,6.09970000,1750.00,-462.426970591061,-1303.465329566278,2492,1,44.49,
2577,2019-05-27T10:52:24Z,45.56025000,6.09965000,1748.00,-461.426970591061,-1302.465329566278,2493,1,44.49,
2578,2019-05-27T10:52:25Z,45.56031667,6.09956667,1746.00,-460.426970591061,-1301.465329566278,2494,1,44.492,
2579,2019-05-27T10:52:26Z,45.56036667,6.09950000,1744.00,-459.426970591061,-1300.465329566278,2495,1,44.494,
2580,2019-05-27T10:52:27Z,45.56045000,6.09941667,1742.00,-458.426970591061,-1299.465329566278,2496,1,44.494,
2581,2019-05-27T10:52:28Z,45.56051667,6.09931667,1741.00,-457.426970591061,-1298.465329566278,2497,1,44.497,
2582,2019-05-27T10:52:29Z,45.56056667,6.09925000,1740.00,-456.426970591061,-1297.465329566278,2498,1,44.498,
2583,2019-05-27T10:52:30Z,45.56065000,6.09916667,1741.00,-455.426970591061,-1296.465329566278,2499,1,44.499,
2584,2019-05-27T10:52:31Z,45.56071667,6.09911667,1741.00,-454.426970591061,-1295.465329566278,2500,1,44.498,
2585,2019-05-27T10:52:32Z,45.56076667,6.09910000,1741.00,-453.426970591061,-1294.465329566278,2501,1,44.497,
2586,2019-05-27T10:52:33Z,45.56081667,6.09905000,1740.00,-452.426970591061,-1293.465329566278,2502,1,44.497,
2587,2019-05-27T10:52:34Z,45.56090000,6.09900000,1739.00,-451.426970591061,-1292.465329566278,2503,1,44.495,
2588,2019-05-27T10:52:35Z,45.56096667,6.09891667,1737.00,-450.426970591061,-1291.465329566278,2504,1,44.497,
2589,2019-05-27T10:52:36Z,45.56106667,6.09886667,1736.00,-449.426970591061,-1290.465329566278,2505,1,44.495,
2590,2019-05-27T10:52:37Z,45.56111667,6.09881667,1736.00,-448.426970591061,-1289.465329566278,2506,1,44.495,
2591,2019-05-27T10:52:38Z,45.56120000,6.09876667,1737.00,-447.426970591061,-1288.465329566278,2507,1,44.493,
2592,2019-05-27T10:52:39Z,45.56126667,6.09871667,1736.00,-446.426970591061,-1287.465329566278,2508,1,44.493,
2593,2019-05-27T10:52:40Z,45.56131667,6.09866667,1736.00,-445.426970591061,-1286.465329566278,2509,1,44.493,
2594,2019-05-27T10:52:41Z,45.56140000,6.09865000,1735.00,-444.426970591061,-1285.465329566278,2510,1,44.49,
2595,2019-05-27T10:52:42Z,45.56146667,6.09861667,1734.00,-443.426970591061,-1284.465329566278,2511,1,44.488,
2596,2019-05-27T10:52:43Z,45.56155000,6.09856667,1734.00,-442.426970591061,-1283.465329566278,2512,1,44.487,
2597,2019-05-27T10:52:44Z,45.56160000,6.09855000,1734.00,-441.426970591061,-1282.465329566278,2513,1,44.485,
2598,2019-05-27T10:52:45Z,45.56166667,6.09851667,1734.00,-440.426970591061,-1281.465329566278,2514,1,44.483,
2599,2019-05-27T10:52:46Z,45.56171667,6.09850000,1732.00,-439.426970591061,-1280.465329566278,2515,1,44.481,
2600,2019-05-27T10:52:47Z,45.56180000,6.09846667,1731.00,-438.426970591061,-1279.465329566278,2516,1,44.479,
2601,2019-05-27T10:52:48Z,45.56186667,6.09841667,1729.00,-437.426970591061,-1278.465329566278,2517,1,44.478,
2602,2019-05-27T10:52:49Z,45.56195000,6.09835000,1727.00,-436.426970591061,-1277.465329566278,2518,1,44.478,
2603,2019-05-27T10:52:50Z,45.56201667,6.09826667,1725.00,-435.426970591061,-1276.465329566278,2519,1,44.48,
2604,2019-05-27T10:52:51Z,45.56211667,6.09821667,1725.00,-434.426970591061,-1275.465329566278,2520,1,44.477,
2605,2019-05-27T10:52:52Z,45.56216667,6.09811667,1726.00,-433.426970591061,-1274.465329566278,2521,1,44.481,
2606,2019-05-27T10:52:53Z,45.56221667,6.09806667,1729.00,-432.426970591061,-1273.465329566278,2522,1,44.482,
2607,2019-05-27T10:52:54Z,45.56226667,6.09800000,1731.00,-431.426970591061,-1272.465329566278,2523,1,44.483,
2608,2019-05-27T10:52:55Z,45.56231667,6.09791667,1732.00,-430.426970591061,-1271.465329566278,2524,1,44.486,
2609,2019-05-27T10:52:56Z,45.56240000,6.09786667,1732.00,-429.426970591061,-1270.465329566278,2525,1,44.485,
2610,2019-05-27T10:52:57Z,45.56246667,6.09776667,1732.00,-428.426970591061,-1269.465329566278,2526,1,44.488,
2611,2019-05-27T10:52:58Z,45.56255000,6.09766667,1733.00,-427.426970591061,-1268.465329566278,2527,1,44.49,
2612,2019-05-27T10:52:59Z,45.56261667,6.09756667,1737.00,-426.426970591061,-1267.465329566278,2528,1,44.493,
2613,2019-05-27T10:53:00Z,45.56265000,6.09751667,1741.00,-425.426970591061,-1266.465329566278,2529,1,44.494,
2614,2019-05-27T10:53:01Z,45.56266667,6.09745000,1746.00,-424.426970591061,-1265.465329566278,2530,1,44.498,
2615,2019-05-27T10:53:02Z,45.56270000,6.09735000,1749.00,-423.426970591061,-1264.465329566278,2531,1,44.502,
2616,2019-05-27T10:53:03Z,45.56270000,6.09720000,1751.00,-422.426970591061,-1263.465329566278,2532,1,44.512,
2617,2019-05-27T10:53:04Z,45.56270000,6.09706667,1756.00,-421.426970591061,-1262.465329566278,2533,1,44.521,
2618,2019-05-27T10:53:05Z,45.56271667,6.09700000,1762.00,-420.426970591061,-1261.465329566278,2534,1,44.525,
2619,2019-05-27T10:53:06Z,45.56271667,6.09695000,1768.00,-419.426970591061,-1260.465329566278,2535,1,44.528,
2620,2019-05-27T10:53:07Z,45.56276667,6.09686667,1774.00,-418.426970591061,-1259.465329566278,2536,1,44.531,
2621,2019-05-27T10:53:08Z,45.56280000,6.09681667,1778.00,-417.426970591061,-1258.465329566278,2537,1,44.533,
2622,2019-05-27T10:53:09Z,45.56281667,6.09670000,1781.00,-416.426970591061,-1257.465329566278,2538,1,44.539,
2623,2019-05-27T10:53:10Z,45.56281667,6.09656667,1785.00,-415.426970591061,-1256.465329566278,2539,1,44.548,
2624,2019-05-27T10:53:11Z,45.56281667,6.09645000,1788.00,-414.426970591061,-1255.465329566278,2540,1,44.556,
2625,2019-05-27T10:53:12Z,45.56281667,6.09635000,1794.00,-413.426970591061,-1254.465329566278,2541,1,44.563,
2626,2019-05-27T10:53:13Z,45.56281667,6.09626667,1801.00,-412.426970591061,-1253.465329566278,2542,1,44.569,
2627,2019-05-27T10:53:14Z,45.56280000,6.09616667,1807.00,-411.426970591061,-1252.465329566278,2543,1,44.576,
2628,2019-05-27T10:53:15Z,45.56276667,6.09606667,1812.00,-410.426970591061,-1251.465329566278,2544,1,44.585,
2629,2019-05-27T10:53:16Z,45.56275000,6.09596667,1817.00,-409.426970591061,-1250.465329566278,2545,1,44.592,
2630,2019-05-27T10:53:17Z,45.56270000,6.09586667,1822.00,-408.426970591061,-1249.465329566278,2546,1,44.602,
2631,2019-05-27T10:53:18Z,45.56265000,6.09580000,1827.00,-407.426970591061,-1248.465329566278,2547,1,44.609,
2632,2019-05-27T10:53:19Z,45.56256667,6.09576667,1830.00,-406.426970591061,-1247.465329566278,2548,1,44.616,
2633,2019-05-27T10:53:20Z,45.56250000,6.09571667,1831.00,-405.426970591061,-1246.465329566278,2549,1,44.623,
2634,2019-05-27T10:53:21Z,45.56241667,6.09566667,1831.00,-404.426970591061,-1245.465329566278,2550,1,44.631,
2635,2019-05-27T10:53:22Z,45.56235000,6.09556667,1831.00,-403.426970591061,-1244.465329566278,2551,1,44.642,
2636,2019-05-27T10:53:23Z,45.56226667,6.09550000,1831.00,-402.426970591061,-1243.465329566278,2552,1,44.651,
2637,2019-05-27T10:53:24Z,45.56225000,6.09540000,1832.00,-401.426970591061,-1242.465329566278,2553,1,44.659,
2638,2019-05-27T10:53:25Z,45.56221667,6.09535000,1833.00,-400.426970591061,-1241.465329566278,2554,1,44.664,
2639,2019-05-27T10:53:26Z,45.56220000,6.09530000,1834.00,-399.426970591061,-1240.465329566278,2555,1,44.668,
2640,2019-05-27T10:53:27Z,45.56216667,6.09525000,1834.00,-398.426970591061,-1239.465329566278,2556,1,44.673,
2641,2019-05-27T10:53:28Z,45.56211667,6.09515000,1832.00,-397.426970591061,-1238.465329566278,2557,1,44.683,
2642,2019-05-27T10:53:29Z,45.56210000,6.09505000,1830.00,-396.426970591061,-1237.465329566278,2558,1,44.691,
2643,2019-05-27T10:53:30Z,45.56205000,6.09495000,1829.00,-395.426970591061,-1236.465329566278,2559,1,44.7,
2644,2019-05-27T10:53:31Z,45.56200000,6.09485000,1828.00,-394.426970591061,-1235.465329566278,2560,1,44.71,
2645,2019-05-27T10:53:32Z,45.56196667,6.09475000,1828.00,-393.426970591061,-1234.465329566278,2561,1,44.718,
2646,2019-05-27T10:53:33Z,45.56191667,6.09466667,1828.00,-392.426970591061,-1233.465329566278,2562,1,44.727,
2647,2019-05-27T10:53:34Z,45.56186667,6.09456667,1827.00,-391.426970591061,-1232.465329566278,2563,1,44.736,
2648,2019-05-27T10:53:35Z,45.56181667,6.09445000,1826.00,-390.426970591061,-1231.465329566278,2564,1,44.747,
2649,2019-05-27T10:53:36Z,45.56176667,6.09431667,1825.00,-389.426970591061,-1230.465329566278,2565,1,44.759,
2650,2019-05-27T10:53:37Z,45.56175000,6.09421667,1824.00,-388.426970591061,-1229.465329566278,2566,1,44.766,
2651,2019-05-27T10:53:38Z,45.56171667,6.09410000,1824.00,-387.426970591061,-1228.465329566278,2567,1,44.776,
2652,2019-05-27T10:53:39Z,45.56171667,6.09396667,1824.00,-386.426970591061,-1227.465329566278,2568,1,44.785,
2653,2019-05-27T10:53:40Z,45.56170000,6.09386667,1824.00,-385.426970591061,-1226.465329566278,2569,1,44.793,
2654,2019-05-27T10:53:41Z,45.56171667,6.09376667,1823.00,-384.426970591061,-1225.465329566278,2570,1,44.798,
2655,2019-05-27T10:53:42Z,45.56171667,6.09366667,1823.00,-383.426970591061,-1224.465329566278,2571,1,44.805,
2656,2019-05-27T10:53:43Z,45.56175000,6.09356667,1823.00,-382.426970591061,-1223.465329566278,2572,1,44.81,
2657,2019-05-27T10:53:44Z,45.56180000,6.09350000,1823.00,-381.426970591061,-1222.465329566278,2573,1,44.812,
2658,2019-05-27T10:53:45Z,45.56181667,6.09341667,1823.00,-380.426970591061,-1221.465329566278,2574,1,44.816,
2659,2019-05-27T10:53:46Z,45.56186667,6.09336667,1823.00,-379.426970591061,-1220.465329566278,2575,1,44.817,
2660,2019-05-27T10:53:47Z,45.56191667,6.09331667,1823.00,-378.426970591061,-1219.465329566278,2576,1,44.817,
2661,2019-05-27T10:53:48Z,45.56200000,6.09326667,1823.00,-377.426970591061,-1218.465329566278,2577,1,44.816,
2662,2019-05-27T10:53:49Z,45.56205000,6.09321667,1823.00,-376.426970591061,-1217.465329566278,2578,1,44.817,
2663,2019-05-27T10:53:50Z,45.56211667,6.09316667,1822.00,-375.426970591061,-1216.465329566278,2579,1,44.816,
2664,2019-05-27T10:53:51Z,45.56216667,6.09315000,1822.00,-374.426970591061,-1215.465329566278,2580,1,44.815,
2665,2019-05-27T10:53:52Z,45.56221667,6.09311667,1822.00,-373.426970591061,-1214.465329566278,2581,1,44.814,
2666,2019-05-27T10:53:53Z,45.56226667,6.09306667,1821.00,-372.426970591061,-1213.465329566278,2582,1,44.815,
2667,2019-05-27T10:53:54Z,45.56235000,6.09306667,1821.00,-371.426970591061,-1212.465329566278,2583,1,44.81,
2668,2019-05-27T10:53:55Z,45.56241667,6.09301667,1820.00,-370.426970591061,-1211.465329566278,2584,1,44.81,
2669,2019-05-27T10:53:56Z,45.56246667,6.09301667,1820.00,-369.426970591061,-1210.465329566278,2585,1,44.807,
2670,2019-05-27T10:53:57Z,45.56255000,6.09296667,1820.00,-368.426970591061,-1209.465329566278,2586,1,44.806,
2671,2019-05-27T10:53:58Z,45.56260000,6.09295000,1820.00,-367.426970591061,-1208.465329566278,2587,1,44.804,
2672,2019-05-27T10:53:59Z,45.56265000,6.09290000,1819.00,-366.426970591061,-1207.465329566278,2588,1,44.805,
2673,2019-05-27T10:54:00Z,45.56266667,6.09285000,1819.00,-365.426970591061,-1206.465329566278,2589,1,44.807,
2674,2019-05-27T10:54:01Z,45.56271667,6.09276667,1818.00,-364.426970591061,-1205.465329566278,2590,1,44.81,
2675,2019-05-27T10:54:02Z,45.56275000,6.09266667,1817.00,-363.426970591061,-1204.465329566278,2591,1,44.815,
2676,2019-05-27T10:54:03Z,45.56276667,6.09256667,1815.00,-362.426970591061,-1203.465329566278,2592,1,44.821,
2677,2019-05-27T10:54:04Z,45.56275000,6.09241667,1814.00,-361.426970591061,-1202.465329566278,2593,1,44.832,
2678,2019-05-27T10:54:05Z,45.56271667,6.09231667,1813.00,-360.426970591061,-1201.465329566278,2594,1,44.841,
2679,2019-05-27T10:54:06Z,45.56265000,6.09216667,1812.00,-359.426970591061,-1200.465329566278,2595,1,44.855,
2680,2019-05-27T10:54:07Z,45.56256667,6.09206667,1811.00,-358.426970591061,-1199.465329566278,2596,1,44.866,
2681,2019-05-27T10:54:08Z,45.56246667,6.09201667,1811.00,-357.426970591061,-1198.465329566278,2597,1,44.875,
2682,2019-05-27T10:54:09Z,45.56235000,6.09196667,1810.00,-356.426970591061,-1197.465329566278,2598,1,44.885,
2683,2019-05-27T10:54:10Z,45.56221667,6.09196667,1810.00,-355.426970591061,-1196.465329566278,2599,1,44.892,
2684,2019-05-27T10:54:11Z,45.56211667,6.09200000,1809.00,-354.426970591061,-1195.465329566278,2600,1,44.895,
2685,2019-05-27T10:54:12Z,45.56201667,6.09206667,1809.00,-353.426970591061,-1194.465329566278,2601,1,44.896,
2686,2019-05-27T10:54:13Z,45.56191667,6.09215000,1809.00,-352.426970591061,-1193.465329566278,2602,1,44.896,
2687,2019-05-27T10:54:14Z,45.56185000,6.09226667,1809.00,-351.426970591061,-1192.465329566278,2603,1,44.892,
2688,2019-05-27T10:54:15Z,45.56176667,6.09241667,1809.00,-350.426970591061,-1191.465329566278,2604,1,44.886,
2689,2019-05-27T10:54:16Z,45.56171667,6.09255000,1809.00,-349.426970591061,-1190.465329566278,2605,1,44.88,
2690,2019-05-27T10:54:17Z,45.56170000,6.09270000,1809.00,-348.426970591061,-1189.465329566278,2606,1,44.871,
2691,2019-05-27T10:54:18Z,45.56166667,6.09281667,1810.00,-347.426970591061,-1188.465329566278,2607,1,44.865,
2692,2019-05-27T10:54:19Z,45.56166667,6.09295000,1810.00,-346.426970591061,-1187.465329566278,2608,1,44.856,
2693,2019-05-27T10:54:20Z,45.56165000,6.09306667,1810.00,-345.426970591061,-1186.465329566278,2609,1,44.849,
2694,2019-05-27T10:54:21Z,45.56161667,6.09321667,1810.00,-344.426970591061,-1185.465329566278,2610,1,44.841,
2695,2019-05-27T10:54:22Z,45.56160000,6.09336667,1810.00,-343.426970591061,-1184.465329566278,2611,1,44.832,
2696,2019-05-27T10:54:23Z,45.56156667,6.09350000,1810.00,-342.426970591061,-1183.465329566278,2612,1,44.825,
2697,2019-05-27T10:54:24Z,45.56151667,6.09361667,1810.00,-341.426970591061,-1182.465329566278,2613,1,44.82,
2698,2019-05-27T10:54:25Z,45.56145000,6.09375000,1811.00,-340.426970591061,-1181.465329566278,2614,1,44.814,
2699,2019-05-27T10:54:26Z,45.56136667,6.09386667,1811.00,-339.426970591061,-1180.465329566278,2615,1,44.811,
2700,2019-05-27T10:54:27Z,45.56131667,6.09396667,1812.00,-338.426970591061,-1179.465329566278,2616,1,44.807,
2701,2019-05-27T10:54:28Z,45.56121667,6.09406667,1812.00,-337.426970591061,-1178.465329566278,2617,1,44.806,
2702,2019-05-27T10:54:29Z,45.56116667,6.09420000,1813.00,-336.426970591061,-1177.465329566278,2618,1,44.8,
2703,2019-05-27T10:54:30Z,45.56106667,6.09430000,1814.00,-335.426970591061,-1176.465329566278,2619,1,44.799,
2704,2019-05-27T10:54:31Z,45.56100000,6.09441667,1814.00,-334.426970591061,-1175.465329566278,2620,1,44.795,
2705,2019-05-27T10:54:32Z,45.56091667,6.09451667,1815.00,-333.426970591061,-1174.465329566278,2621,1,44.793,
2706,2019-05-27T10:54:33Z,45.56081667,6.09466667,1815.00,-332.426970591061,-1173.465329566278,2622,1,44.789,
2707,2019-05-27T10:54:34Z,45.56071667,6.09476667,1816.00,-331.426970591061,-1172.465329566278,2623,1,44.788,
2708,2019-05-27T10:54:35Z,45.56065000,6.09486667,1817.00,-330.426970591061,-1171.465329566278,2624,1,44.785,
2709,2019-05-27T10:54:36Z,45.56055000,6.09495000,1819.00,-329.426970591061,-1170.465329566278,2625,1,44.785,
2710,2019-05-27T10:54:37Z,45.56045000,6.09501667,1822.00,-328.426970591061,-1169.465329566278,2626,1,44.786,
2711,2019-05-27T10:54:38Z,45.56036667,6.09511667,1824.00,-327.426970591061,-1168.465329566278,2627,1,44.785,
2712,2019-05-27T10:54:39Z,45.56026667,6.09520000,1827.00,-326.426970591061,-1167.465329566278,2628,1,44.785,
2713,2019-05-27T10:54:40Z,45.56016667,6.09530000,1829.00,-325.426970591061,-1166.465329566278,2629,1,44.784,
2714,2019-05-27T10:54:41Z,45.56010000,6.09540000,1831.00,-324.426970591061,-1165.465329566278,2630,1,44.781,
2715,2019-05-27T10:54:42Z,45.56001667,6.09546667,1832.00,-323.426970591061,-1164.465329566278,2631,1,44.781,
2716,2019-05-27T10:54:43Z,45.55991667,6.09556667,1834.00,-322.426970591061,-1163.465329566278,2632,1,44.78,
2717,2019-05-27T10:54:44Z,45.55981667,6.09566667,1836.00,-321.426970591061,-1162.465329566278,2633,1,44.78,
2718,2019-05-27T10:54:45Z,45.55971667,6.09576667,1838.00,-320.426970591061,-1161.465329566278,2634,1,44.779,
2719,2019-05-27T10:54:46Z,45.55965000,6.09586667,1840.00,-319.426970591061,-1160.465329566278,2635,1,44.776,
2720,2019-05-27T10:54:47Z,45.55956667,6.09600000,1839.00,-318.426970591061,-1159.465329566278,2636,1,44.772,
2721,2019-05-27T10:54:48Z,45.55950000,6.09610000,1839.00,-317.426970591061,-1158.465329566278,2637,1,44.769,
2722,2019-05-27T10:54:49Z,45.55940000,6.09620000,1838.00,-316.426970591061,-1157.465329566278,2638,1,44.768,
2723,2019-05-27T10:54:50Z,45.55931667,6.09630000,1837.00,-315.426970591061,-1156.465329566278,2639,1,44.767,
2724,2019-05-27T10:54:51Z,45.55921667,6.09636667,1836.00,-314.426970591061,-1155.465329566278,2640,1,44.768,
2725,2019-05-27T10:54:52Z,45.55911667,6.09645000,1835.00,-313.426970591061,-1154.465329566278,2641,1,44.769,
2726,2019-05-27T10:54:53Z,45.55905000,6.09651667,1833.00,-312.426970591061,-1153.465329566278,2642,1,44.768,
2727,2019-05-27T10:54:54Z,45.55895000,6.09661667,1831.00,-311.426970591061,-1152.465329566278,2643,1,44.767,
2728,2019-05-27T10:54:55Z,45.55881667,6.09670000,1829.00,-310.426970591061,-1151.465329566278,2644,1,44.77,
2729,2019-05-27T10:54:56Z,45.55871667,6.09680000,1827.00,-309.426970591061,-1150.465329566278,2645,1,44.769,
2730,2019-05-27T10:54:57Z,45.55865000,6.09686667,1827.00,-308.426970591061,-1149.465329566278,2646,1,44.769,
2731,2019-05-27T10:54:58Z,45.55855000,6.09696667,1827.00,-307.426970591061,-1148.465329566278,2647,1,44.768,
2732,2019-05-27T10:54:59Z,45.55846667,6.09706667,1827.00,-306.426970591061,-1147.465329566278,2648,1,44.766,
2733,2019-05-27T10:55:00Z,45.55840000,6.09720000,1827.00,-305.426970591061,-1146.465329566278,2649,1,44.761,
2734,2019-05-27T10:55:01Z,45.55831667,6.09731667,1827.00,-304.426970591061,-1145.465329566278,2650,1,44.759,
2735,2019-05-27T10:55:02Z,45.55826667,6.09746667,1826.00,-303.426970591061,-1144.465329566278,2651,1,44.752,
2736,2019-05-27T10:55:03Z,45.55821667,6.09760000,1825.00,-302.426970591061,-1143.465329566278,2652,1,44.746,
2737,2019-05-27T10:55:04Z,45.55816667,6.09775000,1824.00,-301.426970591061,-1142.465329566278,2653,1,44.739,
2738,2019-05-27T10:55:05Z,45.55811667,6.09790000,1824.00,-300.426970591061,-1141.465329566278,2654,1,44.732,
2739,2019-05-27T10:55:06Z,45.55806667,6.09801667,1823.00,-299.426970591061,-1140.465329566278,2655,1,44.728,
2740,2019-05-27T10:55:07Z,45.55801667,6.09816667,1823.00,-298.426970591061,-1139.465329566278,2656,1,44.721,
2741,2019-05-27T10:55:08Z,45.55796667,6.09831667,1823.00,-297.426970591061,-1138.465329566278,2657,1,44.714,
2742,2019-05-27T10:55:09Z,45.55795000,6.09845000,1822.00,-296.426970591061,-1137.465329566278,2658,1,44.706,
2743,2019-05-27T10:55:10Z,45.55790000,6.09860000,1822.00,-295.426970591061,-1136.465329566278,2659,1,44.699,
2744,2019-05-27T10:55:11Z,45.55785000,6.09871667,1822.00,-294.426970591061,-1135.465329566278,2660,1,44.695,
2745,2019-05-27T10:55:12Z,45.55781667,6.09886667,1821.00,-293.426970591061,-1134.465329566278,2661,1,44.687,
2746,2019-05-27T10:55:13Z,45.55776667,6.09901667,1820.00,-292.426970591061,-1133.465329566278,2662,1,44.68,
2747,2019-05-27T10:55:14Z,45.55771667,6.09916667,1820.00,-291.426970591061,-1132.465329566278,2663,1,44.673,
2748,2019-05-27T10:55:15Z,45.55766667,6.09931667,1819.00,-290.426970591061,-1131.465329566278,2664,1,44.667,
2749,2019-05-27T10:55:16Z,45.55765000,6.09946667,1819.00,-289.426970591061,-1130.465329566278,2665,1,44.658,
2750,2019-05-27T10:55:17Z,45.55761667,6.09965000,1818.00,-288.426970591061,-1129.465329566278,2666,1,44.648,
2751,2019-05-27T10:55:18Z,45.55761667,6.09980000,1816.00,-287.426970591061,-1128.465329566278,2667,1,44.638,
2752,2019-05-27T10:55:19Z,45.55761667,6.09996667,1814.00,-286.426970591061,-1127.465329566278,2668,1,44.627,
2753,2019-05-27T10:55:20Z,45.55765000,6.10011667,1812.00,-285.426970591061,-1126.465329566278,2669,1,44.616,
2754,2019-05-27T10:55:21Z,45.55766667,6.10030000,1811.00,-284.426970591061,-1125.465329566278,2670,1,44.603,
2755,2019-05-27T10:55:22Z,45.55771667,6.10041667,1809.00,-283.426970591061,-1124.465329566278,2671,1,44.592,
2756,2019-05-27T10:55:23Z,45.55776667,6.10056667,1807.00,-282.426970591061,-1123.465329566278,2672,1,44.579,
2757,2019-05-27T10:55:24Z,45.55781667,6.10070000,1805.00,-281.426970591061,-1122.465329566278,2673,1,44.567,
2758,2019-05-27T10:55:25Z,45.55791667,6.10081667,1803.00,-280.426970591061,-1121.465329566278,2674,1,44.554,
2759,2019-05-27T10:55:26Z,45.55796667,6.10095000,1801.00,-279.426970591061,-1120.465329566278,2675,1,44.542,
2760,2019-05-27T10:55:27Z,45.55805000,6.10106667,1798.00,-278.426970591061,-1119.465329566278,2676,1,44.529,
2761,2019-05-27T10:55:28Z,45.55811667,6.10116667,1796.00,-277.426970591061,-1118.465329566278,2677,1,44.519,
2762,2019-05-27T10:55:29Z,45.55821667,6.10126667,1795.00,-276.426970591061,-1117.465329566278,2678,1,44.506,
2763,2019-05-27T10:55:30Z,45.55826667,6.10136667,1793.00,-275.426970591061,-1116.465329566278,2679,1,44.497,
2764,2019-05-27T10:55:31Z,45.55836667,6.10145000,1791.00,-274.426970591061,-1115.465329566278,2680,1,44.485,
2765,2019-05-27T10:55:32Z,45.55846667,6.10151667,1789.00,-273.426970591061,-1114.465329566278,2681,1,44.475,
2766,2019-05-27T10:55:33Z,45.55856667,6.10156667,1787.00,-272.426970591061,-1113.465329566278,2682,1,44.465,
2767,2019-05-27T10:55:34Z,45.55866667,6.10160000,1786.00,-271.426970591061,-1112.465329566278,2683,1,44.457,
2768,2019-05-27T10:55:35Z,45.55875000,6.10161667,1785.00,-270.426970591061,-1111.465329566278,2684,1,44.451,
2769,2019-05-27T10:55:36Z,45.55885000,6.10166667,1783.00,-269.426970591061,-1110.465329566278,2685,1,44.442,
2770,2019-05-27T10:55:37Z,45.55891667,6.10170000,1781.00,-268.426970591061,-1109.465329566278,2686,1,44.435,
2771,2019-05-27T10:55:38Z,45.55901667,6.10175000,1779.00,-267.426970591061,-1108.465329566278,2687,1,44.426,
2772,2019-05-27T10:55:39Z,45.55911667,6.10176667,1778.00,-266.426970591061,-1107.465329566278,2688,1,44.419,
2773,2019-05-27T10:55:40Z,45.55920000,6.10181667,1776.00,-265.426970591061,-1106.465329566278,2689,1,44.411,
2774,2019-05-27T10:55:41Z,45.55930000,6.10185000,1775.00,-264.426970591061,-1105.465329566278,2690,1,44.402,
2775,2019-05-27T10:55:42Z,45.55936667,6.10186667,1774.00,-263.426970591061,-1104.465329566278,2691,1,44.397,
2776,2019-05-27T10:55:43Z,45.55946667,6.10186667,1773.00,-262.426970591061,-1103.465329566278,2692,1,44.391,
2777,2019-05-27T10:55:44Z,45.55955000,6.10190000,1771.00,-261.426970591061,-1102.465329566278,2693,1,44.384,
2778,2019-05-27T10:55:45Z,45.55965000,6.10191667,1770.00,-260.426970591061,-1101.465329566278,2694,1,44.377,
2779,2019-05-27T10:55:46Z,45.55971667,6.10196667,1769.00,-259.426970591061,-1100.465329566278,2695,1,44.37,
2780,2019-05-27T10:55:47Z,45.55981667,6.10201667,1768.00,-258.426970591061,-1099.465329566278,2696,1,44.36,
2781,2019-05-27T10:55:48Z,45.55991667,6.10206667,1767.00,-257.426970591061,-1098.465329566278,2697,1,44.351,
2782,2019-05-27T10:55:49Z,45.56000000,6.10211667,1766.00,-256.426970591061,-1097.465329566278,2698,1,44.343,
2783,2019-05-27T10:55:50Z,45.56006667,6.10216667,1766.00,-255.426970591061,-1096.465329566278,2699,1,44.336,
2784,2019-05-27T10:55:51Z,45.56016667,6.10220000,1765.00,-254.426970591061,-1095.465329566278,2700,1,44.327,
2785,2019-05-27T10:55:52Z,45.56025000,6.10221667,1764.00,-253.426970591061,-1094.465329566278,2701,1,44.321,
2786,2019-05-27T10:55:53Z,45.56035000,6.10225000,1764.00,-252.426970591061,-1093.465329566278,2702,1,44.313,
2787,2019-05-27T10:55:54Z,45.56045000,6.10230000,1763.00,-251.426970591061,-1092.465329566278,2703,1,44.304,
2788,2019-05-27T10:55:55Z,45.56055000,6.10235000,1763.00,-250.426970591061,-1091.465329566278,2704,1,44.295,
2789,2019-05-27T10:55:56Z,45.56061667,6.10241667,1764.00,-249.426970591061,-1090.465329566278,2705,1,44.286,
2790,2019-05-27T10:55:57Z,45.56070000,6.10245000,1765.00,-248.426970591061,-1089.465329566278,2706,1,44.279,
2791,2019-05-27T10:55:58Z,45.56076667,6.10245000,1766.00,-247.426970591061,-1088.465329566278,2707,1,44.275,
2792,2019-05-27T10:55:59Z,45.56081667,6.10245000,1766.00,-246.426970591061,-1087.465329566278,2708,1,44.272,
2793,2019-05-27T10:56:00Z,45.56090000,6.10241667,1765.00,-245.426970591061,-1086.465329566278,2709,1,44.27,
2794,2019-05-27T10:56:01Z,45.56096667,6.10236667,1763.00,-244.426970591061,-1085.465329566278,2710,1,44.269,
2795,2019-05-27T10:56:02Z,45.56106667,6.10236667,1761.00,-243.426970591061,-1084.465329566278,2711,1,44.263,
2796,2019-05-27T10:56:03Z,45.56116667,6.10240000,1761.00,-242.426970591061,-1083.465329566278,2712,1,44.255,
2797,2019-05-27T10:56:04Z,45.56126667,6.10241667,1761.00,-241.426970591061,-1082.465329566278,2713,1,44.248,
2798,2019-05-27T10:56:05Z,45.56135000,6.10246667,1763.00,-240.426970591061,-1081.465329566278,2714,1,44.24,
2799,2019-05-27T10:56:06Z,45.56141667,6.10250000,1766.00,-239.426970591061,-1080.465329566278,2715,1,44.234,
2800,2019-05-27T10:56:07Z,45.56146667,6.10250000,1767.00,-238.426970591061,-1079.465329566278,2716,1,44.231,
2801,2019-05-27T10:56:08Z,45.56156667,6.10246667,1767.00,-237.426970591061,-1078.465329566278,2717,1,44.227,
2802,2019-05-27T10:56:09Z,45.56166667,6.10241667,1767.00,-236.426970591061,-1077.465329566278,2718,1,44.224,
2803,2019-05-27T10:56:10Z,45.56175000,6.10231667,1765.00,-235.426970591061,-1076.465329566278,2719,1,44.226,
2804,2019-05-27T10:56:11Z,45.56180000,6.10220000,1765.00,-234.426970591061,-1075.465329566278,2720,1,44.231,
2805,2019-05-27T10:56:12Z,45.56181667,6.10206667,1766.00,-233.426970591061,-1074.465329566278,2721,1,44.239,
2806,2019-05-27T10:56:13Z,45.56185000,6.10196667,1768.00,-232.426970591061,-1073.465329566278,2722,1,44.243,
2807,2019-05-27T10:56:14Z,45.56185000,6.10186667,1770.00,-231.426970591061,-1072.465329566278,2723,1,44.25,
2808,2019-05-27T10:56:15Z,45.56181667,6.10176667,1771.00,-230.426970591061,-1071.465329566278,2724,1,44.259,
2809,2019-05-27T10:56:16Z,45.56181667,6.10166667,1772.00,-229.426970591061,-1070.465329566278,2725,1,44.265,
2810,2019-05-27T10:56:17Z,45.56176667,6.10156667,1773.00,-228.426970591061,-1069.465329566278,2726,1,44.275,
2811,2019-05-27T10:56:18Z,45.56175000,6.10146667,1774.00,-227.426970591061,-1068.465329566278,2727,1,44.282,
2812,2019-05-27T10:56:19Z,45.56171667,6.10140000,1774.00,-226.426970591061,-1067.465329566278,2728,1,44.289,
2813,2019-05-27T10:56:20Z,45.56170000,6.10130000,1775.00,-225.426970591061,-1066.465329566278,2729,1,44.296,
2814,2019-05-27T10:56:21Z,45.56166667,6.10121667,1776.00,-224.426970591061,-1065.465329566278,2730,1,44.304,
2815,2019-05-27T10:56:22Z,45.56165000,6.10111667,1777.00,-223.426970591061,-1064.465329566278,2731,1,44.311,
2816,2019-05-27T10:56:23Z,45.56161667,6.10105000,1777.00,-222.426970591061,-1063.465329566278,2732,1,44.318,
2817,2019-05-27T10:56:24Z,45.56161667,6.10095000,1778.00,-221.426970591061,-1062.465329566278,2733,1,44.324,
2818,2019-05-27T10:56:25Z,45.56161667,6.10086667,1778.00,-220.426970591061,-1061.465329566278,2734,1,44.33,
2819,2019-05-27T10:56:26Z,45.56160000,6.10075000,1778.00,-219.426970591061,-1060.465329566278,2735,1,44.339,
2820,2019-05-27T10:56:27Z,45.56156667,6.10061667,1779.00,-218.426970591061,-1059.465329566278,2736,1,44.349,
2821,2019-05-27T10:56:28Z,45.56155000,6.10051667,1780.00,-217.426970591061,-1058.465329566278,2737,1,44.357,
2822,2019-05-27T10:56:29Z,45.56151667,6.10045000,1783.00,-216.426970591061,-1057.465329566278,2738,1,44.363,
2823,2019-05-27T10:56:30Z,45.56146667,6.10036667,1785.00,-215.426970591061,-1056.465329566278,2739,1,44.372,
2824,2019-05-27T10:56:31Z,45.56145000,6.10031667,1786.00,-214.426970591061,-1055.465329566278,2740,1,44.376,
2825,2019-05-27T10:56:32Z,45.56140000,6.10026667,1787.00,-213.426970591061,-1054.465329566278,2741,1,44.382,
2826,2019-05-27T10:56:33Z,45.56135000,6.10020000,1787.00,-212.426970591061,-1053.465329566278,2742,1,44.39,
2827,2019-05-27T10:56:34Z,45.56130000,6.10011667,1787.00,-211.426970591061,-1052.465329566278,2743,1,44.398,
2828,2019-05-27T10:56:35Z,45.56121667,6.10006667,1787.00,-210.426970591061,-1051.465329566278,2744,1,44.406,
2829,2019-05-27T10:56:36Z,45.56116667,6.10000000,1788.00,-209.426970591061,-1050.465329566278,2745,1,44.414,
2830,2019-05-27T10:56:37Z,45.56115000,6.09995000,1789.00,-208.426970591061,-1049.465329566278,2746,1,44.418,
2831,2019-05-27T10:56:38Z,45.56110000,6.09990000,1790.00,-207.426970591061,-1048.465329566278,2747,1,44.424,
2832,2019-05-27T10:56:39Z,45.56105000,6.09985000,1791.00,-206.426970591061,-1047.465329566278,2748,1,44.43,
2833,2019-05-27T10:56:40Z,45.56100000,6.09976667,1793.00,-205.426970591061,-1046.465329566278,2749,1,44.439,
2834,2019-05-27T10:56:41Z,45.56091667,6.09971667,1793.00,-204.426970591061,-1045.465329566278,2750,1,44.447,
2835,2019-05-27T10:56:42Z,45.56086667,6.09966667,1795.00,-203.426970591061,-1044.465329566278,2751,1,44.453,
2836,2019-05-27T10:56:43Z,45.56081667,6.09961667,1796.00,-202.426970591061,-1043.465329566278,2752,1,44.459,
2837,2019-05-27T10:56:44Z,45.56076667,6.09956667,1797.00,-201.426970591061,-1042.465329566278,2753,1,44.466,
2838,2019-05-27T10:56:45Z,45.56070000,6.09951667,1799.00,-200.426970591061,-1041.465329566278,2754,1,44.473,
2839,2019-05-27T10:56:46Z,45.56066667,6.09946667,1801.00,-199.426970591061,-1040.465329566278,2755,1,44.478,
2840,2019-05-27T10:56:47Z,45.56061667,6.09945000,1802.00,-198.426970591061,-1039.465329566278,2756,1,44.482,
2841,2019-05-27T10:56:48Z,45.56056667,6.09940000,1804.00,-197.426970591061,-1038.465329566278,2757,1,44.488,
2842,2019-05-27T10:56:49Z,45.56051667,6.09935000,1805.00,-196.426970591061,-1037.465329566278,2758,1,44.495,
2843,2019-05-27T10:56:50Z,45.56046667,6.09930000,1806.00,-195.426970591061,-1036.465329566278,2759,1,44.501,
2844,2019-05-27T10:56:51Z,45.56041667,6.09925000,1808.00,-194.426970591061,-1035.465329566278,2760,1,44.507,
2845,2019-05-27T10:56:52Z,45.56036667,6.09920000,1809.00,-193.426970591061,-1034.465329566278,2761,1,44.513,
2846,2019-05-27T10:56:53Z,45.56030000,6.09916667,1810.00,-192.426970591061,-1033.465329566278,2762,1,44.519,
2847,2019-05-27T10:56:54Z,45.56021667,6.09915000,1811.00,-191.426970591061,-1032.465329566278,2763,1,44.525,
2848,2019-05-27T10:56:55Z,45.56016667,6.09915000,1813.00,-190.426970591061,-1031.465329566278,2764,1,44.528,
2849,2019-05-27T10:56:56Z,45.56011667,6.09911667,1815.00,-189.426970591061,-1030.465329566278,2765,1,44.534,
2850,2019-05-27T10:56:57Z,45.56006667,6.09911667,1817.00,-188.426970591061,-1029.465329566278,2766,1,44.536,
2851,2019-05-27T10:56:58Z,45.56001667,6.09910000,1819.00,-187.426970591061,-1028.465329566278,2767,1,44.541,
2852,2019-05-27T10:56:59Z,45.55996667,6.09910000,1819.00,-186.426970591061,-1027.465329566278,2768,1,44.543,
2853,2019-05-27T10:57:00Z,45.55991667,6.09906667,1820.00,-185.426970591061,-1026.465329566278,2769,1,44.549,
2854,2019-05-27T10:57:01Z,45.55985000,6.09906667,1821.00,-184.426970591061,-1025.465329566278,2770,1,44.553,
2855,2019-05-27T10:57:02Z,45.55976667,6.09906667,1823.00,-183.426970591061,-1024.465329566278,2771,1,44.557,
2856,2019-05-27T10:57:03Z,45.55971667,6.09906667,1824.00,-182.426970591061,-1023.465329566278,2772,1,44.56,
2857,2019-05-27T10:57:04Z,45.55966667,6.09906667,1826.00,-181.426970591061,-1022.465329566278,2773,1,44.563,
2858,2019-05-27T10:57:05Z,45.55960000,6.09906667,1826.00,-180.426970591061,-1021.465329566278,2774,1,44.567,
2859,2019-05-27T10:57:06Z,45.55951667,6.09906667,1826.00,-179.426970591061,-1020.465329566278,2775,1,44.572,
2860,2019-05-27T10:57:07Z,45.55946667,6.09901667,1825.00,-178.426970591061,-1019.465329566278,2776,1,44.579,
2861,2019-05-27T10:57:08Z,45.55940000,6.09901667,1824.00,-177.426970591061,-1018.465329566278,2777,1,44.582,
2862,2019-05-27T10:57:09Z,45.55931667,6.09900000,1824.00,-176.426970591061,-1017.465329566278,2778,1,44.588,
2863,2019-05-27T10:57:10Z,45.55925000,6.09896667,1823.00,-175.426970591061,-1016.465329566278,2779,1,44.595,
2864,2019-05-27T10:57:11Z,45.55916667,6.09896667,1823.00,-174.426970591061,-1015.465329566278,2780,1,44.6,
2865,2019-05-27T10:57:12Z,45.55911667,6.09895000,1823.00,-173.426970591061,-1014.465329566278,2781,1,44.604,
2866,2019-05-27T10:57:13Z,45.55905000,6.09891667,1824.00,-172.426970591061,-1013.465329566278,2782,1,44.61,
2867,2019-05-27T10:57:14Z,45.55896667,6.09891667,1824.00,-171.426970591061,-1012.465329566278,2783,1,44.615,
2868,2019-05-27T10:57:15Z,45.55886667,6.09891667,1824.00,-170.426970591061,-1011.465329566278,2784,1,44.621,
2869,2019-05-27T10:57:16Z,45.55880000,6.09891667,1826.00,-169.426970591061,-1010.465329566278,2785,1,44.625,
2870,2019-05-27T10:57:17Z,45.55871667,6.09891667,1828.00,-168.426970591061,-1009.465329566278,2786,1,44.63,
2871,2019-05-27T10:57:18Z,45.55866667,6.09896667,1829.00,-167.426970591061,-1008.465329566278,2787,1,44.629,
2872,2019-05-27T10:57:19Z,45.55861667,6.09900000,1829.00,-166.426970591061,-1007.465329566278,2788,1,44.63,
2873,2019-05-27T10:57:20Z,45.55851667,6.09905000,1828.00,-165.426970591061,-1006.465329566278,2789,1,44.633,
2874,2019-05-27T10:57:21Z,45.55845000,6.09911667,1827.00,-164.426970591061,-1005.465329566278,2790,1,44.633,
2875,2019-05-27T10:57:22Z,45.55836667,6.09916667,1825.00,-163.426970591061,-1004.465329566278,2791,1,44.634,
2876,2019-05-27T10:57:23Z,45.55826667,6.09920000,1823.00,-162.426970591061,-1003.465329566278,2792,1,44.638,
2877,2019-05-27T10:57:24Z,45.55816667,6.09921667,1822.00,-161.426970591061,-1002.465329566278,2793,1,44.643,
2878,2019-05-27T10:57:25Z,45.55811667,6.09925000,1821.00,-160.426970591061,-1001.465329566278,2794,1,44.644,
2879,2019-05-27T10:57:26Z,45.55805000,6.09931667,1820.00,-159.426970591061,-1000.465329566278,2795,1,44.644,
2880,2019-05-27T10:57:27Z,45.55796667,6.09941667,1818.00,-158.426970591061,-999.465329566278,2796,1,44.642,
2881,2019-05-27T10:57:28Z,45.55791667,6.09951667,1816.00,-157.426970591061,-998.465329566278,2797,1,44.639,
2882,2019-05-27T10:57:29Z,45.55791667,6.09966667,1815.00,-156.426970591061,-997.465329566278,2798,1,44.629,
2883,2019-05-27T10:57:30Z,45.55790000,6.09985000,1814.00,-155.426970591061,-996.465329566278,2799,1,44.618,
2884,2019-05-27T10:57:31Z,45.55790000,6.10001667,1814.00,-154.426970591061,-995.465329566278,2800,1,44.607,
2885,2019-05-27T10:57:32Z,45.55790000,6.10016667,1815.00,-153.426970591061,-994.465329566278,2801,1,44.597,
2886,2019-05-27T10:57:33Z,45.55791667,6.10031667,1817.00,-152.426970591061,-993.465329566278,2802,1,44.586,
2887,2019-05-27T10:57:34Z,45.55791667,6.10046667,1817.00,-151.426970591061,-992.465329566278,2803,1,44.577,
2888,2019-05-27T10:57:35Z,45.55795000,6.10061667,1817.00,-150.426970591061,-991.465329566278,2804,1,44.565,
2889,2019-05-27T10:57:36Z,45.55796667,6.10076667,1815.00,-149.426970591061,-990.465329566278,2805,1,44.554,
2890,2019-05-27T10:57:37Z,45.55801667,6.10091667,1813.00,-148.426970591061,-989.465329566278,2806,1,44.541,
2891,2019-05-27T10:57:38Z,45.55806667,6.10110000,1812.00,-147.426970591061,-988.465329566278,2807,1,44.526,
2892,2019-05-27T10:57:39Z,45.55811667,6.10125000,1811.00,-146.426970591061,-987.465329566278,2808,1,44.513,
2893,2019-05-27T10:57:40Z,45.55816667,6.10140000,1810.00,-145.426970591061,-986.465329566278,2809,1,44.5,
2894,2019-05-27T10:57:41Z,45.55821667,6.10151667,1810.00,-144.426970591061,-985.465329566278,2810,1,44.49,
2895,2019-05-27T10:57:42Z,45.55830000,6.10161667,1810.00,-143.426970591061,-984.465329566278,2811,1,44.478,
2896,2019-05-27T10:57:43Z,45.55836667,6.10166667,1811.00,-142.426970591061,-983.465329566278,2812,1,44.471,
2897,2019-05-27T10:57:44Z,45.55841667,6.10171667,1811.00,-141.426970591061,-982.465329566278,2813,1,44.465,
2898,2019-05-27T10:57:45Z,45.55850000,6.10180000,1810.00,-140.426970591061,-981.465329566278,2814,1,44.454,
2899,2019-05-27T10:57:46Z,45.55856667,6.10186667,1808.00,-139.426970591061,-980.465329566278,2815,1,44.446,
2900,2019-05-27T10:57:47Z,45.55865000,6.10195000,1805.00,-138.426970591061,-979.465329566278,2816,1,44.435,
2901,2019-05-27T10:57:48Z,45.55871667,6.10201667,1803.00,-137.426970591061,-978.465329566278,2817,1,44.427,
2902,2019-05-27T10:57:49Z,45.55881667,6.10210000,1800.00,-136.426970591061,-977.465329566278,2818,1,44.415,
2903,2019-05-27T10:57:50Z,45.55890000,6.10216667,1798.00,-135.426970591061,-976.465329566278,2819,1,44.406,
2904,2019-05-27T10:57:51Z,45.55896667,6.10221667,1796.00,-134.426970591061,-975.465329566278,2820,1,44.399,
2905,2019-05-27T10:57:52Z,45.55905000,6.10226667,1794.00,-133.426970591061,-974.465329566278,2821,1,44.39,
2906,2019-05-27T10:57:53Z,45.55915000,6.10236667,1791.00,-132.426970591061,-973.465329566278,2822,1,44.378,
2907,2019-05-27T10:57:54Z,45.55925000,6.10245000,1788.00,-131.426970591061,-972.465329566278,2823,1,44.366,
2908,2019-05-27T10:57:55Z,45.55931667,6.10250000,1787.00,-130.426970591061,-971.465329566278,2824,1,44.359,
2909,2019-05-27T10:57:56Z,45.55941667,6.10255000,1787.00,-129.426970591061,-970.465329566278,2825,1,44.35,
2910,2019-05-27T10:57:57Z,45.55950000,6.10256667,1787.00,-128.426970591061,-969.465329566278,2826,1,44.343,
2911,2019-05-27T10:57:58Z,45.55960000,6.10261667,1786.00,-127.426970591061,-968.465329566278,2827,1,44.334,
2912,2019-05-27T10:57:59Z,45.55970000,6.10266667,1785.00,-126.426970591061,-967.465329566278,2828,1,44.325,
2913,2019-05-27T10:58:00Z,45.55980000,6.10271667,1784.00,-125.426970591061,-966.465329566278,2829,1,44.316,
2914,2019-05-27T10:58:01Z,45.55986667,6.10276667,1783.00,-124.426970591061,-965.465329566278,2830,1,44.308,
2915,2019-05-27T10:58:02Z,45.55996667,6.10281667,1782.00,-123.426970591061,-964.465329566278,2831,1,44.299,
2916,2019-05-27T10:58:03Z,45.56006667,6.10281667,1780.00,-122.426970591061,-963.465329566278,2832,1,44.293,
2917,2019-05-27T10:58:04Z,45.56016667,6.10281667,1777.00,-121.426970591061,-962.465329566278,2833,1,44.287,
2918,2019-05-27T10:58:05Z,45.56026667,6.10285000,1773.00,-120.426970591061,-961.465329566278,2834,1,44.279,
2919,2019-05-27T10:58:06Z,45.56035000,6.10285000,1770.00,-119.426970591061,-960.465329566278,2835,1,44.274,
2920,2019-05-27T10:58:07Z,45.56041667,6.10286667,1769.00,-118.426970591061,-959.465329566278,2836,1,44.269,
2921,2019-05-27T10:58:08Z,45.56046667,6.10286667,1767.00,-117.426970591061,-958.465329566278,2837,1,44.266,
2922,2019-05-27T10:58:09Z,45.56055000,6.10285000,1765.00,-116.426970591061,-957.465329566278,2838,1,44.262,
2923,2019-05-27T10:58:10Z,45.56060000,6.10281667,1763.00,-115.426970591061,-956.465329566278,2839,1,44.261,
2924,2019-05-27T10:58:11Z,45.56066667,6.10276667,1760.00,-114.426970591061,-955.465329566278,2840,1,44.26,
2925,2019-05-27T10:58:12Z,45.56076667,6.10270000,1758.00,-113.426970591061,-954.465329566278,2841,1,44.259,
2926,2019-05-27T10:58:13Z,45.56081667,6.10261667,1757.00,-112.426970591061,-953.465329566278,2842,1,44.261,
2927,2019-05-27T10:58:14Z,45.56086667,6.10251667,1756.00,-111.426970591061,-952.465329566278,2843,1,44.265,
2928,2019-05-27T10:58:15Z,45.56091667,6.10241667,1755.00,-110.426970591061,-951.465329566278,2844,1,44.269,
2929,2019-05-27T10:58:16Z,45.56096667,6.10231667,1754.00,-109.426970591061,-950.465329566278,2845,1,44.272,
2930,2019-05-27T10:58:17Z,45.56100000,6.10221667,1751.00,-108.426970591061,-949.465329566278,2846,1,44.277,
2931,2019-05-27T10:58:18Z,45.56101667,6.10215000,1748.00,-107.426970591061,-948.465329566278,2847,1,44.28,
2932,2019-05-27T10:58:19Z,45.56106667,6.10205000,1745.00,-106.426970591061,-947.465329566278,2848,1,44.284,
2933,2019-05-27T10:58:20Z,45.56110000,6.10195000,1743.00,-105.426970591061,-946.465329566278,2849,1,44.289,
2934,2019-05-27T10:58:21Z,45.56115000,6.10181667,1740.00,-104.426970591061,-945.465329566278,2850,1,44.294,
2935,2019-05-27T10:58:22Z,45.56116667,6.10170000,1738.00,-103.426970591061,-944.465329566278,2851,1,44.301,
2936,2019-05-27T10:58:23Z,45.56121667,6.10156667,1736.00,-102.426970591061,-943.465329566278,2852,1,44.307,
2937,2019-05-27T10:58:24Z,45.56121667,6.10145000,1735.00,-101.426970591061,-942.465329566278,2853,1,44.315,
2938,2019-05-27T10:58:25Z,45.56126667,6.10131667,1736.00,-100.426970591061,-941.465329566278,2854,1,44.321,
2939,2019-05-27T10:58:26Z,45.56130000,6.10121667,1736.00,-99.426970591061,-940.465329566278,2855,1,44.325,
2940,2019-05-27T10:58:27Z,45.56131667,6.10110000,1736.00,-98.426970591061,-939.465329566278,2856,1,44.332,
2941,2019-05-27T10:58:28Z,45.56135000,6.10100000,1737.00,-97.426970591061,-938.465329566278,2857,1,44.337,
2942,2019-05-27T10:58:29Z,45.56136667,6.10086667,1737.00,-96.426970591061,-937.465329566278,2858,1,44.344,
2943,2019-05-27T10:58:30Z,45.56136667,6.10076667,1737.00,-95.426970591061,-936.465329566278,2859,1,44.351,
2944,2019-05-27T10:58:31Z,45.56135000,6.10066667,1737.00,-94.426970591061,-935.465329566278,2860,1,44.359,
2945,2019-05-27T10:58:32Z,45.56135000,6.10056667,1737.00,-93.426970591061,-934.465329566278,2861,1,44.365,
2946,2019-05-27T10:58:33Z,45.56136667,6.10041667,1738.00,-92.426970591061,-933.465329566278,2862,1,44.374,
2947,2019-05-27T10:58:34Z,45.56136667,6.10031667,1738.00,-91.426970591061,-932.465329566278,2863,1,44.381,
2948,2019-05-27T10:58:35Z,45.56136667,6.10021667,1739.00,-90.426970591061,-931.465329566278,2864,1,44.388,
2949,2019-05-27T10:58:36Z,45.56135000,6.10011667,1739.00,-89.426970591061,-930.465329566278,2865,1,44.395,
2950,2019-05-27T10:58:37Z,45.56130000,6.10001667,1739.00,-88.426970591061,-929.465329566278,2866,1,44.405,
2951,2019-05-27T10:58:38Z,45.56126667,6.09995000,1739.00,-87.426970591061,-928.465329566278,2867,1,44.411,
2952,2019-05-27T10:58:39Z,45.56121667,6.09985000,1739.00,-86.426970591061,-927.465329566278,2868,1,44.421,
2953,2019-05-27T10:58:40Z,45.56116667,6.09976667,1739.00,-85.426970591061,-926.465329566278,2869,1,44.429,
2954,2019-05-27T10:58:41Z,45.56111667,6.09966667,1740.00,-84.426970591061,-925.465329566278,2870,1,44.439,
2955,2019-05-27T10:58:42Z,45.56106667,6.09956667,1740.00,-83.426970591061,-924.465329566278,2871,1,44.448,
2956,2019-05-27T10:58:43Z,45.56101667,6.09946667,1741.00,-82.426970591061,-923.465329566278,2872,1,44.458,
2957,2019-05-27T10:58:44Z,45.56096667,6.09936667,1742.00,-81.426970591061,-922.465329566278,2873,1,44.467,
2958,2019-05-27T10:58:45Z,45.56091667,6.09925000,1745.00,-80.426970591061,-921.465329566278,2874,1,44.478,
2959,2019-05-27T10:58:46Z,45.56085000,6.09916667,1748.00,-79.426970591061,-920.465329566278,2875,1,44.487,
2960,2019-05-27T10:58:47Z,45.56080000,6.09906667,1753.00,-78.426970591061,-919.465329566278,2876,1,44.497,
2961,2019-05-27T10:58:48Z,45.56071667,6.09901667,1756.00,-77.426970591061,-918.465329566278,2877,1,44.505,
2962,2019-05-27T10:58:49Z,45.56066667,6.09896667,1759.00,-76.426970591061,-917.465329566278,2878,1,44.511,
2963,2019-05-27T10:58:50Z,45.56056667,6.09890000,1760.00,-75.426970591061,-916.465329566278,2879,1,44.521,
2964,2019-05-27T10:58:51Z,45.56046667,6.09886667,1761.00,-74.426970591061,-915.465329566278,2880,1,44.53,
2965,2019-05-27T10:58:52Z,45.56036667,6.09885000,1763.00,-73.426970591061,-914.465329566278,2881,1,44.536,
2966,2019-05-27T10:58:53Z,45.56030000,6.09885000,1765.00,-72.426970591061,-913.465329566278,2882,1,44.54,
2967,2019-05-27T10:58:54Z,45.56021667,6.09886667,1767.00,-71.426970591061,-912.465329566278,2883,1,44.544,
2968,2019-05-27T10:58:55Z,45.56016667,6.09890000,1769.00,-70.426970591061,-911.465329566278,2884,1,44.545,
2969,2019-05-27T10:58:56Z,45.56011667,6.09891667,1769.00,-69.426970591061,-910.465329566278,2885,1,44.547,
2970,2019-05-27T10:58:57Z,45.56001667,6.09895000,1769.00,-68.426970591061,-909.465329566278,2886,1,44.55,
2971,2019-05-27T10:58:58Z,45.55995000,6.09901667,1767.00,-67.426970591061,-908.465329566278,2887,1,44.55,
2972,2019-05-27T10:58:59Z,45.55986667,6.09906667,1767.00,-66.426970591061,-907.465329566278,2888,1,44.552,
2973,2019-05-27T10:59:00Z,45.55980000,6.09911667,1769.00,-65.426970591061,-906.465329566278,2889,1,44.552,
2974,2019-05-27T10:59:01Z,45.55971667,6.09920000,1772.00,-64.426970591061,-905.465329566278,2890,1,44.552,
2975,2019-05-27T10:59:02Z,45.55966667,6.09925000,1774.00,-63.426970591061,-904.465329566278,2891,1,44.551,
2976,2019-05-27T10:59:03Z,45.55961667,6.09931667,1775.00,-62.426970591061,-903.465329566278,2892,1,44.55,
2977,2019-05-27T10:59:04Z,45.55956667,6.09940000,1775.00,-61.426970591061,-902.465329566278,2893,1,44.547,
2978,2019-05-27T10:59:05Z,45.55951667,6.09950000,1775.00,-60.426970591061,-901.465329566278,2894,1,44.544,
2979,2019-05-27T10:59:06Z,45.55946667,6.09960000,1775.00,-59.426970591061,-900.465329566278,2895,1,44.54,
2980,2019-05-27T10:59:07Z,45.55941667,6.09970000,1776.00,-58.426970591061,-899.465329566278,2896,1,44.536,
2981,2019-05-27T10:59:08Z,45.55936667,6.09976667,1777.00,-57.426970591061,-898.465329566278,2897,1,44.535,
2982,2019-05-27T10:59:09Z,45.55935000,6.09985000,1778.00,-56.426970591061,-897.465329566278,2898,1,44.531,
2983,2019-05-27T10:59:10Z,45.55930000,6.09991667,1779.00,-55.426970591061,-896.465329566278,2899,1,44.529,
2984,2019-05-27T10:59:11Z,45.55921667,6.10000000,1779.00,-54.426970591061,-895.465329566278,2900,1,44.529,
2985,2019-05-27T10:59:12Z,45.55916667,6.10006667,1778.00,-53.426970591061,-894.465329566278,2901,1,44.527,
2986,2019-05-27T10:59:13Z,45.55906667,6.10015000,1779.00,-52.426970591061,-893.465329566278,2902,1,44.528,
2987,2019-05-27T10:59:14Z,45.55901667,6.10020000,1780.00,-51.426970591061,-892.465329566278,2903,1,44.528,
2988,2019-05-27T10:59:15Z,45.55895000,6.10025000,1780.00,-50.426970591061,-891.465329566278,2904,1,44.528,
2989,2019-05-27T10:59:16Z,45.55890000,6.10031667,1781.00,-49.426970591061,-890.465329566278,2905,1,44.527,
2990,2019-05-27T10:59:17Z,45.55885000,6.10041667,1782.00,-48.426970591061,-889.465329566278,2906,1,44.523,
2991,2019-05-27T10:59:18Z,45.55885000,6.10051667,1781.00,-47.426970591061,-888.465329566278,2907,1,44.517,
2992,2019-05-27T10:59:19Z,45.55886667,6.10065000,1781.00,-46.426970591061,-887.465329566278,2908,1,44.507,
2993,2019-05-27T10:59:20Z,45.55890000,6.10075000,1780.00,-45.426970591061,-886.465329566278,2909,1,44.499,
2994,2019-05-27T10:59:21Z,45.55895000,6.10085000,1780.00,-44.426970591061,-885.465329566278,2910,1,44.489,
2995,2019-05-27T10:59:22Z,45.55901667,6.10091667,1780.00,-43.426970591061,-884.465329566278,2911,1,44.481,
2996,2019-05-27T10:59:23Z,45.55911667,6.10096667,1779.00,-42.426970591061,-883.465329566278,2912,1,44.471,
2997,2019-05-27T10:59:24Z,45.55920000,6.10100000,1779.00,-41.426970591061,-882.465329566278,2913,1,44.464,
2998,2019-05-27T10:59:25Z,45.55926667,6.10101667,1779.00,-40.426970591061,-881.465329566278,2914,1,44.459,
2999,2019-05-27T10:59:26Z,45.55936667,6.10101667,1779.00,-39.426970591061,-880.465329566278,2915,1,44.453,
3000,2019-05-27T10:59:27Z,45.55946667,6.10100000,1779.00,-38.426970591061,-879.465329566278,2916,1,44.448,
3001,2019-05-27T10:59:28Z,45.55956667,6.10096667,1779.00,-37.426970591061,-878.465329566278,2917,1,44.444,
3002,2019-05-27T10:59:29Z,45.55965000,6.10095000,1779.00,-36.426970591061,-877.465329566278,2918,1,44.44,
3003,2019-05-27T10:59:30Z,45.55971667,6.10090000,1778.00,-35.426970591061,-876.465329566278,2919,1,44.44,
3004,2019-05-27T10:59:31Z,45.55981667,6.10081667,1778.00,-34.426970591061,-875.465329566278,2920,1,44.439,
3005,2019-05-27T10:59:32Z,45.55990000,6.10076667,1777.00,-33.426970591061,-874.465329566278,2921,1,44.438,
3006,2019-05-27T10:59:33Z,45.55996667,6.10066667,1776.00,-32.426970591061,-873.465329566278,2922,1,44.44,
3007,2019-05-27T10:59:34Z,45.56005000,6.10060000,1776.00,-31.426970591061,-872.465329566278,2923,1,44.44,
3008,2019-05-27T10:59:35Z,45.56011667,6.10051667,1776.00,-30.426970591061,-871.465329566278,2924,1,44.441,
3009,2019-05-27T10:59:36Z,45.56021667,6.10046667,1777.00,-29.426970591061,-870.465329566278,2925,1,44.439,
3010,2019-05-27T10:59:37Z,45.56030000,6.10046667,1776.00,-28.426970591061,-869.465329566278,2926,1,44.434,
3011,2019-05-27T10:59:38Z,45.56040000,6.10046667,1776.00,-27.426970591061,-868.465329566278,2927,1,44.428,
3012,2019-05-27T10:59:39Z,45.56046667,6.10051667,1776.00,-26.426970591061,-867.465329566278,2928,1,44.42,
3013,2019-05-27T10:59:40Z,45.56055000,6.10056667,1776.00,-25.426970591061,-866.465329566278,2929,1,44.412,
3014,2019-05-27T10:59:41Z,45.56060000,6.10065000,1775.00,-24.426970591061,-865.465329566278,2930,1,44.404,
3015,2019-05-27T10:59:42Z,45.56061667,6.10075000,1774.00,-23.426970591061,-864.465329566278,2931,1,44.396,
3016,2019-05-27T10:59:43Z,45.56065000,6.10086667,1772.00,-22.426970591061,-863.465329566278,2932,1,44.387,
3017,2019-05-27T10:59:44Z,45.56065000,6.10096667,1771.00,-21.426970591061,-862.465329566278,2933,1,44.38,
3018,2019-05-27T10:59:45Z,45.56065000,6.10111667,1771.00,-20.426970591061,-861.465329566278,2934,1,44.37,
3019,2019-05-27T10:59:46Z,45.56061667,6.10121667,1770.00,-19.426970591061,-860.465329566278,2935,1,44.365,
3020,2019-05-27T10:59:47Z,45.56061667,6.10131667,1771.00,-18.426970591061,-859.465329566278,2936,1,44.359,
3021,2019-05-27T10:59:48Z,45.56061667,6.10141667,1770.00,-17.426970591061,-858.465329566278,2937,1,44.352,
3022,2019-05-27T10:59:49Z,45.56060000,6.10155000,1769.00,-16.426970591061,-857.465329566278,2938,1,44.344,
3023,2019-05-27T10:59:50Z,45.56056667,6.10166667,1767.00,-15.426970591061,-856.465329566278,2939,1,44.339,
3024,2019-05-27T10:59:51Z,45.56051667,6.10176667,1765.00,-14.426970591061,-855.465329566278,2940,1,44.335,
3025,2019-05-27T10:59:52Z,45.56050000,6.10190000,1764.00,-13.426970591061,-854.465329566278,2941,1,44.327,
3026,2019-05-27T10:59:53Z,45.56050000,6.10201667,1764.00,-12.426970591061,-853.465329566278,2942,1,44.32,
3027,2019-05-27T10:59:54Z,45.56051667,6.10211667,1763.00,-11.426970591061,-852.465329566278,2943,1,44.312,
3028,2019-05-27T10:59:55Z,45.56060000,6.10221667,1762.00,-10.426970591061,-851.465329566278,2944,1,44.301,
3029,2019-05-27T10:59:56Z,45.56066667,6.10231667,1760.00,-9.426970591061,-850.465329566278,2945,1,44.29,
3030,2019-05-27T10:59:57Z,45.56076667,6.10241667,1758.00,-8.426970591061,-849.465329566278,2946,1,44.277,
3031,2019-05-27T10:59:58Z,45.56086667,6.10246667,1757.00,-7.426970591061,-848.465329566278,2947,1,44.268,
3032,2019-05-27T10:59:59Z,45.56096667,6.10251667,1757.00,-6.426970591061,-847.465329566278,2948,1,44.259,
3033,2019-05-27T11:00:00Z,45.56105000,6.10251667,1757.00,-5.426970591061,-846.465329566278,2949,1,44.254,
3034,2019-05-27T11:00:01Z,45.56111667,6.10256667,1756.00,-4.426970591061,-845.465329566278,2950,1,44.247,
3035,2019-05-27T11:00:02Z,45.56120000,6.10256667,1755.00,-3.426970591061,-844.465329566278,2951,1,44.242,
3036,2019-05-27T11:00:03Z,45.56126667,6.10261667,1753.00,-2.426970591061,-843.465329566278,2952,1,44.235,
3037,2019-05-27T11:00:04Z,45.56136667,6.10266667,1752.00,-1.426970591061,-842.465329566278,2953,1,44.225,
3038,2019-05-27T11:00:05Z,45.56146667,6.10275000,1750.00,-0.426970591061,-841.465329566278,2954,1,44.214,
3039,2019-05-27T11:00:06Z,45.56155000,6.10281667,1749.00,0.573029408939,-840.465329566278,2955,1,44.205,
3040,2019-05-27T11:00:07Z,45.56161667,6.10291667,1749.00,1.573029408939,-839.465329566278,2956,1,44.194,
3041,2019-05-27T11:00:08Z,45.56171667,6.10301667,1748.00,2.573029408939,-838.465329566278,2957,1,44.182,
3042,2019-05-27T11:00:09Z,45.56176667,6.10311667,1747.00,3.573029408939,-837.465329566278,2958,1,44.172,
3043,2019-05-27T11:00:10Z,45.56181667,6.10321667,1747.00,4.573029408939,-836.465329566278,2959,1,44.163,
3044,2019-05-27T11:00:11Z,45.56190000,6.10331667,1746.00,5.573029408939,-835.465329566278,2960,1,44.151,
3045,2019-05-27T11:00:12Z,45.56195000,6.10345000,1744.00,6.573029408939,-834.465329566278,2961,1,44.139,
3046,2019-05-27T11:00:13Z,45.56200000,6.10356667,1742.00,7.573029408939,-833.465329566278,2962,1,44.129,
3047,2019-05-27T11:00:14Z,45.56206667,6.10370000,1739.00,8.573029408939,-832.465329566278,2963,1,44.116,
3048,2019-05-27T11:00:15Z,45.56211667,6.10381667,1737.00,9.573029408939,-831.465329566278,2964,1,44.105,
3049,2019-05-27T11:00:16Z,45.56216667,6.10391667,1736.00,10.573029408939,-830.465329566278,2965,1,44.096,
3050,2019-05-27T11:00:17Z,45.56225000,6.10401667,1736.00,11.573029408939,-829.465329566278,2966,1,44.084,
3051,2019-05-27T11:00:18Z,45.56230000,6.10410000,1734.00,12.573029408939,-828.465329566278,2967,1,44.076,
3052,2019-05-27T11:00:19Z,45.56236667,6.10420000,1732.00,13.573029408939,-827.465329566278,2968,1,44.065,
3053,2019-05-27T11:00:20Z,45.56241667,6.10431667,1729.00,14.573029408939,-826.465329566278,2969,1,44.055,
3054,2019-05-27T11:00:21Z,45.56250000,6.10441667,1726.00,15.573029408939,-825.465329566278,2970,1,44.043,
3055,2019-05-27T11:00:22Z,45.56255000,6.10456667,1725.00,16.573029408939,-824.465329566278,2971,1,44.03,
3056,2019-05-27T11:00:23Z,45.56261667,6.10470000,1724.00,17.573029408939,-823.465329566278,2972,1,44.018,
3057,2019-05-27T11:00:24Z,45.56266667,6.10481667,1723.00,18.573029408939,-822.465329566278,2973,1,44.007,
3058,2019-05-27T11:00:25Z,45.56271667,6.10495000,1721.00,19.573029408939,-821.465329566278,2974,1,43.995,
3059,2019-05-27T11:00:26Z,45.56280000,6.10506667,1718.00,20.573029408939,-820.465329566278,2975,1,43.983,
3060,2019-05-27T11:00:27Z,45.56286667,6.10526667,1715.00,21.573029408939,-819.465329566278,2976,1,43.965,
3061,2019-05-27T11:00:28Z,45.56291667,6.10545000,1710.00,22.573029408939,-818.465329566278,2977,1,43.95,
3062,2019-05-27T11:00:29Z,45.56300000,6.10565000,1706.00,23.573029408939,-817.465329566278,2978,1,43.932,
3063,2019-05-27T11:00:30Z,45.56305000,6.10586667,1701.00,24.573029408939,-816.465329566278,2979,1,43.915,
3064,2019-05-27T11:00:31Z,45.56310000,6.10610000,1698.00,25.573029408939,-815.465329566278,2980,1,43.897,
3065,2019-05-27T11:00:32Z,45.56311667,6.10631667,1695.00,26.573029408939,-814.465329566278,2981,1,43.881,
3066,2019-05-27T11:00:33Z,45.56316667,6.10651667,1694.00,27.573029408939,-813.465329566278,2982,1,43.865,
3067,2019-05-27T11:00:34Z,45.56321667,6.10671667,1695.00,28.573029408939,-812.465329566278,2983,1,43.849,
3068,2019-05-27T11:00:35Z,45.56325000,6.10690000,1698.00,29.573029408939,-811.465329566278,2984,1,43.835,
3069,2019-05-27T11:00:36Z,45.56326667,6.10701667,1701.00,30.573029408939,-810.465329566278,2985,1,43.826,
3070,2019-05-27T11:00:37Z,45.56330000,6.10716667,1703.00,31.573029408939,-809.465329566278,2986,1,43.814,
3071,2019-05-27T11:00:38Z,45.56331667,6.10730000,1704.00,32.573029408939,-808.465329566278,2987,1,43.805,
3072,2019-05-27T11:00:39Z,45.56331667,6.10745000,1702.00,33.573029408939,-807.465329566278,2988,1,43.795,
3073,2019-05-27T11:00:40Z,45.56336667,6.10760000,1699.00,34.573029408939,-806.465329566278,2989,1,43.782,
3074,2019-05-27T11:00:41Z,45.56345000,6.10776667,1695.00,35.573029408939,-805.465329566278,2990,1,43.766,
3075,2019-05-27T11:00:42Z,45.56351667,6.10796667,1692.00,36.573029408939,-804.465329566278,2991,1,43.749,
3076,2019-05-27T11:00:43Z,45.56355000,6.10816667,1691.00,37.573029408939,-803.465329566278,2992,1,43.734,
3077,2019-05-27T11:00:44Z,45.56356667,6.10831667,1693.00,38.573029408939,-802.465329566278,2993,1,43.723,
3078,2019-05-27T11:00:45Z,45.56356667,6.10846667,1695.00,39.573029408939,-801.465329566278,2994,1,43.713,
3079,2019-05-27T11:00:46Z,45.56360000,6.10860000,1695.00,40.573029408939,-800.465329566278,2995,1,43.702,
3080,2019-05-27T11:00:47Z,45.56361667,6.10871667,1694.00,41.573029408939,-799.465329566278,2996,1,43.694,
3081,2019-05-27T11:00:48Z,45.56366667,6.10885000,1691.00,42.573029408939,-798.465329566278,2997,1,43.682,
3082,2019-05-27T11:00:49Z,45.56370000,6.10896667,1689.00,43.573029408939,-797.465329566278,2998,1,43.672,
3083,2019-05-27T11:00:50Z,45.56375000,6.10911667,1686.00,44.573029408939,-796.465329566278,2999,1,43.659,
3084,2019-05-27T11:00:51Z,45.56380000,6.10926667,1682.00,45.573029408939,-795.465329566278,3000,1,43.647,
3085,2019-05-27T11:00:52Z,45.56386667,6.10941667,1680.00,46.573029408939,-794.465329566278,3001,1,43.633,
3086,2019-05-27T11:00:53Z,45.56391667,6.10955000,1679.00,47.573029408939,-793.465329566278,3002,1,43.621,
3087,2019-05-27T11:00:54Z,45.56396667,6.10966667,1679.00,48.573029408939,-792.465329566278,3003,1,43.61,
3088,2019-05-27T11:00:55Z,45.56401667,6.10976667,1680.00,49.573029408939,-791.465329566278,3004,1,43.601,
3089,2019-05-27T11:00:56Z,45.56405000,6.10990000,1680.00,50.573029408939,-790.465329566278,3005,1,43.59,
3090,2019-05-27T11:00:57Z,45.56410000,6.11001667,1680.00,51.573029408939,-789.465329566278,3006,1,43.579,
3091,2019-05-27T11:00:58Z,45.56415000,6.11015000,1679.00,52.573029408939,-788.465329566278,3007,1,43.568,
3092,2019-05-27T11:00:59Z,45.56420000,6.11026667,1677.00,53.573029408939,-787.465329566278,3008,1,43.557,
3093,2019-05-27T11:01:00Z,45.56425000,6.11040000,1677.00,54.573029408939,-786.465329566278,3009,1,43.545,
3094,2019-05-27T11:01:01Z,45.56426667,6.11051667,1677.00,55.573029408939,-785.465329566278,3010,1,43.537,
3095,2019-05-27T11:01:02Z,45.56431667,6.11061667,1676.00,56.573029408939,-784.465329566278,3011,1,43.527,
3096,2019-05-27T11:01:03Z,45.56440000,6.11075000,1674.00,57.573029408939,-783.465329566278,3012,1,43.513,
3097,2019-05-27T11:01:04Z,45.56446667,6.11086667,1673.00,58.573029408939,-782.465329566278,3013,1,43.502,
3098,2019-05-27T11:01:05Z,45.56455000,6.11096667,1673.00,59.573029408939,-781.465329566278,3014,1,43.49,
3099,2019-05-27T11:01:06Z,45.56461667,6.11110000,1674.00,60.573029408939,-780.465329566278,3015,1,43.477,
3100,2019-05-27T11:01:07Z,45.56470000,6.11116667,1676.00,61.573029408939,-779.465329566278,3016,1,43.468,
3101,2019-05-27T11:01:08Z,45.56475000,6.11125000,1678.00,62.573029408939,-778.465329566278,3017,1,43.46,
3102,2019-05-27T11:01:09Z,45.56480000,6.11131667,1681.00,63.573029408939,-777.465329566278,3018,1,43.452,
3103,2019-05-27T11:01:10Z,45.56485000,6.11136667,1682.00,64.573029408939,-776.465329566278,3019,1,43.446,
3104,2019-05-27T11:01:11Z,45.56490000,6.11146667,1683.00,65.573029408939,-775.465329566278,3020,1,43.436,
3105,2019-05-27T11:01:12Z,45.56495000,6.11155000,1684.00,66.573029408939,-774.465329566278,3021,1,43.428,
3106,2019-05-27T11:01:13Z,45.56501667,6.11161667,1684.00,67.573029408939,-773.465329566278,3022,1,43.42,
3107,2019-05-27T11:01:14Z,45.56506667,6.11171667,1684.00,68.573029408939,-772.465329566278,3023,1,43.41,
3108,2019-05-27T11:01:15Z,45.56515000,6.11180000,1685.00,69.573029408939,-771.465329566278,3024,1,43.4,
3109,2019-05-27T11:01:16Z,45.56521667,6.11186667,1686.00,70.573029408939,-770.465329566278,3025,1,43.391,
3110,2019-05-27T11:01:17Z,45.56526667,6.11196667,1687.00,71.573029408939,-769.465329566278,3026,1,43.382,
3111,2019-05-27T11:01:18Z,45.56531667,6.11205000,1688.00,72.573029408939,-768.465329566278,3027,1,43.373,
3112,2019-05-27T11:01:19Z,45.56536667,6.11215000,1689.00,73.573029408939,-767.465329566278,3028,1,43.364,
3113,2019-05-27T11:01:20Z,45.56541667,6.11221667,1691.00,74.573029408939,-766.465329566278,3029,1,43.356,
3114,2019-05-27T11:01:21Z,45.56550000,6.11230000,1692.00,75.573029408939,-765.465329566278,3030,1,43.346,
3115,2019-05-27T11:01:22Z,45.56555000,6.11236667,1694.00,76.573029408939,-764.465329566278,3031,1,43.339,
3116,2019-05-27T11:01:23Z,45.56561667,6.11246667,1695.00,77.573029408939,-763.465329566278,3032,1,43.328,
3117,2019-05-27T11:01:24Z,45.56566667,6.11256667,1696.00,78.573029408939,-762.465329566278,3033,1,43.319,
3118,2019-05-27T11:01:25Z,45.56571667,6.11266667,1698.00,79.573029408939,-761.465329566278,3034,1,43.309,
3119,2019-05-27T11:01:26Z,45.56576667,6.11271667,1698.00,80.573029408939,-760.465329566278,3035,1,43.303,
3120,2019-05-27T11:01:27Z,45.56585000,6.11281667,1699.00,81.573029408939,-759.465329566278,3036,1,43.291,
3121,2019-05-27T11:01:28Z,45.56590000,6.11290000,1699.00,82.573029408939,-758.465329566278,3037,1,43.283,
3122,2019-05-27T11:01:29Z,45.56595000,6.11296667,1700.00,83.573029408939,-757.465329566278,3038,1,43.275,
3123,2019-05-27T11:01:30Z,45.56600000,6.11306667,1699.00,84.573029408939,-756.465329566278,3039,1,43.266,
3124,2019-05-27T11:01:31Z,45.56606667,6.11316667,1700.00,85.573029408939,-755.465329566278,3040,1,43.255,
3125,2019-05-27T11:01:32Z,45.56611667,6.11326667,1700.00,86.573029408939,-754.465329566278,3041,1,43.246,
3126,2019-05-27T11:01:33Z,45.56615000,6.11336667,1700.00,87.573029408939,-753.465329566278,3042,1,43.237,
3127,2019-05-27T11:01:34Z,45.56620000,6.11346667,1699.00,88.573029408939,-752.465329566278,3043,1,43.228,
3128,2019-05-27T11:01:35Z,45.56621667,6.11351667,1700.00,89.573029408939,-751.465329566278,3044,1,43.223,
3129,2019-05-27T11:01:36Z,45.56626667,6.11361667,1700.00,90.573029408939,-750.465329566278,3045,1,43.214,
3130,2019-05-27T11:01:37Z,45.56631667,6.11371667,1700.00,91.573029408939,-749.465329566278,3046,1,43.204,
3131,2019-05-27T11:01:38Z,45.56635000,6.11381667,1700.00,92.573029408939,-748.465329566278,3047,1,43.196,
3132,2019-05-27T11:01:39Z,45.56636667,6.11391667,1700.00,93.573029408939,-747.465329566278,3048,1,43.188,
3133,2019-05-27T11:01:40Z,45.56641667,6.11401667,1700.00,94.573029408939,-746.465329566278,3049,1,43.179,
3134,2019-05-27T11:01:41Z,45.56645000,6.11411667,1700.00,95.573029408939,-745.465329566278,3050,1,43.17,
3135,2019-05-27T11:01:42Z,45.56650000,6.11425000,1699.00,96.573029408939,-744.465329566278,3051,1,43.158,
3136,2019-05-27T11:01:43Z,45.56655000,6.11435000,1699.00,97.573029408939,-743.465329566278,3052,1,43.149,
3137,2019-05-27T11:01:44Z,45.56661667,6.11441667,1698.00,98.573029408939,-742.465329566278,3053,1,43.14,
3138,2019-05-27T11:01:45Z,45.56666667,6.11451667,1698.00,99.573029408939,-741.465329566278,3054,1,43.131,
3139,2019-05-27T11:01:46Z,45.56671667,6.11461667,1697.00,100.573029408939,-740.465329566278,3055,1,43.121,
3140,2019-05-27T11:01:47Z,45.56680000,6.11471667,1696.00,101.573029408939,-739.465329566278,3056,1,43.11,
3141,2019-05-27T11:01:48Z,45.56686667,6.11485000,1695.00,102.573029408939,-738.465329566278,3057,1,43.097,
3142,2019-05-27T11:01:49Z,45.56691667,6.11496667,1694.00,103.573029408939,-737.465329566278,3058,1,43.086,
3143,2019-05-27T11:01:50Z,45.56696667,6.11506667,1692.00,104.573029408939,-736.465329566278,3059,1,43.077,
3144,2019-05-27T11:01:51Z,45.56705000,6.11521667,1690.00,105.573029408939,-735.465329566278,3060,1,43.062,
3145,2019-05-27T11:01:52Z,45.56711667,6.11535000,1688.00,106.573029408939,-734.465329566278,3061,1,43.049,
3146,2019-05-27T11:01:53Z,45.56720000,6.11546667,1687.00,107.573029408939,-733.465329566278,3062,1,43.037,
3147,2019-05-27T11:01:54Z,45.56725000,6.11556667,1687.00,108.573029408939,-732.465329566278,3063,1,43.027,
3148,2019-05-27T11:01:55Z,45.56730000,6.11565000,1687.00,109.573029408939,-731.465329566278,3064,1,43.019,
3149,2019-05-27T11:01:56Z,45.56731667,6.11571667,1688.00,110.573029408939,-730.465329566278,3065,1,43.013,
3150,2019-05-27T11:01:57Z,45.56731667,6.11581667,1686.00,111.573029408939,-729.465329566278,3066,1,43.007,
3151,2019-05-27T11:01:58Z,45.56736667,6.11590000,1683.00,112.573029408939,-728.465329566278,3067,1,42.998,
3152,2019-05-27T11:01:59Z,45.56741667,6.11601667,1679.00,113.573029408939,-727.465329566278,3068,1,42.988,
3153,2019-05-27T11:02:00Z,45.56751667,6.11615000,1673.00,114.573029408939,-726.465329566278,3069,1,42.973,
3154,2019-05-27T11:02:01Z,45.56760000,6.11630000,1668.00,115.573029408939,-725.465329566278,3070,1,42.958,
3155,2019-05-27T11:02:02Z,45.56766667,6.11645000,1664.00,116.573029408939,-724.465329566278,3071,1,42.944,
3156,2019-05-27T11:02:03Z,45.56776667,6.11656667,1664.00,117.573029408939,-723.465329566278,3072,1,42.931,
3157,2019-05-27T11:02:04Z,45.56781667,6.11670000,1664.00,118.573029408939,-722.465329566278,3073,1,42.919,
3158,2019-05-27T11:02:05Z,45.56786667,6.11681667,1664.00,119.573029408939,-721.465329566278,3074,1,42.908,
3159,2019-05-27T11:02:06Z,45.56791667,6.11696667,1662.00,120.573029408939,-720.465329566278,3075,1,42.895,
3160,2019-05-27T11:02:07Z,45.56796667,6.11711667,1660.00,121.573029408939,-719.465329566278,3076,1,42.883,
3161,2019-05-27T11:02:08Z,45.56805000,6.11726667,1657.00,122.573029408939,-718.465329566278,3077,1,42.868,
3162,2019-05-27T11:02:09Z,45.56811667,6.11745000,1655.00,123.573029408939,-717.465329566278,3078,1,42.852,
3163,2019-05-27T11:02:10Z,45.56816667,6.11761667,1654.00,124.573029408939,-716.465329566278,3079,1,42.838,
3164,2019-05-27T11:02:11Z,45.56825000,6.11775000,1654.00,125.573029408939,-715.465329566278,3080,1,42.824,
3165,2019-05-27T11:02:12Z,45.56831667,6.11786667,1654.00,126.573029408939,-714.465329566278,3081,1,42.812,
3166,2019-05-27T11:02:13Z,45.56836667,6.11801667,1654.00,127.573029408939,-713.465329566278,3082,1,42.8,
3167,2019-05-27T11:02:14Z,45.56845000,6.11815000,1652.00,128.573029408939,-712.465329566278,3083,1,42.786,
3168,2019-05-27T11:02:15Z,45.56851667,6.11831667,1650.00,129.573029408939,-711.465329566278,3084,1,42.771,
3169,2019-05-27T11:02:16Z,45.56856667,6.11846667,1649.00,130.573029408939,-710.465329566278,3085,1,42.758,
3170,2019-05-27T11:02:17Z,45.56861667,6.11866667,1649.00,131.573029408939,-709.465329566278,3086,1,42.742,
3171,2019-05-27T11:02:18Z,45.56866667,6.11881667,1648.00,132.573029408939,-708.465329566278,3087,1,42.729,
3172,2019-05-27T11:02:19Z,45.56870000,6.11900000,1649.00,133.573029408939,-707.465329566278,3088,1,42.715,
3173,2019-05-27T11:02:20Z,45.56871667,6.11916667,1649.00,134.573029408939,-706.465329566278,3089,1,42.703,
3174,2019-05-27T11:02:21Z,45.56876667,6.11935000,1648.00,135.573029408939,-705.465329566278,3090,1,42.688,
3175,2019-05-27T11:02:22Z,45.56880000,6.11951667,1647.00,136.573029408939,-704.465329566278,3091,1,42.675,
3176,2019-05-27T11:02:23Z,45.56881667,6.11970000,1645.00,137.573029408939,-703.465329566278,3092,1,42.662,
3177,2019-05-27T11:02:24Z,45.56885000,6.11986667,1645.00,138.573029408939,-702.465329566278,3093,1,42.649,
3178,2019-05-27T11:02:25Z,45.56886667,6.12006667,1644.00,139.573029408939,-701.465329566278,3094,1,42.635,
3179,2019-05-27T11:02:26Z,45.56886667,6.12026667,1643.00,140.573029408939,-700.465329566278,3095,1,42.622,
3180,2019-05-27T11:02:27Z,45.56890000,6.12046667,1642.00,141.573029408939,-699.465329566278,3096,1,42.607,
3181,2019-05-27T11:02:28Z,45.56891667,6.12066667,1642.00,142.573029408939,-698.465329566278,3097,1,42.592,
3182,2019-05-27T11:02:29Z,45.56891667,6.12086667,1642.00,143.573029408939,-697.465329566278,3098,1,42.579,
3183,2019-05-27T11:02:30Z,45.56891667,6.12105000,1641.00,144.573029408939,-696.465329566278,3099,1,42.567,
3184,2019-05-27T11:02:31Z,45.56891667,6.12125000,1641.00,145.573029408939,-695.465329566278,3100,1,42.554,
3185,2019-05-27T11:02:32Z,45.56895000,6.12146667,1640.00,146.573029408939,-694.465329566278,3101,1,42.538,
3186,2019-05-27T11:02:33Z,45.56896667,6.12166667,1639.00,147.573029408939,-693.465329566278,3102,1,42.524,
3187,2019-05-27T11:02:34Z,45.56896667,6.12186667,1639.00,148.573029408939,-692.465329566278,3103,1,42.51,
3188,2019-05-27T11:02:35Z,45.56896667,6.12205000,1640.00,149.573029408939,-691.465329566278,3104,1,42.498,
3189,2019-05-27T11:02:36Z,45.56896667,6.12221667,1641.00,150.573029408939,-690.465329566278,3105,1,42.488,
3190,2019-05-27T11:02:37Z,45.56896667,6.12236667,1642.00,151.573029408939,-689.465329566278,3106,1,42.478,
3191,2019-05-27T11:02:38Z,45.56896667,6.12255000,1642.00,152.573029408939,-688.465329566278,3107,1,42.466,
3192,2019-05-27T11:02:39Z,45.56901667,6.12271667,1641.00,153.573029408939,-687.465329566278,3108,1,42.452,
3193,2019-05-27T11:02:40Z,45.56905000,6.12291667,1638.00,154.573029408939,-686.465329566278,3109,1,42.437,
3194,2019-05-27T11:02:41Z,45.56906667,6.12315000,1634.00,155.573029408939,-685.465329566278,3110,1,42.42,
3195,2019-05-27T11:02:42Z,45.56911667,6.12336667,1632.00,156.573029408939,-684.465329566278,3111,1,42.403,
3196,2019-05-27T11:02:43Z,45.56915000,6.12356667,1633.00,157.573029408939,-683.465329566278,3112,1,42.388,
3197,2019-05-27T11:02:44Z,45.56916667,6.12375000,1636.00,158.573029408939,-682.465329566278,3113,1,42.375,
3198,2019-05-27T11:02:45Z,45.56916667,6.12390000,1640.00,159.573029408939,-681.465329566278,3114,1,42.365,
3199,2019-05-27T11:02:46Z,45.56920000,6.12405000,1643.00,160.573029408939,-680.465329566278,3115,1,42.353,
3200,2019-05-27T11:02:47Z,45.56921667,6.12421667,1644.00,161.573029408939,-679.465329566278,3116,1,42.342,
3201,2019-05-27T11:02:48Z,45.56925000,6.12440000,1644.00,162.573029408939,-678.465329566278,3117,1,42.328,
3202,2019-05-27T11:02:49Z,45.56926667,6.12456667,1644.00,163.573029408939,-677.465329566278,3118,1,42.316,
3203,2019-05-27T11:02:50Z,45.56931667,6.12476667,1642.00,164.573029408939,-676.465329566278,3119,1,42.3,
3204,2019-05-27T11:02:51Z,45.56935000,6.12496667,1643.00,165.573029408939,-675.465329566278,3120,1,42.284,
3205,2019-05-27T11:02:52Z,45.56936667,6.12515000,1645.00,166.573029408939,-674.465329566278,3121,1,42.271,
3206,2019-05-27T11:02:53Z,45.56940000,6.12530000,1649.00,167.573029408939,-673.465329566278,3122,1,42.26,
3207,2019-05-27T11:02:54Z,45.56940000,6.12541667,1652.00,168.573029408939,-672.465329566278,3123,1,42.252,
3208,2019-05-27T11:02:55Z,45.56941667,6.12555000,1654.00,169.573029408939,-671.465329566278,3124,1,42.242,
3209,2019-05-27T11:02:56Z,45.56941667,6.12566667,1654.00,170.573029408939,-670.465329566278,3125,1,42.235,
3210,2019-05-27T11:02:57Z,45.56946667,6.12581667,1654.00,171.573029408939,-669.465329566278,3126,1,42.222,
3211,2019-05-27T11:02:58Z,45.56950000,6.12591667,1654.00,172.573029408939,-668.465329566278,3127,1,42.213,
3212,2019-05-27T11:02:59Z,45.56951667,6.12606667,1654.00,173.573029408939,-667.465329566278,3128,1,42.203,
3213,2019-05-27T11:03:00Z,45.56955000,6.12621667,1653.00,174.573029408939,-666.465329566278,3129,1,42.191,
3214,2019-05-27T11:03:01Z,45.56956667,6.12636667,1651.00,175.573029408939,-665.465329566278,3130,1,42.18,
3215,2019-05-27T11:03:02Z,45.56961667,6.12651667,1650.00,176.573029408939,-664.465329566278,3131,1,42.167,
3216,2019-05-27T11:03:03Z,45.56965000,6.12665000,1650.00,177.573029408939,-663.465329566278,3132,1,42.157,
3217,2019-05-27T11:03:04Z,45.56966667,6.12680000,1649.00,178.573029408939,-662.465329566278,3133,1,42.146,
3218,2019-05-27T11:03:05Z,45.56966667,6.12695000,1649.00,179.573029408939,-661.465329566278,3134,1,42.136,
3219,2019-05-27T11:03:06Z,45.56966667,6.12710000,1650.00,180.573029408939,-660.465329566278,3135,1,42.126,
3220,2019-05-27T11:03:07Z,45.56970000,6.12721667,1651.00,181.573029408939,-659.465329566278,3136,1,42.117,
3221,2019-05-27T11:03:08Z,45.56970000,6.12731667,1651.00,182.573029408939,-658.465329566278,3137,1,42.11,
3222,2019-05-27T11:03:09Z,45.56971667,6.12741667,1651.00,183.573029408939,-657.465329566278,3138,1,42.103,
3223,2019-05-27T11:03:10Z,45.56975000,6.12751667,1649.00,184.573029408939,-656.465329566278,3139,1,42.094,
3224,2019-05-27T11:03:11Z,45.56980000,6.12761667,1647.00,185.573029408939,-655.465329566278,3140,1,42.084,
3225,2019-05-27T11:03:12Z,45.56985000,6.12771667,1645.00,186.573029408939,-654.465329566278,3141,1,42.075,
3226,2019-05-27T11:03:13Z,45.56990000,6.12780000,1643.00,187.573029408939,-653.465329566278,3142,1,42.066,
3227,2019-05-27T11:03:14Z,45.56991667,6.12786667,1643.00,188.573029408939,-652.465329566278,3143,1,42.061,
3228,2019-05-27T11:03:15Z,45.56996667,6.12796667,1642.00,189.573029408939,-651.465329566278,3144,1,42.052,
3229,2019-05-27T11:03:16Z,45.57000000,6.12810000,1641.00,190.573029408939,-650.465329566278,3145,1,42.041,
3230,2019-05-27T11:03:17Z,45.57001667,6.12820000,1639.00,191.573029408939,-649.465329566278,3146,1,42.033,
3231,2019-05-27T11:03:18Z,45.57006667,6.12831667,1635.00,192.573029408939,-648.465329566278,3147,1,42.023,
3232,2019-05-27T11:03:19Z,45.57015000,6.12841667,1630.00,193.573029408939,-647.465329566278,3148,1,42.011,
3233,2019-05-27T11:03:20Z,45.57021667,6.12856667,1624.00,194.573029408939,-646.465329566278,3149,1,41.997,
3234,2019-05-27T11:03:21Z,45.57031667,6.12870000,1621.00,195.573029408939,-645.465329566278,3150,1,41.982,
3235,2019-05-27T11:03:22Z,45.57036667,6.12881667,1619.00,196.573029408939,-644.465329566278,3151,1,41.972,
3236,2019-05-27T11:03:23Z,45.57041667,6.12891667,1619.00,197.573029408939,-643.465329566278,3152,1,41.962,
3237,2019-05-27T11:03:24Z,45.57050000,6.12901667,1618.00,198.573029408939,-642.465329566278,3153,1,41.951,
3238,2019-05-27T11:03:25Z,45.57056667,6.12911667,1615.00,199.573029408939,-641.465329566278,3154,1,41.94,
3239,2019-05-27T11:03:26Z,45.57061667,6.12926667,1612.00,200.573029408939,-640.465329566278,3155,1,41.927,
3240,2019-05-27T11:03:27Z,45.57071667,6.12941667,1607.00,201.573029408939,-639.465329566278,3156,1,41.911,
3241,2019-05-27T11:03:28Z,45.57076667,6.12956667,1602.00,202.573029408939,-638.465329566278,3157,1,41.899,
3242,2019-05-27T11:03:29Z,45.57085000,6.12971667,1599.00,203.573029408939,-637.465329566278,3158,1,41.884,
3243,2019-05-27T11:03:30Z,45.57090000,6.12986667,1599.00,204.573029408939,-636.465329566278,3159,1,41.871,
3244,2019-05-27T11:03:31Z,45.57095000,6.13000000,1599.00,205.573029408939,-635.465329566278,3160,1,41.859,
3245,2019-05-27T11:03:32Z,45.57100000,6.13011667,1598.00,206.573029408939,-634.465329566278,3161,1,41.849,
3246,2019-05-27T11:03:33Z,45.57105000,6.13021667,1596.00,207.573029408939,-633.465329566278,3162,1,41.839,
3247,2019-05-27T11:03:34Z,45.57111667,6.13036667,1593.00,208.573029408939,-632.465329566278,3163,1,41.825,
3248,2019-05-27T11:03:35Z,45.57116667,6.13055000,1588.00,209.573029408939,-631.465329566278,3164,1,41.81,
3249,2019-05-27T11:03:36Z,45.57116667,6.13070000,1585.00,210.573029408939,-630.465329566278,3165,1,41.8,
3250,2019-05-27T11:03:37Z,45.57120000,6.13081667,1586.00,211.573029408939,-629.465329566278,3166,1,41.791,
3251,2019-05-27T11:03:38Z,45.57121667,6.13095000,1588.00,212.573029408939,-628.465329566278,3167,1,41.781,
3252,2019-05-27T11:03:39Z,45.57121667,6.13106667,1588.00,213.573029408939,-627.465329566278,3168,1,41.774,
3253,2019-05-27T11:03:40Z,45.57125000,6.13116667,1587.00,214.573029408939,-626.465329566278,3169,1,41.765,
3254,2019-05-27T11:03:41Z,45.57126667,6.13130000,1585.00,215.573029408939,-625.465329566278,3170,1,41.755,
3255,2019-05-27T11:03:42Z,45.57130000,6.13141667,1583.00,216.573029408939,-624.465329566278,3171,1,41.746,
3256,2019-05-27T11:03:43Z,45.57131667,6.13156667,1581.00,217.573029408939,-623.465329566278,3172,1,41.735,
3257,2019-05-27T11:03:44Z,45.57131667,6.13171667,1579.00,218.573029408939,-622.465329566278,3173,1,41.725,
3258,2019-05-27T11:03:45Z,45.57135000,6.13185000,1578.00,219.573029408939,-621.465329566278,3174,1,41.715,
3259,2019-05-27T11:03:46Z,45.57136667,6.13195000,1577.00,220.573029408939,-620.465329566278,3175,1,41.707,
3260,2019-05-27T11:03:47Z,45.57141667,6.13205000,1576.00,221.573029408939,-619.465329566278,3176,1,41.698,
3261,2019-05-27T11:03:48Z,45.57146667,6.13216667,1573.00,222.573029408939,-618.465329566278,3177,1,41.687,
3262,2019-05-27T11:03:49Z,45.57151667,6.13226667,1569.00,223.573029408939,-617.465329566278,3178,1,41.677,
3263,2019-05-27T11:03:50Z,45.57155000,6.13241667,1565.00,224.573029408939,-616.465329566278,3179,1,41.666,
3264,2019-05-27T11:03:51Z,45.57160000,6.13256667,1562.00,225.573029408939,-615.465329566278,3180,1,41.653,
3265,2019-05-27T11:03:52Z,45.57161667,6.13271667,1560.00,226.573029408939,-614.465329566278,3181,1,41.642,
3266,2019-05-27T11:03:53Z,45.57166667,6.13286667,1558.00,227.573029408939,-613.465329566278,3182,1,41.629,
3267,2019-05-27T11:03:54Z,45.57171667,6.13301667,1556.00,228.573029408939,-612.465329566278,3183,1,41.616,
3268,2019-05-27T11:03:55Z,45.57175000,6.13316667,1556.00,229.573029408939,-611.465329566278,3184,1,41.605,
3269,2019-05-27T11:03:56Z,45.57176667,6.13330000,1556.00,230.573029408939,-610.465329566278,3185,1,41.595,
3270,2019-05-27T11:03:57Z,45.57180000,6.13340000,1556.00,231.573029408939,-609.465329566278,3186,1,41.586,
3271,2019-05-27T11:03:58Z,45.57181667,6.13351667,1555.00,232.573029408939,-608.465329566278,3187,1,41.578,
3272,2019-05-27T11:03:59Z,45.57185000,6.13361667,1553.00,233.573029408939,-607.465329566278,3188,1,41.569,
3273,2019-05-27T11:04:00Z,45.57190000,6.13375000,1551.00,234.573029408939,-606.465329566278,3189,1,41.558,
3274,2019-05-27T11:04:01Z,45.57195000,6.13390000,1548.00,235.573029408939,-605.465329566278,3190,1,41.545,
3275,2019-05-27T11:04:02Z,45.57201667,6.13401667,1546.00,236.573029408939,-604.465329566278,3191,1,41.533,
3276,2019-05-27T11:04:03Z,45.57206667,6.13416667,1546.00,237.573029408939,-603.465329566278,3192,1,41.52,
3277,2019-05-27T11:04:04Z,45.57210000,6.13430000,1547.00,238.573029408939,-602.465329566278,3193,1,41.51,
3278,2019-05-27T11:04:05Z,45.57211667,6.13441667,1547.00,239.573029408939,-601.465329566278,3194,1,41.501,
3279,2019-05-27T11:04:06Z,45.57216667,6.13455000,1547.00,240.573029408939,-600.465329566278,3195,1,41.489,
3280,2019-05-27T11:04:07Z,45.57221667,6.13466667,1545.00,241.573029408939,-599.465329566278,3196,1,41.479,
3281,2019-05-27T11:04:08Z,45.57230000,6.13481667,1543.00,242.573029408939,-598.465329566278,3197,1,41.464,
3282,2019-05-27T11:04:09Z,45.57236667,6.13496667,1540.00,243.573029408939,-597.465329566278,3198,1,41.45,
3283,2019-05-27T11:04:10Z,45.57245000,6.13515000,1538.00,244.573029408939,-596.465329566278,3199,1,41.433,
3284,2019-05-27T11:04:11Z,45.57251667,6.13531667,1537.00,245.573029408939,-595.465329566278,3200,1,41.418,
3285,2019-05-27T11:04:12Z,45.57256667,6.13545000,1539.00,246.573029408939,-594.465329566278,3201,1,41.406,
3286,2019-05-27T11:04:13Z,45.57261667,6.13556667,1541.00,247.573029408939,-593.465329566278,3202,1,41.396,
3287,2019-05-27T11:04:14Z,45.57270000,6.13571667,1542.00,248.573029408939,-592.465329566278,3203,1,41.381,
3288,2019-05-27T11:04:15Z,45.57271667,6.13585000,1543.00,249.573029408939,-591.465329566278,3204,1,41.371,
3289,2019-05-27T11:04:16Z,45.57276667,6.13596667,1544.00,250.573029408939,-590.465329566278,3205,1,41.361,
3290,2019-05-27T11:04:17Z,45.57281667,6.13611667,1544.00,251.573029408939,-589.465329566278,3206,1,41.348,
3291,2019-05-27T11:04:18Z,45.57286667,6.13626667,1543.00,252.573029408939,-588.465329566278,3207,1,41.335,
3292,2019-05-27T11:04:19Z,45.57295000,6.13641667,1542.00,253.573029408939,-587.465329566278,3208,1,41.32,
3293,2019-05-27T11:04:20Z,45.57301667,6.13655000,1541.00,254.573029408939,-586.465329566278,3209,1,41.307,
3294,2019-05-27T11:04:21Z,45.57310000,6.13670000,1541.00,255.573029408939,-585.465329566278,3210,1,41.293,
3295,2019-05-27T11:04:22Z,45.57316667,6.13685000,1541.00,256.573029408939,-584.465329566278,3211,1,41.279,
3296,2019-05-27T11:04:23Z,45.57321667,6.13696667,1543.00,257.573029408939,-583.465329566278,3212,1,41.268,
3297,2019-05-27T11:04:24Z,45.57326667,6.13711667,1545.00,258.573029408939,-582.465329566278,3213,1,41.255,
3298,2019-05-27T11:04:25Z,45.57330000,6.13721667,1549.00,259.573029408939,-581.465329566278,3214,1,41.247,
3299,2019-05-27T11:04:26Z,45.57331667,6.13735000,1550.00,260.573029408939,-580.465329566278,3215,1,41.237,
3300,2019-05-27T11:04:27Z,45.57336667,6.13746667,1550.00,261.573029408939,-579.465329566278,3216,1,41.227,
3301,2019-05-27T11:04:28Z,45.57340000,6.13761667,1548.00,262.573029408939,-578.465329566278,3217,1,41.215,
3302,2019-05-27T11:04:29Z,45.57345000,6.13780000,1546.00,263.573029408939,-577.465329566278,3218,1,41.2,
3303,2019-05-27T11:04:30Z,45.57350000,6.13796667,1544.00,264.573029408939,-576.465329566278,3219,1,41.186,
3304,2019-05-27T11:04:31Z,45.57355000,6.13811667,1545.00,265.573029408939,-575.465329566278,3220,1,41.173,
3305,2019-05-27T11:04:32Z,45.57356667,6.13826667,1547.00,266.573029408939,-574.465329566278,3221,1,41.162,
3306,2019-05-27T11:04:33Z,45.57361667,6.13840000,1549.00,267.573029408939,-573.465329566278,3222,1,41.151,
3307,2019-05-27T11:04:34Z,45.57366667,6.13851667,1551.00,268.573029408939,-572.465329566278,3223,1,41.14,
3308,2019-05-27T11:04:35Z,45.57371667,6.13865000,1551.00,269.573029408939,-571.465329566278,3224,1,41.128,
3309,2019-05-27T11:04:36Z,45.57376667,6.13880000,1551.00,270.573029408939,-570.465329566278,3225,1,41.116,
3310,2019-05-27T11:04:37Z,45.57381667,6.13895000,1552.00,271.573029408939,-569.465329566278,3226,1,41.103,
3311,2019-05-27T11:04:38Z,45.57385000,6.13911667,1553.00,272.573029408939,-568.465329566278,3227,1,41.09,
3312,2019-05-27T11:04:39Z,45.57386667,6.13926667,1555.00,273.573029408939,-567.465329566278,3228,1,41.079,
3313,2019-05-27T11:04:40Z,45.57390000,6.13941667,1558.00,274.573029408939,-566.465329566278,3229,1,41.067,
3314,2019-05-27T11:04:41Z,45.57391667,6.13951667,1561.00,275.573029408939,-565.465329566278,3230,1,41.059,
3315,2019-05-27T11:04:42Z,45.57395000,6.13965000,1564.00,276.573029408939,-564.465329566278,3231,1,41.049,
3316,2019-05-27T11:04:43Z,45.57396667,6.13976667,1566.00,277.573029408939,-563.465329566278,3232,1,41.04,
3317,2019-05-27T11:04:44Z,45.57396667,6.13986667,1568.00,278.573029408939,-562.465329566278,3233,1,41.033,
3318,2019-05-27T11:04:45Z,45.57396667,6.14001667,1568.00,279.573029408939,-561.465329566278,3234,1,41.023,
3319,2019-05-27T11:04:46Z,45.57396667,6.14020000,1569.00,280.573029408939,-560.465329566278,3235,1,41.011,
3320,2019-05-27T11:04:47Z,45.57400000,6.14036667,1570.00,281.573029408939,-559.465329566278,3236,1,40.998,
3321,2019-05-27T11:04:48Z,45.57401667,6.14051667,1572.00,282.573029408939,-558.465329566278,3237,1,40.987,
3322,2019-05-27T11:04:49Z,45.57401667,6.14066667,1575.00,283.573029408939,-557.465329566278,3238,1,40.977,
3323,2019-05-27T11:04:50Z,45.57401667,6.14081667,1577.00,284.573029408939,-556.465329566278,3239,1,40.967,
3324,2019-05-27T11:04:51Z,45.57401667,6.14096667,1580.00,285.573029408939,-555.465329566278,3240,1,40.957,
3325,2019-05-27T11:04:52Z,45.57401667,6.14110000,1582.00,286.573029408939,-554.465329566278,3241,1,40.948,
3326,2019-05-27T11:04:53Z,45.57400000,6.14125000,1582.00,287.573029408939,-553.465329566278,3242,1,40.939,
3327,2019-05-27T11:04:54Z,45.57400000,6.14141667,1583.00,288.573029408939,-552.465329566278,3243,1,40.928,
3328,2019-05-27T11:04:55Z,45.57396667,6.14160000,1584.00,289.573029408939,-551.465329566278,3244,1,40.918,
3329,2019-05-27T11:04:56Z,45.57396667,6.14176667,1586.00,290.573029408939,-550.465329566278,3245,1,40.907,
3330,2019-05-27T11:04:57Z,45.57396667,6.14191667,1588.00,291.573029408939,-549.465329566278,3246,1,40.897,
3331,2019-05-27T11:04:58Z,45.57396667,6.14206667,1591.00,292.573029408939,-548.465329566278,3247,1,40.887,
3332,2019-05-27T11:04:59Z,45.57396667,6.14221667,1593.00,293.573029408939,-547.465329566278,3248,1,40.877,
3333,2019-05-27T11:05:00Z,45.57395000,6.14236667,1595.00,294.573029408939,-546.465329566278,3249,1,40.868,
3334,2019-05-27T11:05:01Z,45.57395000,6.14251667,1595.00,295.573029408939,-545.465329566278,3250,1,40.858,
3335,2019-05-27T11:05:02Z,45.57395000,6.14266667,1595.00,296.573029408939,-544.465329566278,3251,1,40.848,
3336,2019-05-27T11:05:03Z,45.57395000,6.14281667,1594.00,297.573029408939,-543.465329566278,3252,1,40.838,
3337,2019-05-27T11:05:04Z,45.57396667,6.14300000,1592.00,298.573029408939,-542.465329566278,3253,1,40.825,
3338,2019-05-27T11:05:05Z,45.57396667,6.14320000,1589.00,299.573029408939,-541.465329566278,3254,1,40.812,
3339,2019-05-27T11:05:06Z,45.57401667,6.14340000,1586.00,300.573029408939,-540.465329566278,3255,1,40.796,
3340,2019-05-27T11:05:07Z,45.57406667,6.14361667,1582.00,301.573029408939,-539.465329566278,3256,1,40.778,
3341,2019-05-27T11:05:08Z,45.57410000,6.14381667,1580.00,302.573029408939,-538.465329566278,3257,1,40.763,
3342,2019-05-27T11:05:09Z,45.57415000,6.14401667,1580.00,303.573029408939,-537.465329566278,3258,1,40.747,
3343,2019-05-27T11:05:10Z,45.57420000,6.14421667,1581.00,304.573029408939,-536.465329566278,3259,1,40.731,
3344,2019-05-27T11:05:11Z,45.57425000,6.14440000,1580.00,305.573029408939,-535.465329566278,3260,1,40.716,
3345,2019-05-27T11:05:12Z,45.57430000,6.14460000,1579.00,306.573029408939,-534.465329566278,3261,1,40.7,
3346,2019-05-27T11:05:13Z,45.57436667,6.14480000,1576.00,307.573029408939,-533.465329566278,3262,1,40.683,
3347,2019-05-27T11:05:14Z,45.57445000,6.14496667,1575.00,308.573029408939,-532.465329566278,3263,1,40.667,
3348,2019-05-27T11:05:15Z,45.57450000,6.14516667,1573.00,309.573029408939,-531.465329566278,3264,1,40.651,
3349,2019-05-27T11:05:16Z,45.57456667,6.14535000,1573.00,310.573029408939,-530.465329566278,3265,1,40.635,
3350,2019-05-27T11:05:17Z,45.57461667,6.14551667,1574.00,311.573029408939,-529.465329566278,3266,1,40.621,
3351,2019-05-27T11:05:18Z,45.57466667,6.14570000,1575.00,312.573029408939,-528.465329566278,3267,1,40.606,
3352,2019-05-27T11:05:19Z,45.57471667,6.14586667,1574.00,313.573029408939,-527.465329566278,3268,1,40.592,
3353,2019-05-27T11:05:20Z,45.57476667,6.14605000,1571.00,314.573029408939,-526.465329566278,3269,1,40.577,
3354,2019-05-27T11:05:21Z,45.57485000,6.14621667,1569.00,315.573029408939,-525.465329566278,3270,1,40.561,
3355,2019-05-27T11:05:22Z,45.57490000,6.14636667,1568.00,316.573029408939,-524.465329566278,3271,1,40.548,
3356,2019-05-27T11:05:23Z,45.57495000,6.14655000,1565.00,317.573029408939,-523.465329566278,3272,1,40.533,
3357,2019-05-27T11:05:24Z,45.57496667,6.14671667,1562.00,318.573029408939,-522.465329566278,3273,1,40.521,
3358,2019-05-27T11:05:25Z,45.57501667,6.14691667,1556.00,319.573029408939,-521.465329566278,3274,1,40.505,
3359,2019-05-27T11:05:26Z,45.57506667,6.14715000,1550.00,320.573029408939,-520.465329566278,3275,1,40.486,
3360,2019-05-27T11:05:27Z,45.57511667,6.14735000,1547.00,321.573029408939,-519.465329566278,3276,1,40.47,
3361,2019-05-27T11:05:28Z,45.57516667,6.14751667,1546.00,322.573029408939,-518.465329566278,3277,1,40.456,
3362,2019-05-27T11:05:29Z,45.57520000,6.14771667,1547.00,323.573029408939,-517.465329566278,3278,1,40.441,
3363,2019-05-27T11:05:30Z,45.57521667,6.14786667,1548.00,324.573029408939,-516.465329566278,3279,1,40.43,
3364,2019-05-27T11:05:31Z,45.57521667,6.14801667,1548.00,325.573029408939,-515.465329566278,3280,1,40.42,
3365,2019-05-27T11:05:32Z,45.57526667,6.14820000,1547.00,326.573029408939,-514.465329566278,3281,1,40.405,
3366,2019-05-27T11:05:33Z,45.57530000,6.14836667,1544.00,327.573029408939,-513.465329566278,3282,1,40.393,
3367,2019-05-27T11:05:34Z,45.57531667,6.14856667,1539.00,328.573029408939,-512.465329566278,3283,1,40.378,
3368,2019-05-27T11:05:35Z,45.57536667,6.14880000,1536.00,329.573029408939,-511.465329566278,3284,1,40.36,
3369,2019-05-27T11:05:36Z,45.57540000,6.14900000,1533.00,330.573029408939,-510.465329566278,3285,1,40.345,
3370,2019-05-27T11:05:37Z,45.57541667,6.14916667,1533.00,331.573029408939,-509.465329566278,3286,1,40.333,
3371,2019-05-27T11:05:38Z,45.57541667,6.14936667,1533.00,332.573029408939,-508.465329566278,3287,1,40.32,
3372,2019-05-27T11:05:39Z,45.57546667,6.14955000,1531.00,333.573029408939,-507.465329566278,3288,1,40.305,
3373,2019-05-27T11:05:40Z,45.57550000,6.14976667,1528.00,334.573029408939,-506.465329566278,3289,1,40.289,
3374,2019-05-27T11:05:41Z,45.57551667,6.15000000,1525.00,335.573029408939,-505.465329566278,3290,1,40.273,
3375,2019-05-27T11:05:42Z,45.57555000,6.15021667,1524.00,336.573029408939,-504.465329566278,3291,1,40.256,
3376,2019-05-27T11:05:43Z,45.57555000,6.15045000,1525.00,337.573029408939,-503.465329566278,3292,1,40.241,
3377,2019-05-27T11:05:44Z,45.57556667,6.15060000,1529.00,338.573029408939,-502.465329566278,3293,1,40.23,
3378,2019-05-27T11:05:45Z,45.57556667,6.15071667,1532.00,339.573029408939,-501.465329566278,3294,1,40.223,
3379,2019-05-27T11:05:46Z,45.57556667,6.15081667,1534.00,340.573029408939,-500.465329566278,3295,1,40.216,
3380,2019-05-27T11:05:47Z,45.57560000,6.15091667,1535.00,341.573029408939,-499.465329566278,3296,1,40.208,
3381,2019-05-27T11:05:48Z,45.57561667,6.15105000,1533.00,342.573029408939,-498.465329566278,3297,1,40.198,
3382,2019-05-27T11:05:49Z,45.57565000,6.15120000,1530.00,343.573029408939,-497.465329566278,3298,1,40.186,
3383,2019-05-27T11:05:50Z,45.57570000,6.15136667,1526.00,344.573029408939,-496.465329566278,3299,1,40.172,
3384,2019-05-27T11:05:51Z,45.57571667,6.15155000,1523.00,345.573029408939,-495.465329566278,3300,1,40.159,
3385,2019-05-27T11:05:52Z,45.57576667,6.15171667,1522.00,346.573029408939,-494.465329566278,3301,1,40.145,
3386,2019-05-27T11:05:53Z,45.57581667,6.15186667,1522.00,347.573029408939,-493.465329566278,3302,1,40.133,
3387,2019-05-27T11:05:54Z,45.57581667,6.15201667,1522.00,348.573029408939,-492.465329566278,3303,1,40.123,
3388,2019-05-27T11:05:55Z,45.57586667,6.15215000,1522.00,349.573029408939,-491.465329566278,3304,1,40.111,
3389,2019-05-27T11:05:56Z,45.57591667,6.15230000,1521.00,350.573029408939,-490.465329566278,3305,1,40.098,
3390,2019-05-27T11:05:57Z,45.57596667,6.15241667,1519.00,351.573029408939,-489.465329566278,3306,1,40.088,
3391,2019-05-27T11:05:58Z,45.57601667,6.15256667,1517.00,352.573029408939,-488.465329566278,3307,1,40.075,
3392,2019-05-27T11:05:59Z,45.57610000,6.15271667,1517.00,353.573029408939,-487.465329566278,3308,1,40.06,
3393,2019-05-27T11:06:00Z,45.57615000,6.15285000,1517.00,354.573029408939,-486.465329566278,3309,1,40.048,
3394,2019-05-27T11:06:01Z,45.57616667,6.15295000,1519.00,355.573029408939,-485.465329566278,3310,1,40.041,
3395,2019-05-27T11:06:02Z,45.57621667,6.15301667,1520.00,356.573029408939,-484.465329566278,3311,1,40.033,
3396,2019-05-27T11:06:03Z,45.57625000,6.15315000,1518.00,357.573029408939,-483.465329566278,3312,1,40.023,
3397,2019-05-27T11:06:04Z,45.57626667,6.15326667,1516.00,358.573029408939,-482.465329566278,3313,1,40.014,
3398,2019-05-27T11:06:05Z,45.57631667,6.15345000,1512.00,359.573029408939,-481.465329566278,3314,1,39.999,
3399,2019-05-27T11:06:06Z,45.57640000,6.15365000,1508.00,360.573029408939,-480.465329566278,3315,1,39.981,
3400,2019-05-27T11:06:07Z,45.57646667,6.15385000,1504.00,361.573029408939,-479.465329566278,3316,1,39.964,
3401,2019-05-27T11:06:08Z,45.57651667,6.15401667,1504.00,362.573029408939,-478.465329566278,3317,1,39.95,
3402,2019-05-27T11:06:09Z,45.57655000,6.15416667,1507.00,363.573029408939,-477.465329566278,3318,1,39.938,
3403,2019-05-27T11:06:10Z,45.57655000,6.15431667,1512.00,364.573029408939,-476.465329566278,3319,1,39.928,
3404,2019-05-27T11:06:11Z,45.57651667,6.15441667,1515.00,365.573029408939,-475.465329566278,3320,1,39.924,
3405,2019-05-27T11:06:12Z,45.57651667,6.15450000,1516.00,366.573029408939,-474.465329566278,3321,1,39.919,
3406,2019-05-27T11:06:13Z,45.57651667,6.15460000,1515.00,367.573029408939,-473.465329566278,3322,1,39.912,
3407,2019-05-27T11:06:14Z,45.57651667,6.15471667,1513.00,368.573029408939,-472.465329566278,3323,1,39.904,
3408,2019-05-27T11:06:15Z,45.57656667,6.15486667,1509.00,369.573029408939,-471.465329566278,3324,1,39.892,
3409,2019-05-27T11:06:16Z,45.57661667,6.15501667,1503.00,370.573029408939,-470.465329566278,3325,1,39.879,
3410,2019-05-27T11:06:17Z,45.57666667,6.15516667,1497.00,371.573029408939,-469.465329566278,3326,1,39.866,
3411,2019-05-27T11:06:18Z,45.57671667,6.15531667,1495.00,372.573029408939,-468.465329566278,3327,1,39.853,
3412,2019-05-27T11:06:19Z,45.57676667,6.15546667,1496.00,373.573029408939,-467.465329566278,3328,1,39.84,
3413,2019-05-27T11:06:20Z,45.57680000,6.15556667,1498.00,374.573029408939,-466.465329566278,3329,1,39.832,
3414,2019-05-27T11:06:21Z,45.57681667,6.15566667,1499.00,375.573029408939,-465.465329566278,3330,1,39.824,
3415,2019-05-27T11:06:22Z,45.57685000,6.15576667,1499.00,376.573029408939,-464.465329566278,3331,1,39.816,
3416,2019-05-27T11:06:23Z,45.57690000,6.15586667,1498.00,377.573029408939,-463.465329566278,3332,1,39.806,
3417,2019-05-27T11:06:24Z,45.57696667,6.15600000,1494.00,378.573029408939,-462.465329566278,3333,1,39.794,
3418,2019-05-27T11:06:25Z,45.57705000,6.15610000,1489.00,379.573029408939,-461.465329566278,3334,1,39.782,
3419,2019-05-27T11:06:26Z,45.57711667,6.15621667,1486.00,380.573029408939,-460.465329566278,3335,1,39.77,
3420,2019-05-27T11:06:27Z,45.57720000,6.15636667,1485.00,381.573029408939,-459.465329566278,3336,1,39.755,
3421,2019-05-27T11:06:28Z,45.57725000,6.15646667,1486.00,382.573029408939,-458.465329566278,3337,1,39.746,
3422,2019-05-27T11:06:29Z,45.57726667,6.15660000,1487.00,383.573029408939,-457.465329566278,3338,1,39.736,
3423,2019-05-27T11:06:30Z,45.57731667,6.15671667,1487.00,384.573029408939,-456.465329566278,3339,1,39.726,
3424,2019-05-27T11:06:31Z,45.57735000,6.15685000,1486.00,385.573029408939,-455.465329566278,3340,1,39.715,
3425,2019-05-27T11:06:32Z,45.57736667,6.15696667,1483.00,386.573029408939,-454.465329566278,3341,1,39.706,
3426,2019-05-27T11:06:33Z,45.57741667,6.15715000,1477.00,387.573029408939,-453.465329566278,3342,1,39.691,
3427,2019-05-27T11:06:34Z,45.57750000,6.15731667,1471.00,388.573029408939,-452.465329566278,3343,1,39.675,
3428,2019-05-27T11:06:35Z,45.57755000,6.15751667,1468.00,389.573029408939,-451.465329566278,3344,1,39.659,
3429,2019-05-27T11:06:36Z,45.57760000,6.15766667,1468.00,390.573029408939,-450.465329566278,3345,1,39.647,
3430,2019-05-27T11:06:37Z,45.57761667,6.15785000,1469.00,391.573029408939,-449.465329566278,3346,1,39.634,
3431,2019-05-27T11:06:38Z,45.57766667,6.15800000,1469.00,392.573029408939,-448.465329566278,3347,1,39.621,
3432,2019-05-27T11:06:39Z,45.57770000,6.15815000,1469.00,393.573029408939,-447.465329566278,3348,1,39.609,
3433,2019-05-27T11:06:40Z,45.57775000,6.15830000,1467.00,394.573029408939,-446.465329566278,3349,1,39.596,
3434,2019-05-27T11:06:41Z,45.57781667,6.15846667,1464.00,395.573029408939,-445.465329566278,3350,1,39.581,
3435,2019-05-27T11:06:42Z,45.57790000,6.15861667,1459.00,396.573029408939,-444.465329566278,3351,1,39.567,
3436,2019-05-27T11:06:43Z,45.57796667,6.15876667,1457.00,397.573029408939,-443.465329566278,3352,1,39.553,
3437,2019-05-27T11:06:44Z,45.57801667,6.15895000,1457.00,398.573029408939,-442.465329566278,3353,1,39.538,
3438,2019-05-27T11:06:45Z,45.57806667,6.15910000,1460.00,399.573029408939,-441.465329566278,3354,1,39.525,
3439,2019-05-27T11:06:46Z,45.57806667,6.15921667,1463.00,400.573029408939,-440.465329566278,3355,1,39.518,
3440,2019-05-27T11:06:47Z,45.57811667,6.15935000,1464.00,401.573029408939,-439.465329566278,3356,1,39.506,
3441,2019-05-27T11:06:48Z,45.57815000,6.15945000,1464.00,402.573029408939,-438.465329566278,3357,1,39.497,
3442,2019-05-27T11:06:49Z,45.57820000,6.15956667,1463.00,403.573029408939,-437.465329566278,3358,1,39.487,
3443,2019-05-27T11:06:50Z,45.57826667,6.15966667,1459.00,404.573029408939,-436.465329566278,3359,1,39.476,
3444,2019-05-27T11:06:51Z,45.57835000,6.15981667,1456.00,405.573029408939,-435.465329566278,3360,1,39.461,
3445,2019-05-27T11:06:52Z,45.57841667,6.15996667,1457.00,406.573029408939,-434.465329566278,3361,1,39.447,
3446,2019-05-27T11:06:53Z,45.57841667,6.16010000,1461.00,407.573029408939,-433.465329566278,3362,1,39.439,
3447,2019-05-27T11:06:54Z,45.57841667,6.16016667,1465.00,408.573029408939,-432.465329566278,3363,1,39.434,
3448,2019-05-27T11:06:55Z,45.57841667,6.16026667,1469.00,409.573029408939,-431.465329566278,3364,1,39.428,
3449,2019-05-27T11:06:56Z,45.57841667,6.16035000,1470.00,410.573029408939,-430.465329566278,3365,1,39.423,
3450,2019-05-27T11:06:57Z,45.57841667,6.16046667,1469.00,411.573029408939,-429.465329566278,3366,1,39.415,
3451,2019-05-27T11:06:58Z,45.57846667,6.16061667,1466.00,412.573029408939,-428.465329566278,3367,1,39.402,
3452,2019-05-27T11:06:59Z,45.57851667,6.16080000,1463.00,413.573029408939,-427.465329566278,3368,1,39.387,
3453,2019-05-27T11:07:00Z,45.57860000,6.16096667,1460.00,414.573029408939,-426.465329566278,3369,1,39.371,
3454,2019-05-27T11:07:01Z,45.57865000,6.16111667,1461.00,415.573029408939,-425.465329566278,3370,1,39.359,
3455,2019-05-27T11:07:02Z,45.57866667,6.16125000,1465.00,416.573029408939,-424.465329566278,3371,1,39.349,
3456,2019-05-27T11:07:03Z,45.57866667,6.16131667,1470.00,417.573029408939,-423.465329566278,3372,1,39.345,
3457,2019-05-27T11:07:04Z,45.57866667,6.16141667,1473.00,418.573029408939,-422.465329566278,3373,1,39.338,
3458,2019-05-27T11:07:05Z,45.57870000,6.16151667,1473.00,419.573029408939,-421.465329566278,3374,1,39.33,
3459,2019-05-27T11:07:06Z,45.57871667,6.16161667,1471.00,420.573029408939,-420.465329566278,3375,1,39.322,
3460,2019-05-27T11:07:07Z,45.57876667,6.16176667,1468.00,421.573029408939,-419.465329566278,3376,1,39.31,
3461,2019-05-27T11:07:08Z,45.57885000,6.16196667,1464.00,422.573029408939,-418.465329566278,3377,1,39.292,
3462,2019-05-27T11:07:09Z,45.57891667,6.16211667,1462.00,423.573029408939,-417.465329566278,3378,1,39.278,
3463,2019-05-27T11:07:10Z,45.57896667,6.16226667,1461.00,424.573029408939,-416.465329566278,3379,1,39.265,
3464,2019-05-27T11:07:11Z,45.57901667,6.16241667,1462.00,425.573029408939,-415.465329566278,3380,1,39.252,
3465,2019-05-27T11:07:12Z,45.57906667,6.16251667,1463.00,426.573029408939,-414.465329566278,3381,1,39.243,
3466,2019-05-27T11:07:13Z,45.57911667,6.16266667,1462.00,427.573029408939,-413.465329566278,3382,1,39.23,
3467,2019-05-27T11:07:14Z,45.57916667,6.16276667,1460.00,428.573029408939,-412.465329566278,3383,1,39.22,
3468,2019-05-27T11:07:15Z,45.57926667,6.16290000,1456.00,429.573029408939,-411.465329566278,3384,1,39.205,
3469,2019-05-27T11:07:16Z,45.57936667,6.16301667,1451.00,430.573029408939,-410.465329566278,3385,1,39.192,
3470,2019-05-27T11:07:17Z,45.57945000,6.16311667,1448.00,431.573029408939,-409.465329566278,3386,1,39.18,
3471,2019-05-27T11:07:18Z,45.57955000,6.16321667,1446.00,432.573029408939,-408.465329566278,3387,1,39.167,
3472,2019-05-27T11:07:19Z,45.57961667,6.16330000,1446.00,433.573029408939,-407.465329566278,3388,1,39.158,
3473,2019-05-27T11:07:20Z,45.57970000,6.16336667,1445.00,434.573029408939,-406.465329566278,3389,1,39.148,
3474,2019-05-27T11:07:21Z,45.57976667,6.16346667,1443.00,435.573029408939,-405.465329566278,3390,1,39.138,
3475,2019-05-27T11:07:22Z,45.57986667,6.16356667,1440.00,436.573029408939,-404.465329566278,3391,1,39.125,
3476,2019-05-27T11:07:23Z,45.57995000,6.16366667,1438.00,437.573029408939,-403.465329566278,3392,1,39.113,
3477,2019-05-27T11:07:24Z,45.58001667,6.16376667,1434.00,438.573029408939,-402.465329566278,3393,1,39.103,
3478,2019-05-27T11:07:25Z,45.58011667,6.16386667,1431.00,439.573029408939,-401.465329566278,3394,1,39.09,
3479,2019-05-27T11:07:26Z,45.58021667,6.16396667,1428.00,440.573029408939,-400.465329566278,3395,1,39.077,
3480,2019-05-27T11:07:27Z,45.58031667,6.16406667,1425.00,441.573029408939,-399.465329566278,3396,1,39.065,
3481,2019-05-27T11:07:28Z,45.58040000,6.16416667,1422.00,442.573029408939,-398.465329566278,3397,1,39.053,
3482,2019-05-27T11:07:29Z,45.58046667,6.16430000,1418.00,443.573029408939,-397.465329566278,3398,1,39.04,
3483,2019-05-27T11:07:30Z,45.58056667,6.16441667,1417.00,444.573029408939,-396.465329566278,3399,1,39.027,
3484,2019-05-27T11:07:31Z,45.58061667,6.16450000,1416.00,445.573029408939,-395.465329566278,3400,1,39.018,
3485,2019-05-27T11:07:32Z,45.58070000,6.16460000,1417.00,446.573029408939,-394.465329566278,3401,1,39.006,
3486,2019-05-27T11:07:33Z,45.58075000,6.16470000,1418.00,447.573029408939,-393.465329566278,3402,1,38.997,
3487,2019-05-27T11:07:34Z,45.58076667,6.16476667,1419.00,448.573029408939,-392.465329566278,3403,1,38.992,
3488,2019-05-27T11:07:35Z,45.58081667,6.16486667,1422.00,449.573029408939,-391.465329566278,3404,1,38.982,
3489,2019-05-27T11:07:36Z,45.58085000,6.16496667,1424.00,450.573029408939,-390.465329566278,3405,1,38.973,
3490,2019-05-27T11:07:37Z,45.58086667,6.16505000,1425.00,451.573029408939,-389.465329566278,3406,1,38.967,
3491,2019-05-27T11:07:38Z,45.58090000,6.16511667,1427.00,452.573029408939,-388.465329566278,3407,1,38.961,
3492,2019-05-27T11:07:39Z,45.58091667,6.16516667,1428.00,453.573029408939,-387.465329566278,3408,1,38.956,
3493,2019-05-27T11:07:40Z,45.58096667,6.16525000,1430.00,454.573029408939,-386.465329566278,3409,1,38.948,
3494,2019-05-27T11:07:41Z,45.58096667,6.16531667,1431.00,455.573029408939,-385.465329566278,3410,1,38.944,
3495,2019-05-27T11:07:42Z,45.58100000,6.16541667,1432.00,456.573029408939,-384.465329566278,3411,1,38.935,
3496,2019-05-27T11:07:43Z,45.58101667,6.16551667,1433.00,457.573029408939,-383.465329566278,3412,1,38.928,
3497,2019-05-27T11:07:44Z,45.58101667,6.16561667,1433.00,458.573029408939,-382.465329566278,3413,1,38.921,
3498,2019-05-27T11:07:45Z,45.58106667,6.16571667,1432.00,459.573029408939,-381.465329566278,3414,1,38.912,
3499,2019-05-27T11:07:46Z,45.58111667,6.16581667,1430.00,460.573029408939,-380.465329566278,3415,1,38.902,
3500,2019-05-27T11:07:47Z,45.58120000,6.16586667,1428.00,461.573029408939,-379.465329566278,3416,1,38.894,
3501,2019-05-27T11:07:48Z,45.58126667,6.16595000,1427.00,462.573029408939,-378.465329566278,3417,1,38.884,
3502,2019-05-27T11:07:49Z,45.58135000,6.16600000,1428.00,463.573029408939,-377.465329566278,3418,1,38.876,
3503,2019-05-27T11:07:50Z,45.58141667,6.16606667,1431.00,464.573029408939,-376.465329566278,3419,1,38.867,
3504,2019-05-27T11:07:51Z,45.58145000,6.16616667,1433.00,465.573029408939,-375.465329566278,3420,1,38.859,
3505,2019-05-27T11:07:52Z,45.58146667,6.16626667,1435.00,466.573029408939,-374.465329566278,3421,1,38.851,
3506,2019-05-27T11:07:53Z,45.58151667,6.16640000,1436.00,467.573029408939,-373.465329566278,3422,1,38.84,
3507,2019-05-27T11:07:54Z,45.58156667,6.16650000,1437.00,468.573029408939,-372.465329566278,3423,1,38.83,
3508,2019-05-27T11:07:55Z,45.58161667,6.16661667,1438.00,469.573029408939,-371.465329566278,3424,1,38.819,
3509,2019-05-27T11:07:56Z,45.58170000,6.16671667,1439.00,470.573029408939,-370.465329566278,3425,1,38.808,
3510,2019-05-27T11:07:57Z,45.58176667,6.16685000,1440.00,471.573029408939,-369.465329566278,3426,1,38.795,
3511,2019-05-27T11:07:58Z,45.58181667,6.16696667,1441.00,472.573029408939,-368.465329566278,3427,1,38.784,
3512,2019-05-27T11:07:59Z,45.58190000,6.16711667,1443.00,473.573029408939,-367.465329566278,3428,1,38.769,
3513,2019-05-27T11:08:00Z,45.58196667,6.16721667,1445.00,474.573029408939,-366.465329566278,3429,1,38.759,
3514,2019-05-27T11:08:01Z,45.58201667,6.16735000,1447.00,475.573029408939,-365.465329566278,3430,1,38.747,
3515,2019-05-27T11:08:02Z,45.58210000,6.16746667,1450.00,476.573029408939,-364.465329566278,3431,1,38.734,
3516,2019-05-27T11:08:03Z,45.58215000,6.16756667,1452.00,477.573029408939,-363.465329566278,3432,1,38.725,
3517,2019-05-27T11:08:04Z,45.58220000,6.16770000,1455.00,478.573029408939,-362.465329566278,3433,1,38.713,
3518,2019-05-27T11:08:05Z,45.58221667,6.16781667,1457.00,479.573029408939,-361.465329566278,3434,1,38.705,
3519,2019-05-27T11:08:06Z,45.58226667,6.16791667,1459.00,480.573029408939,-360.465329566278,3435,1,38.695,
3520,2019-05-27T11:08:07Z,45.58230000,6.16801667,1461.00,481.573029408939,-359.465329566278,3436,1,38.687,
3521,2019-05-27T11:08:08Z,45.58231667,6.16816667,1461.00,482.573029408939,-358.465329566278,3437,1,38.676,
3522,2019-05-27T11:08:09Z,45.58236667,6.16826667,1460.00,483.573029408939,-357.465329566278,3438,1,38.666,
3523,2019-05-27T11:08:10Z,45.58241667,6.16841667,1458.00,484.573029408939,-356.465329566278,3439,1,38.653,
3524,2019-05-27T11:08:11Z,45.58246667,6.16856667,1456.00,485.573029408939,-355.465329566278,3440,1,38.641,
3525,2019-05-27T11:08:12Z,45.58250000,6.16870000,1455.00,486.573029408939,-354.465329566278,3441,1,38.63,
3526,2019-05-27T11:08:13Z,45.58255000,6.16880000,1457.00,487.573029408939,-353.465329566278,3442,1,38.62,
3527,2019-05-27T11:08:14Z,45.58260000,6.16886667,1461.00,488.573029408939,-352.465329566278,3443,1,38.613,
3528,2019-05-27T11:08:15Z,45.58261667,6.16891667,1464.00,489.573029408939,-351.465329566278,3444,1,38.609,
3529,2019-05-27T11:08:16Z,45.58266667,6.16896667,1465.00,490.573029408939,-350.465329566278,3445,1,38.602,
3530,2019-05-27T11:08:17Z,45.58270000,6.16905000,1464.00,491.573029408939,-349.465329566278,3446,1,38.595,
3531,2019-05-27T11:08:18Z,45.58271667,6.16916667,1462.00,492.573029408939,-348.465329566278,3447,1,38.586,
3532,2019-05-27T11:08:19Z,45.58276667,6.16930000,1458.00,493.573029408939,-347.465329566278,3448,1,38.575,
3533,2019-05-27T11:08:20Z,45.58281667,6.16945000,1455.00,494.573029408939,-346.465329566278,3449,1,38.562,
3534,2019-05-27T11:08:21Z,45.58286667,6.16960000,1454.00,495.573029408939,-345.465329566278,3450,1,38.549,
3535,2019-05-27T11:08:22Z,45.58291667,6.16971667,1454.00,496.573029408939,-344.465329566278,3451,1,38.539,
3536,2019-05-27T11:08:23Z,45.58296667,6.16981667,1457.00,497.573029408939,-343.465329566278,3452,1,38.529,
3537,2019-05-27T11:08:24Z,45.58300000,6.16991667,1460.00,498.573029408939,-342.465329566278,3453,1,38.52,
3538,2019-05-27T11:08:25Z,45.58301667,6.17001667,1463.00,499.573029408939,-341.465329566278,3454,1,38.513,
3539,2019-05-27T11:08:26Z,45.58306667,6.17011667,1464.00,500.573029408939,-340.465329566278,3455,1,38.503,
3540,2019-05-27T11:08:27Z,45.58315000,6.17026667,1463.00,501.573029408939,-339.465329566278,3456,1,38.489,
3541,2019-05-27T11:08:28Z,45.58321667,6.17041667,1460.00,502.573029408939,-338.465329566278,3457,1,38.475,
3542,2019-05-27T11:08:29Z,45.58331667,6.17060000,1457.00,503.573029408939,-337.465329566278,3458,1,38.457,
3543,2019-05-27T11:08:30Z,45.58341667,6.17076667,1457.00,504.573029408939,-336.465329566278,3459,1,38.44,
3544,2019-05-27T11:08:31Z,45.58351667,6.17091667,1460.00,505.573029408939,-335.465329566278,3460,1,38.424,
3545,2019-05-27T11:08:32Z,45.58356667,6.17106667,1465.00,506.573029408939,-334.465329566278,3461,1,38.411,
3546,2019-05-27T11:08:33Z,45.58360000,6.17120000,1471.00,507.573029408939,-333.465329566278,3462,1,38.4,
3547,2019-05-27T11:08:34Z,45.58361667,6.17131667,1477.00,508.573029408939,-332.465329566278,3463,1,38.392,
3548,2019-05-27T11:08:35Z,45.58365000,6.17145000,1481.00,509.573029408939,-331.465329566278,3464,1,38.381,
3549,2019-05-27T11:08:36Z,45.58366667,6.17160000,1483.00,510.573029408939,-330.465329566278,3465,1,38.37,
3550,2019-05-27T11:08:37Z,45.58371667,6.17176667,1484.00,511.573029408939,-329.465329566278,3466,1,38.357,
3551,2019-05-27T11:08:38Z,45.58376667,6.17191667,1484.00,512.573029408939,-328.465329566278,3467,1,38.344,
3552,2019-05-27T11:08:39Z,45.58381667,6.17210000,1485.00,513.573029408939,-327.465329566278,3468,1,38.329,
3553,2019-05-27T11:08:40Z,45.58386667,6.17225000,1488.00,514.573029408939,-326.465329566278,3469,1,38.316,
3554,2019-05-27T11:08:41Z,45.58391667,6.17240000,1491.00,515.573029408939,-325.465329566278,3470,1,38.303,
3555,2019-05-27T11:08:42Z,45.58396667,6.17255000,1494.00,516.573029408939,-324.465329566278,3471,1,38.29,
3556,2019-05-27T11:08:43Z,45.58401667,6.17270000,1496.00,517.573029408939,-323.465329566278,3472,1,38.278,
3557,2019-05-27T11:08:44Z,45.58405000,6.17285000,1497.00,518.573029408939,-322.465329566278,3473,1,38.266,
3558,2019-05-27T11:08:45Z,45.58410000,6.17301667,1498.00,519.573029408939,-321.465329566278,3474,1,38.252,
3559,2019-05-27T11:08:46Z,45.58416667,6.17321667,1498.00,520.573029408939,-320.465329566278,3475,1,38.235,
3560,2019-05-27T11:08:47Z,45.58421667,6.17341667,1498.00,521.573029408939,-319.465329566278,3476,1,38.219,
3561,2019-05-27T11:08:48Z,45.58430000,6.17360000,1499.00,522.573029408939,-318.465329566278,3477,1,38.202,
3562,2019-05-27T11:08:49Z,45.58436667,6.17380000,1500.00,523.573029408939,-317.465329566278,3478,1,38.185,
3563,2019-05-27T11:08:50Z,45.58441667,6.17396667,1503.00,524.573029408939,-316.465329566278,3479,1,38.171,
3564,2019-05-27T11:08:51Z,45.58446667,6.17415000,1507.00,525.573029408939,-315.465329566278,3480,1,38.156,
3565,2019-05-27T11:08:52Z,45.58451667,6.17431667,1510.00,526.573029408939,-314.465329566278,3481,1,38.143,
3566,2019-05-27T11:08:53Z,45.58455000,6.17450000,1513.00,527.573029408939,-313.465329566278,3482,1,38.129,
3567,2019-05-27T11:08:54Z,45.58460000,6.17466667,1515.00,528.573029408939,-312.465329566278,3483,1,38.115,
3568,2019-05-27T11:08:55Z,45.58465000,6.17486667,1516.00,529.573029408939,-311.465329566278,3484,1,38.099,
3569,2019-05-27T11:08:56Z,45.58470000,6.17506667,1517.00,530.573029408939,-310.465329566278,3485,1,38.083,
3570,2019-05-27T11:08:57Z,45.58475000,6.17521667,1519.00,531.573029408939,-309.465329566278,3486,1,38.07,
3571,2019-05-27T11:08:58Z,45.58476667,6.17540000,1522.00,532.573029408939,-308.465329566278,3487,1,38.057,
3572,2019-05-27T11:08:59Z,45.58480000,6.17555000,1525.00,533.573029408939,-307.465329566278,3488,1,38.046,
3573,2019-05-27T11:09:00Z,45.58481667,6.17566667,1528.00,534.573029408939,-306.465329566278,3489,1,38.037,
3574,2019-05-27T11:09:01Z,45.58485000,6.17581667,1529.00,535.573029408939,-305.465329566278,3490,1,38.025,
3575,2019-05-27T11:09:02Z,45.58490000,6.17596667,1529.00,536.573029408939,-304.465329566278,3491,1,38.013,
3576,2019-05-27T11:09:03Z,45.58496667,6.17611667,1529.00,537.573029408939,-303.465329566278,3492,1,37.999,
3577,2019-05-27T11:09:04Z,45.58501667,6.17630000,1530.00,538.573029408939,-302.465329566278,3493,1,37.984,
3578,2019-05-27T11:09:05Z,45.58506667,6.17646667,1532.00,539.573029408939,-301.465329566278,3494,1,37.97,
3579,2019-05-27T11:09:06Z,45.58511667,6.17661667,1534.00,540.573029408939,-300.465329566278,3495,1,37.957,
3580,2019-05-27T11:09:07Z,45.58515000,6.17676667,1538.00,541.573029408939,-299.465329566278,3496,1,37.946,
3581,2019-05-27T11:09:08Z,45.58520000,6.17690000,1540.00,542.573029408939,-298.465329566278,3497,1,37.934,
3582,2019-05-27T11:09:09Z,45.58525000,6.17701667,1542.00,543.573029408939,-297.465329566278,3498,1,37.923,
3583,2019-05-27T11:09:10Z,45.58531667,6.17716667,1542.00,544.573029408939,-296.465329566278,3499,1,37.91,
3584,2019-05-27T11:09:11Z,45.58536667,6.17736667,1540.00,545.573029408939,-295.465329566278,3500,1,37.894,
3585,2019-05-27T11:09:12Z,45.58545000,6.17755000,1538.00,546.573029408939,-294.465329566278,3501,1,37.877,
3586,2019-05-27T11:09:13Z,45.58551667,6.17775000,1536.00,547.573029408939,-293.465329566278,3502,1,37.86,
3587,2019-05-27T11:09:14Z,45.58560000,6.17791667,1537.00,548.573029408939,-292.465329566278,3503,1,37.844,
3588,2019-05-27T11:09:15Z,45.58566667,6.17806667,1539.00,549.573029408939,-291.465329566278,3504,1,37.83,
3589,2019-05-27T11:09:16Z,45.58571667,6.17821667,1542.00,550.573029408939,-290.465329566278,3505,1,37.817,
3590,2019-05-27T11:09:17Z,45.58580000,6.17836667,1544.00,551.573029408939,-289.465329566278,3506,1,37.802,
3591,2019-05-27T11:09:18Z,45.58586667,6.17851667,1544.00,552.573029408939,-288.465329566278,3507,1,37.788,
3592,2019-05-27T11:09:19Z,45.58596667,6.17866667,1544.00,553.573029408939,-287.465329566278,3508,1,37.773,
3593,2019-05-27T11:09:20Z,45.58606667,6.17881667,1543.00,554.573029408939,-286.465329566278,3509,1,37.757,
3594,2019-05-27T11:09:21Z,45.58615000,6.17900000,1544.00,555.573029408939,-285.465329566278,3510,1,37.74,
3595,2019-05-27T11:09:22Z,45.58621667,6.17916667,1546.00,556.573029408939,-284.465329566278,3511,1,37.725,
3596,2019-05-27T11:09:23Z,45.58630000,6.17931667,1550.00,557.573029408939,-283.465329566278,3512,1,37.71,
3597,2019-05-27T11:09:24Z,45.58635000,6.17946667,1555.00,558.573029408939,-282.465329566278,3513,1,37.697,
3598,2019-05-27T11:09:25Z,45.58641667,6.17960000,1558.00,559.573029408939,-281.465329566278,3514,1,37.684,
3599,2019-05-27T11:09:26Z,45.58646667,6.17976667,1559.00,560.573029408939,-280.465329566278,3515,1,37.671,
3600,2019-05-27T11:09:27Z,45.58651667,6.17995000,1559.00,561.573029408939,-279.465329566278,3516,1,37.656,
3601,2019-05-27T11:09:28Z,45.58660000,6.18011667,1557.00,562.573029408939,-278.465329566278,3517,1,37.64,
3602,2019-05-27T11:09:29Z,45.58666667,6.18031667,1556.00,563.573029408939,-277.465329566278,3518,1,37.623,
3603,2019-05-27T11:09:30Z,45.58671667,6.18051667,1557.00,564.573029408939,-276.465329566278,3519,1,37.607,
3604,2019-05-27T11:09:31Z,45.58681667,6.18070000,1559.00,565.573029408939,-275.465329566278,3520,1,37.589,
3605,2019-05-27T11:09:32Z,45.58686667,6.18085000,1561.00,566.573029408939,-274.465329566278,3521,1,37.576,
3606,2019-05-27T11:09:33Z,45.58696667,6.18101667,1561.00,567.573029408939,-273.465329566278,3522,1,37.559,
3607,2019-05-27T11:09:34Z,45.58705000,6.18116667,1561.00,568.573029408939,-272.465329566278,3523,1,37.544,
3608,2019-05-27T11:09:35Z,45.58711667,6.18136667,1560.00,569.573029408939,-271.465329566278,3524,1,37.527,
3609,2019-05-27T11:09:36Z,45.58720000,6.18151667,1558.00,570.573029408939,-270.465329566278,3525,1,37.512,
3610,2019-05-27T11:09:37Z,45.58726667,6.18166667,1558.00,571.573029408939,-269.465329566278,3526,1,37.498,
3611,2019-05-27T11:09:38Z,45.58731667,6.18181667,1557.00,572.573029408939,-268.465329566278,3527,1,37.486,
3612,2019-05-27T11:09:39Z,45.58740000,6.18196667,1557.00,573.573029408939,-267.465329566278,3528,1,37.471,
3613,2019-05-27T11:09:40Z,45.58745000,6.18211667,1556.00,574.573029408939,-266.465329566278,3529,1,37.458,
3614,2019-05-27T11:09:41Z,45.58751667,6.18226667,1556.00,575.573029408939,-265.465329566278,3530,1,37.444,
3615,2019-05-27T11:09:42Z,45.58756667,6.18241667,1555.00,576.573029408939,-264.465329566278,3531,1,37.432,
3616,2019-05-27T11:09:43Z,45.58761667,6.18256667,1554.00,577.573029408939,-263.465329566278,3532,1,37.419,
3617,2019-05-27T11:09:44Z,45.58766667,6.18271667,1553.00,578.573029408939,-262.465329566278,3533,1,37.406,
3618,2019-05-27T11:09:45Z,45.58771667,6.18286667,1552.00,579.573029408939,-261.465329566278,3534,1,37.393,
3619,2019-05-27T11:09:46Z,45.58780000,6.18301667,1550.00,580.573029408939,-260.465329566278,3535,1,37.378,
3620,2019-05-27T11:09:47Z,45.58786667,6.18316667,1549.00,581.573029408939,-259.465329566278,3536,1,37.365,
3621,2019-05-27T11:09:48Z,45.58791667,6.18335000,1548.00,582.573029408939,-258.465329566278,3537,1,37.35,
3622,2019-05-27T11:09:49Z,45.58796667,6.18351667,1547.00,583.573029408939,-257.465329566278,3538,1,37.336,
3623,2019-05-27T11:09:50Z,45.58801667,6.18366667,1548.00,584.573029408939,-256.465329566278,3539,1,37.323,
3624,2019-05-27T11:09:51Z,45.58805000,6.18385000,1549.00,585.573029408939,-255.465329566278,3540,1,37.31,
3625,2019-05-27T11:09:52Z,45.58806667,6.18396667,1550.00,586.573029408939,-254.465329566278,3541,1,37.301,
3626,2019-05-27T11:09:53Z,45.58811667,6.18411667,1550.00,587.573029408939,-253.465329566278,3542,1,37.288,
3627,2019-05-27T11:09:54Z,45.58816667,6.18426667,1548.00,588.573029408939,-252.465329566278,3543,1,37.276,
3628,2019-05-27T11:09:55Z,45.58825000,6.18441667,1546.00,589.573029408939,-251.465329566278,3544,1,37.261,
3629,2019-05-27T11:09:56Z,45.58830000,6.18456667,1543.00,590.573029408939,-250.465329566278,3545,1,37.248,
3630,2019-05-27T11:09:57Z,45.58836667,6.18476667,1539.00,591.573029408939,-249.465329566278,3546,1,37.231,
3631,2019-05-27T11:09:58Z,45.58841667,6.18495000,1536.00,592.573029408939,-248.465329566278,3547,1,37.216,
3632,2019-05-27T11:09:59Z,45.58846667,6.18511667,1534.00,593.573029408939,-247.465329566278,3548,1,37.202,
3633,2019-05-27T11:10:00Z,45.58855000,6.18526667,1533.00,594.573029408939,-246.465329566278,3549,1,37.188,
3634,2019-05-27T11:10:01Z,45.58861667,6.18541667,1533.00,595.573029408939,-245.465329566278,3550,1,37.174,
3635,2019-05-27T11:10:02Z,45.58866667,6.18555000,1533.00,596.573029408939,-244.465329566278,3551,1,37.162,
3636,2019-05-27T11:10:03Z,45.58871667,6.18570000,1533.00,597.573029408939,-243.465329566278,3552,1,37.149,
3637,2019-05-27T11:10:04Z,45.58875000,6.18581667,1534.00,598.573029408939,-242.465329566278,3553,1,37.14,
3638,2019-05-27T11:10:05Z,45.58881667,6.18596667,1532.00,599.573029408939,-241.465329566278,3554,1,37.126,
3639,2019-05-27T11:10:06Z,45.58886667,6.18611667,1529.00,600.573029408939,-240.465329566278,3555,1,37.113,
3640,2019-05-27T11:10:07Z,45.58896667,6.18626667,1525.00,601.573029408939,-239.465329566278,3556,1,37.097,
3641,2019-05-27T11:10:08Z,45.58906667,6.18641667,1521.00,602.573029408939,-238.465329566278,3557,1,37.081,
3642,2019-05-27T11:10:09Z,45.58915000,6.18656667,1519.00,603.573029408939,-237.465329566278,3558,1,37.066,
3643,2019-05-27T11:10:10Z,45.58921667,6.18675000,1521.00,604.573029408939,-236.465329566278,3559,1,37.051,
3644,2019-05-27T11:10:11Z,45.58926667,6.18686667,1524.00,605.573029408939,-235.465329566278,3560,1,37.04,
3645,2019-05-27T11:10:12Z,45.58931667,6.18701667,1525.00,606.573029408939,-234.465329566278,3561,1,37.027,
3646,2019-05-27T11:10:13Z,45.58936667,6.18716667,1524.00,607.573029408939,-233.465329566278,3562,1,37.015,
3647,2019-05-27T11:10:14Z,45.58941667,6.18731667,1521.00,608.573029408939,-232.465329566278,3563,1,37.002,
3648,2019-05-27T11:10:15Z,45.58950000,6.18751667,1516.00,609.573029408939,-231.465329566278,3564,1,36.984,
3649,2019-05-27T11:10:16Z,45.58956667,6.18771667,1510.00,610.573029408939,-230.465329566278,3565,1,36.967,
3650,2019-05-27T11:10:17Z,45.58966667,6.18791667,1507.00,611.573029408939,-229.465329566278,3566,1,36.948,
3651,2019-05-27T11:10:18Z,45.58971667,6.18811667,1506.00,612.573029408939,-228.465329566278,3567,1,36.932,
3652,2019-05-27T11:10:19Z,45.58980000,6.18826667,1506.00,613.573029408939,-227.465329566278,3568,1,36.917,
3653,2019-05-27T11:10:20Z,45.58986667,6.18841667,1505.00,614.573029408939,-226.465329566278,3569,1,36.903,
3654,2019-05-27T11:10:21Z,45.58991667,6.18856667,1504.00,615.573029408939,-225.465329566278,3570,1,36.89,
3655,2019-05-27T11:10:22Z,45.58996667,6.18876667,1502.00,616.573029408939,-224.465329566278,3571,1,36.875,
3656,2019-05-27T11:10:23Z,45.59005000,6.18896667,1499.00,617.573029408939,-223.465329566278,3572,1,36.857,
3657,2019-05-27T11:10:24Z,45.59011667,6.18915000,1497.00,618.573029408939,-222.465329566278,3573,1,36.841,
3658,2019-05-27T11:10:25Z,45.59020000,6.18931667,1496.00,619.573029408939,-221.465329566278,3574,1,36.825,
3659,2019-05-27T11:10:26Z,45.59026667,6.18951667,1496.00,620.573029408939,-220.465329566278,3575,1,36.808,
3660,2019-05-27T11:10:27Z,45.59036667,6.18966667,1495.00,621.573029408939,-219.465329566278,3576,1,36.792,
3661,2019-05-27T11:10:28Z,45.59045000,6.18985000,1493.00,622.573029408939,-218.465329566278,3577,1,36.775,
3662,2019-05-27T11:10:29Z,45.59056667,6.19001667,1492.00,623.573029408939,-217.465329566278,3578,1,36.757,
3663,2019-05-27T11:10:30Z,45.59066667,6.19021667,1491.00,624.573029408939,-216.465329566278,3579,1,36.738,
3664,2019-05-27T11:10:31Z,45.59076667,6.19041667,1492.00,625.573029408939,-215.465329566278,3580,1,36.718,
3665,2019-05-27T11:10:32Z,45.59086667,6.19056667,1493.00,626.573029408939,-214.465329566278,3581,1,36.702,
3666,2019-05-27T11:10:33Z,45.59096667,6.19075000,1495.00,627.573029408939,-213.465329566278,3582,1,36.684,
3667,2019-05-27T11:10:34Z,45.59106667,6.19090000,1498.00,628.573029408939,-212.465329566278,3583,1,36.668,
3668,2019-05-27T11:10:35Z,45.59115000,6.19105000,1499.00,629.573029408939,-211.465329566278,3584,1,36.654,
3669,2019-05-27T11:10:36Z,45.59125000,6.19121667,1499.00,630.573029408939,-210.465329566278,3585,1,36.637,
3670,2019-05-27T11:10:37Z,45.59135000,6.19140000,1498.00,631.573029408939,-209.465329566278,3586,1,36.618,
3671,2019-05-27T11:10:38Z,45.59145000,6.19156667,1497.00,632.573029408939,-208.465329566278,3587,1,36.601,
3672,2019-05-27T11:10:39Z,45.59155000,6.19176667,1497.00,633.573029408939,-207.465329566278,3588,1,36.582,
3673,2019-05-27T11:10:40Z,45.59165000,6.19196667,1497.00,634.573029408939,-206.465329566278,3589,1,36.563,
3674,2019-05-27T11:10:41Z,45.59171667,6.19211667,1500.00,635.573029408939,-205.465329566278,3590,1,36.549,
3675,2019-05-27T11:10:42Z,45.59176667,6.19226667,1503.00,636.573029408939,-204.465329566278,3591,1,36.537,
3676,2019-05-27T11:10:43Z,45.59185000,6.19240000,1505.00,637.573029408939,-203.465329566278,3592,1,36.523,
3677,2019-05-27T11:10:44Z,45.59191667,6.19255000,1505.00,638.573029408939,-202.465329566278,3593,1,36.509,
3678,2019-05-27T11:10:45Z,45.59201667,6.19270000,1504.00,639.573029408939,-201.465329566278,3594,1,36.493,
3679,2019-05-27T11:10:46Z,45.59211667,6.19286667,1504.00,640.573029408939,-200.465329566278,3595,1,36.476,
3680,2019-05-27T11:10:47Z,45.59221667,6.19305000,1502.00,641.573029408939,-199.465329566278,3596,1,36.458,
3681,2019-05-27T11:10:48Z,45.59231667,6.19321667,1502.00,642.573029408939,-198.465329566278,3597,1,36.441,
3682,2019-05-27T11:10:49Z,45.59240000,6.19341667,1503.00,643.573029408939,-197.465329566278,3598,1,36.423,
3683,2019-05-27T11:10:50Z,45.59246667,6.19356667,1504.00,644.573029408939,-196.465329566278,3599,1,36.409,
3684,2019-05-27T11:10:51Z,45.59256667,6.19371667,1506.00,645.573029408939,-195.465329566278,3600,1,36.393,
3685,2019-05-27T11:10:52Z,45.59266667,6.19385000,1508.00,646.573029408939,-194.465329566278,3601,1,36.378,
3686,2019-05-27T11:10:53Z,45.59275000,6.19400000,1509.00,647.573029408939,-193.465329566278,3602,1,36.363,
3687,2019-05-27T11:10:54Z,45.59281667,6.19415000,1509.00,648.573029408939,-192.465329566278,3603,1,36.349,
3688,2019-05-27T11:10:55Z,45.59290000,6.19430000,1509.00,649.573029408939,-191.465329566278,3604,1,36.335,
3689,2019-05-27T11:10:56Z,45.59296667,6.19445000,1509.00,650.573029408939,-190.465329566278,3605,1,36.321,
3690,2019-05-27T11:10:57Z,45.59306667,6.19460000,1509.00,651.573029408939,-189.465329566278,3606,1,36.305,
3691,2019-05-27T11:10:58Z,45.59315000,6.19476667,1507.00,652.573029408939,-188.465329566278,3607,1,36.289,
3692,2019-05-27T11:10:59Z,45.59325000,6.19491667,1506.00,653.573029408939,-187.465329566278,3608,1,36.273,
3693,2019-05-27T11:11:00Z,45.59331667,6.19511667,1504.00,654.573029408939,-186.465329566278,3609,1,36.256,
3694,2019-05-27T11:11:01Z,45.59341667,6.19530000,1503.00,655.573029408939,-185.465329566278,3610,1,36.238,
3695,2019-05-27T11:11:02Z,45.59346667,6.19546667,1503.00,656.573029408939,-184.465329566278,3611,1,36.224,
3696,2019-05-27T11:11:03Z,45.59355000,6.19566667,1502.00,657.573029408939,-183.465329566278,3612,1,36.206,
3697,2019-05-27T11:11:04Z,45.59361667,6.19585000,1499.00,658.573029408939,-182.465329566278,3613,1,36.19,
3698,2019-05-27T11:11:05Z,45.59366667,6.19605000,1495.00,659.573029408939,-181.465329566278,3614,1,36.174,
3699,2019-05-27T11:11:06Z,45.59376667,6.19626667,1491.00,660.573029408939,-180.465329566278,3615,1,36.154,
3700,2019-05-27T11:11:07Z,45.59386667,6.19646667,1489.00,661.573029408939,-179.465329566278,3616,1,36.135,
3701,2019-05-27T11:11:08Z,45.59396667,6.19665000,1488.00,662.573029408939,-178.465329566278,3617,1,36.117,
3702,2019-05-27T11:11:09Z,45.59406667,6.19681667,1489.00,663.573029408939,-177.465329566278,3618,1,36.1,
3703,2019-05-27T11:11:10Z,45.59411667,6.19695000,1489.00,664.573029408939,-176.465329566278,3619,1,36.088,
3704,2019-05-27T11:11:11Z,45.59420000,6.19706667,1491.00,665.573029408939,-175.465329566278,3620,1,36.075,
3705,2019-05-27T11:11:12Z,45.59426667,6.19720000,1491.00,666.573029408939,-174.465329566278,3621,1,36.063,
3706,2019-05-27T11:11:13Z,45.59431667,6.19731667,1490.00,667.573029408939,-173.465329566278,3622,1,36.052,
3707,2019-05-27T11:11:14Z,45.59440000,6.19750000,1488.00,668.573029408939,-172.465329566278,3623,1,36.035,
3708,2019-05-27T11:11:15Z,45.59450000,6.19766667,1484.00,669.573029408939,-171.465329566278,3624,1,36.018,
3709,2019-05-27T11:11:16Z,45.59456667,6.19781667,1482.00,670.573029408939,-170.465329566278,3625,1,36.004,
3710,2019-05-27T11:11:17Z,45.59465000,6.19796667,1481.00,671.573029408939,-169.465329566278,3626,1,35.989,
3711,2019-05-27T11:11:18Z,45.59471667,6.19811667,1482.00,672.573029408939,-168.465329566278,3627,1,35.976,
3712,2019-05-27T11:11:19Z,45.59481667,6.19821667,1482.00,673.573029408939,-167.465329566278,3628,1,35.963,
3713,2019-05-27T11:11:20Z,45.59490000,6.19835000,1480.00,674.573029408939,-166.465329566278,3629,1,35.949,
3714,2019-05-27T11:11:21Z,45.59500000,6.19846667,1478.00,675.573029408939,-165.465329566278,3630,1,35.935,
3715,2019-05-27T11:11:22Z,45.59510000,6.19861667,1474.00,676.573029408939,-164.465329566278,3631,1,35.919,
3716,2019-05-27T11:11:23Z,45.59521667,6.19876667,1469.00,677.573029408939,-163.465329566278,3632,1,35.902,
3717,2019-05-27T11:11:24Z,45.59531667,6.19891667,1465.00,678.573029408939,-162.465329566278,3633,1,35.886,
3718,2019-05-27T11:11:25Z,45.59541667,6.19910000,1463.00,679.573029408939,-161.465329566278,3634,1,35.868,
3719,2019-05-27T11:11:26Z,45.59551667,6.19925000,1463.00,680.573029408939,-160.465329566278,3635,1,35.852,
3720,2019-05-27T11:11:27Z,45.59565000,6.19940000,1461.00,681.573029408939,-159.465329566278,3636,1,35.834,
3721,2019-05-27T11:11:28Z,45.59576667,6.19951667,1460.00,682.573029408939,-158.465329566278,3637,1,35.819,
3722,2019-05-27T11:11:29Z,45.59586667,6.19966667,1457.00,683.573029408939,-157.465329566278,3638,1,35.803,
3723,2019-05-27T11:11:30Z,45.59596667,6.19985000,1453.00,684.573029408939,-156.465329566278,3639,1,35.785,
3724,2019-05-27T11:11:31Z,45.59610000,6.20001667,1448.00,685.573029408939,-155.465329566278,3640,1,35.766,
3725,2019-05-27T11:11:32Z,45.59621667,6.20020000,1445.00,686.573029408939,-154.465329566278,3641,1,35.746,
3726,2019-05-27T11:11:33Z,45.59635000,6.20036667,1444.00,687.573029408939,-153.465329566278,3642,1,35.727,
3727,2019-05-27T11:11:34Z,45.59646667,6.20051667,1443.00,688.573029408939,-152.465329566278,3643,1,35.71,
3728,2019-05-27T11:11:35Z,45.59656667,6.20070000,1441.00,689.573029408939,-151.465329566278,3644,1,35.692,
3729,2019-05-27T11:11:36Z,45.59670000,6.20086667,1441.00,690.573029408939,-150.465329566278,3645,1,35.673,
3730,2019-05-27T11:11:37Z,45.59680000,6.20105000,1442.00,691.573029408939,-149.465329566278,3646,1,35.655,
3731,2019-05-27T11:11:38Z,45.59686667,6.20120000,1444.00,692.573029408939,-148.465329566278,3647,1,35.641,
3732,2019-05-27T11:11:39Z,45.59695000,6.20131667,1446.00,693.573029408939,-147.465329566278,3648,1,35.628,
3733,2019-05-27T11:11:40Z,45.59701667,6.20146667,1447.00,694.573029408939,-146.465329566278,3649,1,35.615,
3734,2019-05-27T11:11:41Z,45.59706667,6.20161667,1446.00,695.573029408939,-145.465329566278,3650,1,35.602,
3735,2019-05-27T11:11:42Z,45.59716667,6.20180000,1444.00,696.573029408939,-144.465329566278,3651,1,35.584,
3736,2019-05-27T11:11:43Z,45.59725000,6.20196667,1442.00,697.573029408939,-143.465329566278,3652,1,35.568,
3737,2019-05-27T11:11:44Z,45.59731667,6.20211667,1442.00,698.573029408939,-142.465329566278,3653,1,35.554,
3738,2019-05-27T11:11:45Z,45.59740000,6.20226667,1444.00,699.573029408939,-141.465329566278,3654,1,35.539,
3739,2019-05-27T11:11:46Z,45.59746667,6.20236667,1446.00,700.573029408939,-140.465329566278,3655,1,35.529,
3740,2019-05-27T11:11:47Z,45.59751667,6.20250000,1446.00,701.573029408939,-139.465329566278,3656,1,35.517,
3741,2019-05-27T11:11:48Z,45.59756667,6.20261667,1446.00,702.573029408939,-138.465329566278,3657,1,35.506,
3742,2019-05-27T11:11:49Z,45.59765000,6.20276667,1442.00,703.573029408939,-137.465329566278,3658,1,35.491,
3743,2019-05-27T11:11:50Z,45.59771667,6.20295000,1438.00,704.573029408939,-136.465329566278,3659,1,35.475,
3744,2019-05-27T11:11:51Z,45.59781667,6.20306667,1435.00,705.573029408939,-135.465329566278,3660,1,35.462,
3745,2019-05-27T11:11:52Z,45.59790000,6.20321667,1434.00,706.573029408939,-134.465329566278,3661,1,35.447,
3746,2019-05-27T11:11:53Z,45.59795000,6.20336667,1434.00,707.573029408939,-133.465329566278,3662,1,35.434,
3747,2019-05-27T11:11:54Z,45.59800000,6.20351667,1434.00,708.573029408939,-132.465329566278,3663,1,35.421,
3748,2019-05-27T11:11:55Z,45.59801667,6.20366667,1433.00,709.573029408939,-131.465329566278,3664,1,35.411,
3749,2019-05-27T11:11:56Z,45.59806667,6.20381667,1431.00,710.573029408939,-130.465329566278,3665,1,35.398,
3750,2019-05-27T11:11:57Z,45.59815000,6.20400000,1427.00,711.573029408939,-129.465329566278,3666,1,35.381,
3751,2019-05-27T11:11:58Z,45.59821667,6.20416667,1424.00,712.573029408939,-128.465329566278,3667,1,35.366,
3752,2019-05-27T11:11:59Z,45.59826667,6.20435000,1422.00,713.573029408939,-127.465329566278,3668,1,35.351,
3753,2019-05-27T11:12:00Z,45.59830000,6.20451667,1421.00,714.573029408939,-126.465329566278,3669,1,35.339,
3754,2019-05-27T11:12:01Z,45.59831667,6.20466667,1420.00,715.573029408939,-125.465329566278,3670,1,35.328,
3755,2019-05-27T11:12:02Z,45.59836667,6.20485000,1419.00,716.573029408939,-124.465329566278,3671,1,35.313,
3756,2019-05-27T11:12:03Z,45.59841667,6.20501667,1418.00,717.573029408939,-123.465329566278,3672,1,35.299,
3757,2019-05-27T11:12:04Z,45.59845000,6.20521667,1415.00,718.573029408939,-122.465329566278,3673,1,35.285,
3758,2019-05-27T11:12:05Z,45.59850000,6.20541667,1412.00,719.573029408939,-121.465329566278,3674,1,35.269,
3759,2019-05-27T11:12:06Z,45.59851667,6.20560000,1412.00,720.573029408939,-120.465329566278,3675,1,35.256,
3760,2019-05-27T11:12:07Z,45.59856667,6.20576667,1413.00,721.573029408939,-119.465329566278,3676,1,35.242,
3761,2019-05-27T11:12:08Z,45.59860000,6.20591667,1414.00,722.573029408939,-118.465329566278,3677,1,35.231,
3762,2019-05-27T11:12:09Z,45.59865000,6.20606667,1414.00,723.573029408939,-117.465329566278,3678,1,35.218,
3763,2019-05-27T11:12:10Z,45.59870000,6.20626667,1413.00,724.573029408939,-116.465329566278,3679,1,35.202,
3764,2019-05-27T11:12:11Z,45.59875000,6.20641667,1411.00,725.573029408939,-115.465329566278,3680,1,35.19,
3765,2019-05-27T11:12:12Z,45.59881667,6.20661667,1408.00,726.573029408939,-114.465329566278,3681,1,35.173,
3766,2019-05-27T11:12:13Z,45.59886667,6.20681667,1407.00,727.573029408939,-113.465329566278,3682,1,35.157,
3767,2019-05-27T11:12:14Z,45.59891667,6.20700000,1407.00,728.573029408939,-112.465329566278,3683,1,35.142,
3768,2019-05-27T11:12:15Z,45.59896667,6.20716667,1408.00,729.573029408939,-111.465329566278,3684,1,35.128,
3769,2019-05-27T11:12:16Z,45.59901667,6.20731667,1409.00,730.573029408939,-110.465329566278,3685,1,35.116,
3770,2019-05-27T11:12:17Z,45.59906667,6.20750000,1410.00,731.573029408939,-109.465329566278,3686,1,35.101,
3771,2019-05-27T11:12:18Z,45.59910000,6.20761667,1412.00,732.573029408939,-108.465329566278,3687,1,35.092,
3772,2019-05-27T11:12:19Z,45.59911667,6.20776667,1413.00,733.573029408939,-107.465329566278,3688,1,35.081,
3773,2019-05-27T11:12:20Z,45.59915000,6.20791667,1412.00,734.573029408939,-106.465329566278,3689,1,35.07,
3774,2019-05-27T11:12:21Z,45.59916667,6.20811667,1409.00,735.573029408939,-105.465329566278,3690,1,35.056,
3775,2019-05-27T11:12:22Z,45.59921667,6.20830000,1406.00,736.573029408939,-104.465329566278,3691,1,35.041,
3776,2019-05-27T11:12:23Z,45.59925000,6.20851667,1403.00,737.573029408939,-103.465329566278,3692,1,35.026,
3777,2019-05-27T11:12:24Z,45.59926667,6.20870000,1401.00,738.573029408939,-102.465329566278,3693,1,35.013,
3778,2019-05-27T11:12:25Z,45.59931667,6.20886667,1402.00,739.573029408939,-101.465329566278,3694,1,35.0,
3779,2019-05-27T11:12:26Z,45.59935000,6.20905000,1404.00,740.573029408939,-100.465329566278,3695,1,34.986,
3780,2019-05-27T11:12:27Z,45.59940000,6.20916667,1405.00,741.573029408939,-99.465329566278,3696,1,34.976,
3781,2019-05-27T11:12:28Z,45.59945000,6.20931667,1405.00,742.573029408939,-98.465329566278,3697,1,34.963,
3782,2019-05-27T11:12:29Z,45.59946667,6.20950000,1404.00,743.573029408939,-97.465329566278,3698,1,34.951,
3783,2019-05-27T11:12:30Z,45.59951667,6.20966667,1401.00,744.573029408939,-96.465329566278,3699,1,34.937,
3784,2019-05-27T11:12:31Z,45.59951667,6.20986667,1399.00,745.573029408939,-95.465329566278,3700,1,34.925,
3785,2019-05-27T11:12:32Z,45.59956667,6.21006667,1397.00,746.573029408939,-94.465329566278,3701,1,34.909,
3786,2019-05-27T11:12:33Z,45.59960000,6.21026667,1397.00,747.573029408939,-93.465329566278,3702,1,34.895,
3787,2019-05-27T11:12:34Z,45.59961667,6.21045000,1397.00,748.573029408939,-92.465329566278,3703,1,34.882,
3788,2019-05-27T11:12:35Z,45.59966667,6.21061667,1396.00,749.573029408939,-91.465329566278,3704,1,34.869,
3789,2019-05-27T11:12:36Z,45.59966667,6.21080000,1394.00,750.573029408939,-90.465329566278,3705,1,34.858,
3790,2019-05-27T11:12:37Z,45.59971667,6.21096667,1392.00,751.573029408939,-89.465329566278,3706,1,34.844,
3791,2019-05-27T11:12:38Z,45.59975000,6.21116667,1390.00,752.573029408939,-88.465329566278,3707,1,34.83,
3792,2019-05-27T11:12:39Z,45.59976667,6.21136667,1388.00,753.573029408939,-87.465329566278,3708,1,34.816,
3793,2019-05-27T11:12:40Z,45.59981667,6.21155000,1388.00,754.573029408939,-86.465329566278,3709,1,34.802,
3794,2019-05-27T11:12:41Z,45.59985000,6.21170000,1389.00,755.573029408939,-85.465329566278,3710,1,34.79,
3795,2019-05-27T11:12:42Z,45.59986667,6.21186667,1389.00,756.573029408939,-84.465329566278,3711,1,34.779,
3796,2019-05-27T11:12:43Z,45.59986667,6.21200000,1391.00,757.573029408939,-83.465329566278,3712,1,34.771,
3797,2019-05-27T11:12:44Z,45.59990000,6.21211667,1393.00,758.573029408939,-82.465329566278,3713,1,34.762,
3798,2019-05-27T11:12:45Z,45.59991667,6.21221667,1393.00,759.573029408939,-81.465329566278,3714,1,34.755,
3799,2019-05-27T11:12:46Z,45.59996667,6.21235000,1393.00,760.573029408939,-80.465329566278,3715,1,34.743,
3800,2019-05-27T11:12:47Z,45.60001667,6.21246667,1393.00,761.573029408939,-79.465329566278,3716,1,34.733,
3801,2019-05-27T11:12:48Z,45.60011667,6.21261667,1391.00,762.573029408939,-78.465329566278,3717,1,34.717,
3802,2019-05-27T11:12:49Z,45.60020000,6.21276667,1391.00,763.573029408939,-77.465329566278,3718,1,34.702,
3803,2019-05-27T11:12:50Z,45.60026667,6.21291667,1392.00,764.573029408939,-76.465329566278,3719,1,34.688,
3804,2019-05-27T11:12:51Z,45.60031667,6.21306667,1394.00,765.573029408939,-75.465329566278,3720,1,34.676,
3805,2019-05-27T11:12:52Z,45.60036667,6.21320000,1396.00,766.573029408939,-74.465329566278,3721,1,34.664,
3806,2019-05-27T11:12:53Z,45.60041667,6.21335000,1397.00,767.573029408939,-73.465329566278,3722,1,34.651,
3807,2019-05-27T11:12:54Z,45.60046667,6.21346667,1398.00,768.573029408939,-72.465329566278,3723,1,34.641,
3808,2019-05-27T11:12:55Z,45.60056667,6.21361667,1399.00,769.573029408939,-71.465329566278,3724,1,34.625,
3809,2019-05-27T11:12:56Z,45.60065000,6.21375000,1401.00,770.573029408939,-70.465329566278,3725,1,34.611,
3810,2019-05-27T11:12:57Z,45.60071667,6.21386667,1403.00,771.573029408939,-69.465329566278,3726,1,34.599,
3811,2019-05-27T11:12:58Z,45.60081667,6.21401667,1404.00,772.573029408939,-68.465329566278,3727,1,34.583,
3812,2019-05-27T11:12:59Z,45.60090000,6.21415000,1405.00,773.573029408939,-67.465329566278,3728,1,34.569,
3813,2019-05-27T11:13:00Z,45.60096667,6.21431667,1405.00,774.573029408939,-66.465329566278,3729,1,34.555,
3814,2019-05-27T11:13:01Z,45.60106667,6.21446667,1405.00,775.573029408939,-65.465329566278,3730,1,34.538,
3815,2019-05-27T11:13:02Z,45.60116667,6.21466667,1404.00,776.573029408939,-64.465329566278,3731,1,34.519,
3816,2019-05-27T11:13:03Z,45.60126667,6.21481667,1403.00,777.573029408939,-63.465329566278,3732,1,34.503,
3817,2019-05-27T11:13:04Z,45.60135000,6.21496667,1403.00,778.573029408939,-62.465329566278,3733,1,34.488,
3818,2019-05-27T11:13:05Z,45.60145000,6.21515000,1403.00,779.573029408939,-61.465329566278,3734,1,34.47,
3819,2019-05-27T11:13:06Z,45.60151667,6.21531667,1403.00,780.573029408939,-60.465329566278,3735,1,34.456,
3820,2019-05-27T11:13:07Z,45.60161667,6.21546667,1405.00,781.573029408939,-59.465329566278,3736,1,34.44,
3821,2019-05-27T11:13:08Z,45.60170000,6.21561667,1406.00,782.573029408939,-58.465329566278,3737,1,34.425,
3822,2019-05-27T11:13:09Z,45.60176667,6.21575000,1408.00,783.573029408939,-57.465329566278,3738,1,34.412,
3823,2019-05-27T11:13:10Z,45.60181667,6.21586667,1410.00,784.573029408939,-56.465329566278,3739,1,34.401,
3824,2019-05-27T11:13:11Z,45.60191667,6.21596667,1411.00,785.573029408939,-55.465329566278,3740,1,34.388,
3825,2019-05-27T11:13:12Z,45.60196667,6.21611667,1410.00,786.573029408939,-54.465329566278,3741,1,34.376,
3826,2019-05-27T11:13:13Z,45.60205000,6.21625000,1410.00,787.573029408939,-53.465329566278,3742,1,34.362,
3827,2019-05-27T11:13:14Z,45.60211667,6.21640000,1412.00,788.573029408939,-52.465329566278,3743,1,34.348,
3828,2019-05-27T11:13:15Z,45.60216667,6.21651667,1414.00,789.573029408939,-51.465329566278,3744,1,34.338,
3829,2019-05-27T11:13:16Z,45.60225000,6.21661667,1416.00,790.573029408939,-50.465329566278,3745,1,34.326,
3830,2019-05-27T11:13:17Z,45.60230000,6.21671667,1417.00,791.573029408939,-49.465329566278,3746,1,34.316,
3831,2019-05-27T11:13:18Z,45.60236667,6.21681667,1417.00,792.573029408939,-48.465329566278,3747,1,34.306,
3832,2019-05-27T11:13:19Z,45.60246667,6.21696667,1416.00,793.573029408939,-47.465329566278,3748,1,34.289,
3833,2019-05-27T11:13:20Z,45.60256667,6.21706667,1417.00,794.573029408939,-46.465329566278,3749,1,34.276,
3834,2019-05-27T11:13:21Z,45.60266667,6.21720000,1418.00,795.573029408939,-45.465329566278,3750,1,34.261,
3835,2019-05-27T11:13:22Z,45.60276667,6.21726667,1420.00,796.573029408939,-44.465329566278,3751,1,34.25,
3836,2019-05-27T11:13:23Z,45.60285000,6.21736667,1426.00,797.573029408939,-43.465329566278,3752,1,34.238,
3837,2019-05-27T11:13:24Z,45.60290000,6.21746667,1430.00,798.573029408939,-42.465329566278,3753,1,34.229,
3838,2019-05-27T11:13:25Z,45.60295000,6.21755000,1433.00,799.573029408939,-41.465329566278,3754,1,34.22,
3839,2019-05-27T11:13:26Z,45.60301667,6.21765000,1435.00,800.573029408939,-40.465329566278,3755,1,34.209,
3840,2019-05-27T11:13:27Z,45.60306667,6.21780000,1436.00,801.573029408939,-39.465329566278,3756,1,34.197,
3841,2019-05-27T11:13:28Z,45.60316667,6.21795000,1435.00,802.573029408939,-38.465329566278,3757,1,34.181,
3842,2019-05-27T11:13:29Z,45.60325000,6.21811667,1435.00,803.573029408939,-37.465329566278,3758,1,34.165,
3843,2019-05-27T11:13:30Z,45.60331667,6.21825000,1439.00,804.573029408939,-36.465329566278,3759,1,34.152,
3844,2019-05-27T11:13:31Z,45.60340000,6.21836667,1443.00,805.573029408939,-35.465329566278,3760,1,34.139,
3845,2019-05-27T11:13:32Z,45.60346667,6.21846667,1448.00,806.573029408939,-34.465329566278,3761,1,34.129,
3846,2019-05-27T11:13:33Z,45.60351667,6.21856667,1452.00,807.573029408939,-33.465329566278,3762,1,34.119,
3847,2019-05-27T11:13:34Z,45.60360000,6.21870000,1454.00,808.573029408939,-32.465329566278,3763,1,34.105,
3848,2019-05-27T11:13:35Z,45.60366667,6.21881667,1456.00,809.573029408939,-31.465329566278,3764,1,34.093,
3849,2019-05-27T11:13:36Z,45.60376667,6.21896667,1457.00,810.573029408939,-30.465329566278,3765,1,34.077,
3850,2019-05-27T11:13:37Z,45.60385000,6.21911667,1459.00,811.573029408939,-29.465329566278,3766,1,34.062,
3851,2019-05-27T11:13:38Z,45.60395000,6.21925000,1461.00,812.573029408939,-28.465329566278,3767,1,34.047,
3852,2019-05-27T11:13:39Z,45.60401667,6.21940000,1463.00,813.573029408939,-27.465329566278,3768,1,34.034,
3853,2019-05-27T11:13:40Z,45.60411667,6.21955000,1465.00,814.573029408939,-26.465329566278,3769,1,34.018,
3854,2019-05-27T11:13:41Z,45.60420000,6.21970000,1468.00,815.573029408939,-25.465329566278,3770,1,34.003,
3855,2019-05-27T11:13:42Z,45.60426667,6.21985000,1471.00,816.573029408939,-24.465329566278,3771,1,33.989,
3856,2019-05-27T11:13:43Z,45.60436667,6.22000000,1473.00,817.573029408939,-23.465329566278,3772,1,33.973,
3857,2019-05-27T11:13:44Z,45.60445000,6.22011667,1475.00,818.573029408939,-22.465329566278,3773,1,33.96,
3858,2019-05-27T11:13:45Z,45.60455000,6.22026667,1477.00,819.573029408939,-21.465329566278,3774,1,33.944,
3859,2019-05-27T11:13:46Z,45.60461667,6.22041667,1478.00,820.573029408939,-20.465329566278,3775,1,33.93,
3860,2019-05-27T11:13:47Z,45.60471667,6.22055000,1479.00,821.573029408939,-19.465329566278,3776,1,33.915,
3861,2019-05-27T11:13:48Z,45.60485000,6.22070000,1480.00,822.573029408939,-18.465329566278,3777,1,33.897,
3862,2019-05-27T11:13:49Z,45.60495000,6.22085000,1479.00,823.573029408939,-17.465329566278,3778,1,33.88,
3863,2019-05-27T11:13:50Z,45.60505000,6.22100000,1481.00,824.573029408939,-16.465329566278,3779,1,33.864,
3864,2019-05-27T11:13:51Z,45.60511667,6.22115000,1483.00,825.573029408939,-15.465329566278,3780,1,33.851,
3865,2019-05-27T11:13:52Z,45.60516667,6.22126667,1487.00,826.573029408939,-14.465329566278,3781,1,33.84,
3866,2019-05-27T11:13:53Z,45.60521667,6.22140000,1489.00,827.573029408939,-13.465329566278,3782,1,33.829,
3867,2019-05-27T11:13:54Z,45.60530000,6.22151667,1489.00,828.573029408939,-12.465329566278,3783,1,33.816,
3868,2019-05-27T11:13:55Z,45.60540000,6.22166667,1489.00,829.573029408939,-11.465329566278,3784,1,33.8,
3869,2019-05-27T11:13:56Z,45.60550000,6.22181667,1485.00,830.573029408939,-10.465329566278,3785,1,33.784,
3870,2019-05-27T11:13:57Z,45.60561667,6.22196667,1482.00,831.573029408939,-9.465329566278,3786,1,33.766,
3871,2019-05-27T11:13:58Z,45.60571667,6.22215000,1482.00,832.573029408939,-8.465329566278,3787,1,33.748,
3872,2019-05-27T11:13:59Z,45.60580000,6.22231667,1484.00,833.573029408939,-7.465329566278,3788,1,33.732,
3873,2019-05-27T11:14:00Z,45.60586667,6.22246667,1487.00,834.573029408939,-6.465329566278,3789,1,33.719,
3874,2019-05-27T11:14:01Z,45.60591667,6.22261667,1489.00,835.573029408939,-5.465329566278,3790,1,33.706,
3875,2019-05-27T11:14:02Z,45.60596667,6.22276667,1491.00,836.573029408939,-4.465329566278,3791,1,33.694,
3876,2019-05-27T11:14:03Z,45.60605000,6.22291667,1493.00,837.573029408939,-3.465329566278,3792,1,33.679,
3877,2019-05-27T11:14:04Z,45.60615000,6.22306667,1493.00,838.573029408939,-2.465329566278,3793,1,33.663,
3878,2019-05-27T11:14:05Z,45.60625000,6.22321667,1491.00,839.573029408939,-1.465329566278,3794,1,33.647,
3879,2019-05-27T11:14:06Z,45.60635000,6.22336667,1490.00,840.573029408939,-0.465329566278,3795,1,33.63,
3880,2019-05-27T11:14:07Z,45.60646667,6.22355000,1490.00,841.573029408939,0.534670433722,3796,1,33.611,
3881,2019-05-27T11:14:08Z,45.60655000,6.22370000,1490.00,842.573029408939,1.534670433722,3797,1,33.596,
3882,2019-05-27T11:14:09Z,45.60661667,6.22385000,1491.00,843.573029408939,2.534670433722,3798,1,33.583,
3883,2019-05-27T11:14:10Z,45.60671667,6.22396667,1493.00,844.573029408939,3.534670433722,3799,1,33.568,
3884,2019-05-27T11:14:11Z,45.60676667,6.22411667,1495.00,845.573029408939,4.534670433722,3800,1,33.556,
3885,2019-05-27T11:14:12Z,45.60685000,6.22426667,1496.00,846.573029408939,5.534670433722,3801,1,33.541,
3886,2019-05-27T11:14:13Z,45.60691667,6.22441667,1496.00,847.573029408939,6.534670433722,3802,1,33.527,
3887,2019-05-27T11:14:14Z,45.60701667,6.22456667,1495.00,848.573029408939,7.534670433722,3803,1,33.511,
3888,2019-05-27T11:14:15Z,45.60711667,6.22471667,1493.00,849.573029408939,8.534670433722,3804,1,33.495,
3889,2019-05-27T11:14:16Z,45.60725000,6.22486667,1491.00,850.573029408939,9.534670433722,3805,1,33.477,
3890,2019-05-27T11:14:17Z,45.60736667,6.22501667,1489.00,851.573029408939,10.534670433722,3806,1,33.459,
3891,2019-05-27T11:14:18Z,45.60746667,6.22521667,1488.00,852.573029408939,11.534670433722,3807,1,33.44,
3892,2019-05-27T11:14:19Z,45.60756667,6.22540000,1487.00,853.573029408939,12.534670433722,3808,1,33.422,
3893,2019-05-27T11:14:20Z,45.60766667,6.22556667,1488.00,854.573029408939,13.534670433722,3809,1,33.405,
3894,2019-05-27T11:14:21Z,45.60775000,6.22571667,1489.00,855.573029408939,14.534670433722,3810,1,33.39,
3895,2019-05-27T11:14:22Z,45.60781667,6.22586667,1491.00,856.573029408939,15.534670433722,3811,1,33.377,
3896,2019-05-27T11:14:23Z,45.60791667,6.22601667,1492.00,857.573029408939,16.534670433722,3812,1,33.361,
3897,2019-05-27T11:14:24Z,45.60801667,6.22616667,1493.00,858.573029408939,17.534670433722,3813,1,33.344,
3898,2019-05-27T11:14:25Z,45.60811667,6.22631667,1495.00,859.573029408939,18.534670433722,3814,1,33.328,
3899,2019-05-27T11:14:26Z,45.60821667,6.22645000,1498.00,860.573029408939,19.534670433722,3815,1,33.313,
3900,2019-05-27T11:14:27Z,45.60831667,6.22655000,1502.00,861.573029408939,20.534670433722,3816,1,33.3,
3901,2019-05-27T11:14:28Z,45.60840000,6.22665000,1506.00,862.573029408939,21.534670433722,3817,1,33.288,
3902,2019-05-27T11:14:29Z,45.60846667,6.22676667,1508.00,863.573029408939,22.534670433722,3818,1,33.277,
3903,2019-05-27T11:14:30Z,45.60856667,6.22690000,1511.00,864.573029408939,23.534670433722,3819,1,33.261,
3904,2019-05-27T11:14:31Z,45.60870000,6.22701667,1512.00,865.573029408939,24.534670433722,3820,1,33.245,
3905,2019-05-27T11:14:32Z,45.60880000,6.22716667,1515.00,866.573029408939,25.534670433722,3821,1,33.229,
3906,2019-05-27T11:14:33Z,45.60890000,6.22730000,1516.00,867.573029408939,26.534670433722,3822,1,33.214,
3907,2019-05-27T11:14:34Z,45.60896667,6.22745000,1519.00,868.573029408939,27.534670433722,3823,1,33.2,
3908,2019-05-27T11:14:35Z,45.60906667,6.22760000,1521.00,869.573029408939,28.534670433722,3824,1,33.184,
3909,2019-05-27T11:14:36Z,45.60911667,6.22775000,1523.00,870.573029408939,29.534670433722,3825,1,33.172,
3910,2019-05-27T11:14:37Z,45.60920000,6.22786667,1526.00,871.573029408939,30.534670433722,3826,1,33.159,
3911,2019-05-27T11:14:38Z,45.60921667,6.22796667,1527.00,872.573029408939,31.534670433722,3827,1,33.151,
3912,2019-05-27T11:14:39Z,45.60930000,6.22810000,1528.00,873.573029408939,32.534670433722,3828,1,33.138,
3913,2019-05-27T11:14:40Z,45.60935000,6.22821667,1527.00,874.573029408939,33.534670433722,3829,1,33.127,
3914,2019-05-27T11:14:41Z,45.60941667,6.22836667,1526.00,875.573029408939,34.534670433722,3830,1,33.113,
3915,2019-05-27T11:14:42Z,45.60951667,6.22855000,1524.00,876.573029408939,35.534670433722,3831,1,33.095,
3916,2019-05-27T11:14:43Z,45.60961667,6.22871667,1522.00,877.573029408939,36.534670433722,3832,1,33.078,
3917,2019-05-27T11:14:44Z,45.60966667,6.22886667,1523.00,878.573029408939,37.534670433722,3833,1,33.066,
3918,2019-05-27T11:14:45Z,45.60975000,6.22905000,1524.00,879.573029408939,38.534670433722,3834,1,33.049,
3919,2019-05-27T11:14:46Z,45.60981667,6.22921667,1526.00,880.573029408939,39.534670433722,3835,1,33.034,
3920,2019-05-27T11:14:47Z,45.60986667,6.22940000,1528.00,881.573029408939,40.534670433722,3836,1,33.02,
3921,2019-05-27T11:14:48Z,45.60995000,6.22956667,1530.00,882.573029408939,41.534670433722,3837,1,33.004,
3922,2019-05-27T11:14:49Z,45.61001667,6.22971667,1531.00,883.573029408939,42.534670433722,3838,1,32.99,
3923,2019-05-27T11:14:50Z,45.61010000,6.22986667,1531.00,884.573029408939,43.534670433722,3839,1,32.975,
3924,2019-05-27T11:14:51Z,45.61015000,6.23005000,1531.00,885.573029408939,44.534670433722,3840,1,32.961,
3925,2019-05-27T11:14:52Z,45.61021667,6.23021667,1532.00,886.573029408939,45.534670433722,3841,1,32.946,
3926,2019-05-27T11:14:53Z,45.61026667,6.23040000,1531.00,887.573029408939,46.534670433722,3842,1,32.932,
3927,2019-05-27T11:14:54Z,45.61035000,6.23060000,1532.00,888.573029408939,47.534670433722,3843,1,32.914,
3928,2019-05-27T11:14:55Z,45.61041667,6.23076667,1531.00,889.573029408939,48.534670433722,3844,1,32.899,
3929,2019-05-27T11:14:56Z,45.61046667,6.23096667,1532.00,890.573029408939,49.534670433722,3845,1,32.884,
3930,2019-05-27T11:14:57Z,45.61051667,6.23116667,1533.00,891.573029408939,50.534670433722,3846,1,32.869,
3931,2019-05-27T11:14:58Z,45.61060000,6.23135000,1535.00,892.573029408939,51.534670433722,3847,1,32.852,
3932,2019-05-27T11:14:59Z,45.61066667,6.23151667,1537.00,893.573029408939,52.534670433722,3848,1,32.838,
3933,2019-05-27T11:15:00Z,45.61075000,6.23170000,1538.00,894.573029408939,53.534670433722,3849,1,32.821,
3934,2019-05-27T11:15:01Z,45.61081667,6.23186667,1540.00,895.573029408939,54.534670433722,3850,1,32.806,
3935,2019-05-27T11:15:02Z,45.61090000,6.23205000,1541.00,896.573029408939,55.534670433722,3851,1,32.79,
3936,2019-05-27T11:15:03Z,45.61096667,6.23221667,1542.00,897.573029408939,56.534670433722,3852,1,32.775,
3937,2019-05-27T11:15:04Z,45.61101667,6.23236667,1544.00,898.573029408939,57.534670433722,3853,1,32.763,
3938,2019-05-27T11:15:05Z,45.61110000,6.23251667,1544.00,899.573029408939,58.534670433722,3854,1,32.748,
3939,2019-05-27T11:15:06Z,45.61116667,6.23266667,1544.00,900.573029408939,59.534670433722,3855,1,32.735,
3940,2019-05-27T11:15:07Z,45.61121667,6.23285000,1545.00,901.573029408939,60.534670433722,3856,1,32.721,
3941,2019-05-27T11:15:08Z,45.61130000,6.23300000,1548.00,902.573029408939,61.534670433722,3857,1,32.706,
3942,2019-05-27T11:15:09Z,45.61135000,6.23311667,1553.00,903.573029408939,62.534670433722,3858,1,32.695,
3943,2019-05-27T11:15:10Z,45.61141667,6.23325000,1557.00,904.573029408939,63.534670433722,3859,1,32.683,
3944,2019-05-27T11:15:11Z,45.61145000,6.23336667,1560.00,905.573029408939,64.534670433722,3860,1,32.674,
3945,2019-05-27T11:15:12Z,45.61150000,6.23351667,1562.00,906.573029408939,65.534670433722,3861,1,32.662,
3946,2019-05-27T11:15:13Z,45.61151667,6.23365000,1564.00,907.573029408939,66.534670433722,3862,1,32.653,
3947,2019-05-27T11:15:14Z,45.61156667,6.23376667,1564.00,908.573029408939,67.534670433722,3863,1,32.643,
3948,2019-05-27T11:15:15Z,45.61161667,6.23391667,1563.00,909.573029408939,68.534670433722,3864,1,32.631,
3949,2019-05-27T11:15:16Z,45.61170000,6.23406667,1561.00,910.573029408939,69.534670433722,3865,1,32.616,
3950,2019-05-27T11:15:17Z,45.61175000,6.23426667,1559.00,911.573029408939,70.534670433722,3866,1,32.602,
3951,2019-05-27T11:15:18Z,45.61181667,6.23446667,1557.00,912.573029408939,71.534670433722,3867,1,32.586,
3952,2019-05-27T11:15:19Z,45.61186667,6.23465000,1556.00,913.573029408939,72.534670433722,3868,1,32.573,
3953,2019-05-27T11:15:20Z,45.61196667,6.23481667,1559.00,914.573029408939,73.534670433722,3869,1,32.556,
3954,2019-05-27T11:15:21Z,45.61201667,6.23500000,1563.00,915.573029408939,74.534670433722,3870,1,32.542,
3955,2019-05-27T11:15:22Z,45.61206667,6.23511667,1569.00,916.573029408939,75.534670433722,3871,1,32.532,
3956,2019-05-27T11:15:23Z,45.61211667,6.23521667,1575.00,917.573029408939,76.534670433722,3872,1,32.523,
3957,2019-05-27T11:15:24Z,45.61215000,6.23531667,1578.00,918.573029408939,77.534670433722,3873,1,32.516,
3958,2019-05-27T11:15:25Z,45.61216667,6.23541667,1580.00,919.573029408939,78.534670433722,3874,1,32.509,
3959,2019-05-27T11:15:26Z,45.61216667,6.23555000,1582.00,920.573029408939,79.534670433722,3875,1,32.503,
3960,2019-05-27T11:15:27Z,45.61221667,6.23570000,1583.00,921.573029408939,80.534670433722,3876,1,32.492,
3961,2019-05-27T11:15:28Z,45.61221667,6.23585000,1586.00,922.573029408939,81.534670433722,3877,1,32.485,
3962,2019-05-27T11:15:29Z,45.61226667,6.23596667,1588.00,923.573029408939,82.534670433722,3878,1,32.475,
3963,2019-05-27T11:15:30Z,45.61226667,6.23611667,1591.00,924.573029408939,83.534670433722,3879,1,32.469,
3964,2019-05-27T11:15:31Z,45.61230000,6.23625000,1593.00,925.573029408939,84.534670433722,3880,1,32.46,
3965,2019-05-27T11:15:32Z,45.61231667,6.23640000,1592.00,926.573029408939,85.534670433722,3881,1,32.453,
3966,2019-05-27T11:15:33Z,45.61236667,6.23656667,1592.00,927.573029408939,86.534670433722,3882,1,32.441,
3967,2019-05-27T11:15:34Z,45.61241667,6.23670000,1592.00,928.573029408939,87.534670433722,3883,1,32.431,
3968,2019-05-27T11:15:35Z,45.61246667,6.23681667,1594.00,929.573029408939,88.534670433722,3884,1,32.422,
3969,2019-05-27T11:15:36Z,45.61251667,6.23690000,1596.00,930.573029408939,89.534670433722,3885,1,32.414,
3970,2019-05-27T11:15:37Z,45.61256667,6.23700000,1597.00,931.573029408939,90.534670433722,3886,1,32.406,
3971,2019-05-27T11:15:38Z,45.61261667,6.23706667,1595.00,932.573029408939,91.534670433722,3887,1,32.398,
3972,2019-05-27T11:15:39Z,45.61266667,6.23720000,1594.00,933.573029408939,92.534670433722,3888,1,32.389,
3973,2019-05-27T11:15:40Z,45.61271667,6.23735000,1593.00,934.573029408939,93.534670433722,3889,1,32.379,
3974,2019-05-27T11:15:41Z,45.61280000,6.23746667,1593.00,935.573029408939,94.534670433722,3890,1,32.367,
3975,2019-05-27T11:15:42Z,45.61285000,6.23756667,1594.00,936.573029408939,95.534670433722,3891,1,32.358,
3976,2019-05-27T11:15:43Z,45.61286667,6.23770000,1594.00,937.573029408939,96.534670433722,3892,1,32.353,
3977,2019-05-27T11:15:44Z,45.61290000,6.23780000,1594.00,938.573029408939,97.534670433722,3893,1,32.346,
3978,2019-05-27T11:15:45Z,45.61291667,6.23791667,1593.00,939.573029408939,98.534670433722,3894,1,32.342,
3979,2019-05-27T11:15:46Z,45.61296667,6.23805000,1592.00,940.573029408939,99.534670433722,3895,1,32.333,
3980,2019-05-27T11:15:47Z,45.61296667,6.23816667,1592.00,941.573029408939,100.534670433722,3896,1,32.33,
3981,2019-05-27T11:15:48Z,45.61301667,6.23830000,1591.00,942.573029408939,101.534670433722,3897,1,32.322,
3982,2019-05-27T11:15:49Z,45.61301667,6.23841667,1591.00,943.573029408939,102.534670433722,3898,1,32.32,
3983,2019-05-27T11:15:50Z,45.61306667,6.23851667,1591.00,944.573029408939,103.534670433722,3899,1,32.313,
3984,2019-05-27T11:15:51Z,45.61310000,6.23861667,1591.00,945.573029408939,104.534670433722,3900,1,32.307,
3985,2019-05-27T11:15:52Z,45.61311667,6.23876667,1590.00,946.573029408939,105.534670433722,3901,1,32.303,
3986,2019-05-27T11:15:53Z,45.61316667,6.23890000,1589.00,947.573029408939,106.534670433722,3902,1,32.296,
3987,2019-05-27T11:15:54Z,45.61320000,6.23905000,1587.00,948.573029408939,107.534670433722,3903,1,32.291,
3988,2019-05-27T11:15:55Z,45.61321667,6.23921667,1585.00,949.573029408939,108.534670433722,3904,1,32.289,
3989,2019-05-27T11:15:56Z,45.61326667,6.23936667,1583.00,950.573029408939,109.534670433722,3905,1,32.283,
3990,2019-05-27T11:15:57Z,45.61331667,6.23951667,1582.00,951.573029408939,110.534670433722,3906,1,32.277,
3991,2019-05-27T11:15:58Z,45.61340000,6.23965000,1580.00,952.573029408939,111.534670433722,3907,1,32.269,
3992,2019-05-27T11:15:59Z,45.61346667,6.23976667,1579.00,953.573029408939,112.534670433722,3908,1,32.262,
3993,2019-05-27T11:16:00Z,45.61351667,6.23990000,1578.00,954.573029408939,113.534670433722,3909,1,32.258,
3994,2019-05-27T11:16:01Z,45.61360000,6.24001667,1576.00,955.573029408939,114.534670433722,3910,1,32.25,
3995,2019-05-27T11:16:02Z,45.61366667,6.24016667,1575.00,956.573029408939,115.534670433722,3911,1,32.246,
3996,2019-05-27T11:16:03Z,45.61376667,6.24031667,1571.00,957.573029408939,116.534670433722,3912,1,32.238,
3997,2019-05-27T11:16:04Z,45.61381667,6.24046667,1568.00,958.573029408939,117.534670433722,3913,1,32.237,
3998,2019-05-27T11:16:05Z,45.61391667,6.24061667,1567.00,959.573029408939,118.534670433722,3914,1,32.231,
3999,2019-05-27T11:16:06Z,45.61400000,6.24076667,1566.00,960.573029408939,119.534670433722,3915,1,32.227,
4000,2019-05-27T11:16:07Z,45.61406667,6.24086667,1566.00,961.573029408939,120.534670433722,3916,1,32.225,
4001,2019-05-27T11:16:08Z,45.61415000,6.24100000,1565.00,962.573029408939,121.534670433722,3917,1,32.222,
4002,2019-05-27T11:16:09Z,45.61421667,6.24111667,1563.00,963.573029408939,122.534670433722,3918,1,32.221,
4003,2019-05-27T11:16:10Z,45.61430000,6.24121667,1562.00,964.573029408939,123.534670433722,3919,1,32.219,
4004,2019-05-27T11:16:11Z,45.61440000,6.24135000,1559.00,965.573029408939,124.534670433722,3920,1,32.217,
4005,2019-05-27T11:16:12Z,45.61450000,6.24146667,1555.00,966.573029408939,125.534670433722,3921,1,32.216,
4006,2019-05-27T11:16:13Z,45.61461667,6.24156667,1551.00,967.573029408939,126.534670433722,1,3,31.963,
4007,2019-05-27T11:16:14Z,45.61471667,6.24166667,1549.00,968.573029408939,127.534670433722,2,3,31.976,
4008,2019-05-27T11:16:15Z,45.61481667,6.24180000,1549.00,969.573029408939,128.534670433722,3,3,31.991,
4009,2019-05-27T11:16:16Z,45.61486667,6.24190000,1552.00,970.573029408939,129.534670433722,4,3,32.0,
4010,2019-05-27T11:16:17Z,45.61491667,6.24201667,1554.00,971.573029408939,130.534670433722,5,3,32.009,
4011,2019-05-27T11:16:18Z,45.61490000,6.24215000,1553.00,972.573029408939,131.534670433722,6,3,32.013,
4012,2019-05-27T11:16:19Z,45.61485000,6.24226667,1550.00,973.573029408939,132.534670433722,7,3,32.012,
4013,2019-05-27T11:16:20Z,45.61476667,6.24236667,1548.00,974.573029408939,133.534670433722,8,3,32.008,
4014,2019-05-27T11:16:21Z,45.61465000,6.24240000,1546.00,975.573029408939,134.534670433722,9,3,31.998,
4015,2019-05-27T11:16:22Z,45.61455000,6.24231667,1545.00,976.573029408939,135.534670433722,10,3,31.986,
4016,2019-05-27T11:16:23Z,45.61446667,6.24221667,1544.00,977.573029408939,136.534670433722,11,3,31.974,
4017,2019-05-27T11:16:24Z,45.61441667,6.24210000,1544.00,978.573029408939,137.534670433722,12,3,31.964,
4018,2019-05-27T11:16:25Z,45.61436667,6.24196667,1544.00,979.573029408939,138.534670433722,13,3,31.954,
4019,2019-05-27T11:16:26Z,45.61431667,6.24185000,1543.00,980.573029408939,139.534670433722,14,3,32.182,
4020,2019-05-27T11:16:27Z,45.61425000,6.24171667,1540.00,981.573029408939,140.534670433722,15,3,32.186,
4021,2019-05-27T11:16:28Z,45.61416667,6.24160000,1536.00,982.573029408939,141.534670433722,16,3,32.189,
4022,2019-05-27T11:16:29Z,45.61410000,6.24145000,1533.00,983.573029408939,142.534670433722,17,3,32.195,
4023,2019-05-27T11:16:30Z,45.61401667,6.24131667,1530.00,984.573029408939,143.534670433722,18,3,32.2,
4024,2019-05-27T11:16:31Z,45.61395000,6.24116667,1531.00,985.573029408939,144.534670433722,19,3,32.207,
4025,2019-05-27T11:16:32Z,45.61391667,6.24101667,1531.00,986.573029408939,145.534670433722,20,3,32.216,
4026,2019-05-27T11:16:33Z,45.61386667,6.24091667,1530.00,987.573029408939,146.534670433722,21,3,32.221,
4027,2019-05-27T11:16:34Z,45.61381667,6.24076667,1529.00,988.573029408939,147.534670433722,22,3,32.23,
4028,2019-05-27T11:16:35Z,45.61381667,6.24061667,1528.00,989.573029408939,148.534670433722,23,3,32.241,
4029,2019-05-27T11:16:36Z,45.61376667,6.24046667,1526.00,990.573029408939,149.534670433722,24,3,32.242,
4030,2019-05-27T11:16:37Z,45.61376667,6.24030000,1524.00,991.573029408939,150.534670433722,25,3,32.238,
4031,2019-05-27T11:16:38Z,45.61376667,6.24011667,1523.00,992.573029408939,151.534670433722,26,3,32.234,
4032,2019-05-27T11:16:39Z,45.61375000,6.23996667,1524.00,993.573029408939,152.534670433722,27,3,32.233,
4033,2019-05-27T11:16:40Z,45.61371667,6.23981667,1527.00,994.573029408939,153.534670433722,28,3,32.235,
4034,2019-05-27T11:16:41Z,45.61371667,6.23966667,1530.00,995.573029408939,154.534670433722,29,3,32.234,
4035,2019-05-27T11:16:42Z,45.61371667,6.23951667,1531.00,996.573029408939,155.534670433722,30,3,32.233,
4036,2019-05-27T11:16:43Z,45.61370000,6.23936667,1531.00,997.573029408939,156.534670433722,31,3,32.235,
4037,2019-05-27T11:16:44Z,45.61370000,6.23916667,1531.00,998.573029408939,157.534670433722,32,3,32.235,
4038,2019-05-27T11:16:45Z,45.61366667,6.23900000,1530.00,999.573029408939,158.534670433722,33,3,32.24,
4039,2019-05-27T11:16:46Z,45.61366667,6.23880000,1528.00,1000.573029408939,159.534670433722,34,3,32.243,
4040,2019-05-27T11:16:47Z,45.61361667,6.23860000,1527.00,1001.573029408939,160.534670433722,35,3,32.252,
4041,2019-05-27T11:16:48Z,45.61360000,6.23841667,1527.00,1002.573029408939,161.534670433722,36,3,32.257,
4042,2019-05-27T11:16:49Z,45.61356667,6.23825000,1528.00,1003.573029408939,162.534670433722,37,3,32.265,
4043,2019-05-27T11:16:50Z,45.61355000,6.23810000,1530.00,1004.573029408939,163.534670433722,38,3,32.271,
4044,2019-05-27T11:16:51Z,45.61351667,6.23795000,1532.00,1005.573029408939,164.534670433722,39,3,32.279,
4045,2019-05-27T11:16:52Z,45.61346667,6.23780000,1532.00,1006.573029408939,165.534670433722,40,3,32.288,
4046,2019-05-27T11:16:53Z,45.61345000,6.23765000,1530.00,1007.573029408939,166.534670433722,41,3,32.295,
4047,2019-05-27T11:16:54Z,45.61341667,6.23746667,1528.00,1008.573029408939,167.534670433722,42,3,32.305,
4048,2019-05-27T11:16:55Z,45.61336667,6.23730000,1525.00,1009.573029408939,168.534670433722,43,3,32.317,
4049,2019-05-27T11:16:56Z,45.61331667,6.23715000,1523.00,1010.573029408939,169.534670433722,44,3,32.327,
4050,2019-05-27T11:16:57Z,45.61325000,6.23700000,1523.00,1011.573029408939,170.534670433722,45,3,32.34,
4051,2019-05-27T11:16:58Z,45.61320000,6.23681667,1524.00,1012.573029408939,171.534670433722,46,3,32.352,
4052,2019-05-27T11:16:59Z,45.61311667,6.23666667,1524.00,1013.573029408939,172.534670433722,47,3,32.367,
4053,2019-05-27T11:17:00Z,45.61306667,6.23650000,1522.00,1014.573029408939,173.534670433722,48,3,32.379,
4054,2019-05-27T11:17:01Z,45.61305000,6.23635000,1523.00,1015.573029408939,174.534670433722,49,3,32.387,
4055,2019-05-27T11:17:02Z,45.61300000,6.23621667,1525.00,1016.573029408939,175.534670433722,50,3,32.398,
4056,2019-05-27T11:17:03Z,45.61295000,6.23606667,1526.00,1017.573029408939,176.534670433722,51,3,32.41,
4057,2019-05-27T11:17:04Z,45.61290000,6.23591667,1524.00,1018.573029408939,177.534670433722,52,3,32.421,
4058,2019-05-27T11:17:05Z,45.61280000,6.23576667,1521.00,1019.573029408939,178.534670433722,53,3,32.437,
4059,2019-05-27T11:17:06Z,45.61271667,6.23560000,1520.00,1020.573029408939,179.534670433722,54,3,32.453,
4060,2019-05-27T11:17:07Z,45.61261667,6.23546667,1522.00,1021.573029408939,180.534670433722,55,3,32.468,
4061,2019-05-27T11:17:08Z,45.61256667,6.23531667,1527.00,1022.573029408939,181.534670433722,56,3,32.48,
4062,2019-05-27T11:17:09Z,45.61255000,6.23521667,1532.00,1023.573029408939,182.534670433722,57,3,32.486,
4063,2019-05-27T11:17:10Z,45.61251667,6.23511667,1536.00,1024.573029408939,183.534670433722,58,3,32.494,
4064,2019-05-27T11:17:11Z,45.61246667,6.23501667,1537.00,1025.573029408939,184.534670433722,59,3,32.504,
4065,2019-05-27T11:17:12Z,45.61241667,6.23491667,1536.00,1026.573029408939,185.534670433722,60,3,32.513,
4066,2019-05-27T11:17:13Z,45.61235000,6.23476667,1532.00,1027.573029408939,186.534670433722,61,3,32.526,
4067,2019-05-27T11:17:14Z,45.61226667,6.23461667,1527.00,1028.573029408939,187.534670433722,62,3,32.541,
4068,2019-05-27T11:17:15Z,45.61220000,6.23446667,1525.00,1029.573029408939,188.534670433722,63,3,32.554,
4069,2019-05-27T11:17:16Z,45.61215000,6.23431667,1525.00,1030.573029408939,189.534670433722,64,3,32.567,
4070,2019-05-27T11:17:17Z,45.61211667,6.23416667,1528.00,1031.573029408939,190.534670433722,65,3,32.577,
4071,2019-05-27T11:17:18Z,45.61206667,6.23401667,1532.00,1032.573029408939,191.534670433722,66,3,32.59,
4072,2019-05-27T11:17:19Z,45.61205000,6.23390000,1534.00,1033.573029408939,192.534670433722,67,3,32.597,
4073,2019-05-27T11:17:20Z,45.61201667,6.23376667,1535.00,1034.573029408939,193.534670433722,68,3,32.607,
4074,2019-05-27T11:17:21Z,45.61196667,6.23361667,1535.00,1035.573029408939,194.534670433722,69,3,32.62,
4075,2019-05-27T11:17:22Z,45.61190000,6.23346667,1535.00,1036.573029408939,195.534670433722,70,3,32.633,
4076,2019-05-27T11:17:23Z,45.61185000,6.23331667,1534.00,1037.573029408939,196.534670433722,71,3,32.645,
4077,2019-05-27T11:17:24Z,45.61176667,6.23315000,1534.00,1038.573029408939,197.534670433722,72,3,32.661,
4078,2019-05-27T11:17:25Z,45.61171667,6.23300000,1535.00,1039.573029408939,198.534670433722,73,3,32.674,
4079,2019-05-27T11:17:26Z,45.61165000,6.23286667,1538.00,1040.573029408939,199.534670433722,74,3,32.686,
4080,2019-05-27T11:17:27Z,45.61160000,6.23271667,1541.00,1041.573029408939,200.534670433722,75,3,32.699,
4081,2019-05-27T11:17:28Z,45.61151667,6.23260000,1542.00,1042.573029408939,201.534670433722,76,3,32.712,
4082,2019-05-27T11:17:29Z,45.61146667,6.23245000,1543.00,1043.573029408939,202.534670433722,77,3,32.724,
4083,2019-05-27T11:17:30Z,45.61141667,6.23226667,1543.00,1044.573029408939,203.534670433722,78,3,32.738,
4084,2019-05-27T11:17:31Z,45.61136667,6.23210000,1543.00,1045.573029408939,204.534670433722,79,3,32.752,
4085,2019-05-27T11:17:32Z,45.61130000,6.23195000,1544.00,1046.573029408939,205.534670433722,80,3,32.765,
4086,2019-05-27T11:17:33Z,45.61125000,6.23181667,1546.00,1047.573029408939,206.534670433722,81,3,32.777,
4087,2019-05-27T11:17:34Z,45.61120000,6.23166667,1549.00,1048.573029408939,207.534670433722,82,3,32.789,
4088,2019-05-27T11:17:35Z,45.61116667,6.23156667,1554.00,1049.573029408939,208.534670433722,83,3,32.798,
4089,2019-05-27T11:17:36Z,45.61111667,6.23150000,1559.00,1050.573029408939,209.534670433722,84,3,32.805,
4090,2019-05-27T11:17:37Z,45.61110000,6.23141667,1561.00,1051.573029408939,210.534670433722,85,3,32.811,
4091,2019-05-27T11:17:38Z,45.61101667,6.23131667,1562.00,1052.573029408939,211.534670433722,86,3,32.823,
4092,2019-05-27T11:17:39Z,45.61096667,6.23116667,1560.00,1053.573029408939,212.534670433722,87,3,32.836,
4093,2019-05-27T11:17:40Z,45.61091667,6.23101667,1558.00,1054.573029408939,213.534670433722,88,3,32.848,
4094,2019-05-27T11:17:41Z,45.61085000,6.23085000,1557.00,1055.573029408939,214.534670433722,89,3,32.863,
4095,2019-05-27T11:17:42Z,45.61080000,6.23070000,1558.00,1056.573029408939,215.534670433722,90,3,32.875,
4096,2019-05-27T11:17:43Z,45.61076667,6.23056667,1560.00,1057.573029408939,216.534670433722,91,3,32.886,
4097,2019-05-27T11:17:44Z,45.61071667,6.23046667,1562.00,1058.573029408939,217.534670433722,92,3,32.895,
4098,2019-05-27T11:17:45Z,45.61066667,6.23036667,1561.00,1059.573029408939,218.534670433722,93,3,32.905,
4099,2019-05-27T11:17:46Z,45.61061667,6.23025000,1558.00,1060.573029408939,219.534670433722,94,3,32.915,
4100,2019-05-27T11:17:47Z,45.61051667,6.23011667,1553.00,1061.573029408939,220.534670433722,95,3,32.93,
4101,2019-05-27T11:17:48Z,45.61045000,6.22995000,1548.00,1062.573029408939,221.534670433722,96,3,32.945,
4102,2019-05-27T11:17:49Z,45.61036667,6.22976667,1544.00,1063.573029408939,222.534670433722,97,3,32.962,
4103,2019-05-27T11:17:50Z,45.61030000,6.22960000,1544.00,1064.573029408939,223.534670433722,98,3,32.977,
4104,2019-05-27T11:17:51Z,45.61021667,6.22941667,1544.00,1065.573029408939,224.534670433722,99,3,32.994,
4105,2019-05-27T11:17:52Z,45.61016667,6.22926667,1544.00,1066.573029408939,225.534670433722,100,3,33.006,
4106,2019-05-27T11:17:53Z,45.61010000,6.22911667,1547.00,1067.573029408939,226.534670433722,101,3,33.02,
4107,2019-05-27T11:17:54Z,45.61005000,6.22896667,1548.00,1068.573029408939,227.534670433722,102,3,33.033,
4108,2019-05-27T11:17:55Z,45.60996667,6.22885000,1549.00,1069.573029408939,228.534670433722,103,3,33.046,
4109,2019-05-27T11:17:56Z,45.60991667,6.22870000,1549.00,1070.573029408939,229.534670433722,104,3,33.058,
4110,2019-05-27T11:17:57Z,45.60986667,6.22856667,1550.00,1071.573029408939,230.534670433722,105,3,33.07,
4111,2019-05-27T11:17:58Z,45.60981667,6.22845000,1554.00,1072.573029408939,231.534670433722,106,3,33.08,
4112,2019-05-27T11:17:59Z,45.60980000,6.22831667,1558.00,1073.573029408939,232.534670433722,107,3,33.09,
4113,2019-05-27T11:18:00Z,45.60976667,6.22825000,1562.00,1074.573029408939,233.534670433722,108,3,33.096,
4114,2019-05-27T11:18:01Z,45.60975000,6.22816667,1564.00,1075.573029408939,234.534670433722,109,3,33.102,
4115,2019-05-27T11:18:02Z,45.60971667,6.22806667,1565.00,1076.573029408939,235.534670433722,110,3,33.111,
4116,2019-05-27T11:18:03Z,45.60966667,6.22796667,1564.00,1077.573029408939,236.534670433722,111,3,33.12,
4117,2019-05-27T11:18:04Z,45.60961667,6.22786667,1564.00,1078.573029408939,237.534670433722,112,3,33.13,
4118,2019-05-27T11:18:05Z,45.60955000,6.22775000,1564.00,1079.573029408939,238.534670433722,113,3,33.141,
4119,2019-05-27T11:18:06Z,45.60946667,6.22761667,1565.00,1080.573029408939,239.534670433722,114,3,33.155,
4120,2019-05-27T11:18:07Z,45.60941667,6.22750000,1568.00,1081.573029408939,240.534670433722,115,3,33.166,
4121,2019-05-27T11:18:08Z,45.60940000,6.22740000,1572.00,1082.573029408939,241.534670433722,116,3,33.173,
4122,2019-05-27T11:18:09Z,45.60935000,6.22730000,1575.00,1083.573029408939,242.534670433722,117,3,33.183,
4123,2019-05-27T11:18:10Z,45.60930000,6.22716667,1577.00,1084.573029408939,243.534670433722,118,3,33.194,
4124,2019-05-27T11:18:11Z,45.60925000,6.22705000,1578.00,1085.573029408939,244.534670433722,119,3,33.205,
4125,2019-05-27T11:18:12Z,45.60920000,6.22686667,1578.00,1086.573029408939,245.534670433722,120,3,33.22,
4126,2019-05-27T11:18:13Z,45.60916667,6.22671667,1579.00,1087.573029408939,246.534670433722,121,3,33.231,
4127,2019-05-27T11:18:14Z,45.60911667,6.22656667,1582.00,1088.573029408939,247.534670433722,122,3,33.244,
4128,2019-05-27T11:18:15Z,45.60906667,6.22646667,1585.00,1089.573029408939,248.534670433722,123,3,33.253,
4129,2019-05-27T11:18:16Z,45.60901667,6.22635000,1589.00,1090.573029408939,249.534670433722,124,3,33.264,
4130,2019-05-27T11:18:17Z,45.60896667,6.22625000,1591.00,1091.573029408939,250.534670433722,125,3,33.274,
4131,2019-05-27T11:18:18Z,45.60891667,6.22611667,1592.00,1092.573029408939,251.534670433722,126,3,33.285,
4132,2019-05-27T11:18:19Z,45.60886667,6.22596667,1591.00,1093.573029408939,252.534670433722,127,3,33.298,
4133,2019-05-27T11:18:20Z,45.60880000,6.22585000,1591.00,1094.573029408939,253.534670433722,128,3,33.31,
4134,2019-05-27T11:18:21Z,45.60871667,6.22571667,1592.00,1095.573029408939,254.534670433722,129,3,33.324,
4135,2019-05-27T11:18:22Z,45.60866667,6.22561667,1596.00,1096.573029408939,255.534670433722,130,3,33.333,
4136,2019-05-27T11:18:23Z,45.60865000,6.22551667,1600.00,1097.573029408939,256.534670433722,131,3,33.34,
4137,2019-05-27T11:18:24Z,45.60861667,6.22545000,1604.00,1098.573029408939,257.534670433722,132,3,33.347,
4138,2019-05-27T11:18:25Z,45.60856667,6.22536667,1607.00,1099.573029408939,258.534670433722,133,3,33.355,
4139,2019-05-27T11:18:26Z,45.60851667,6.22530000,1610.00,1100.573029408939,259.534670433722,134,3,33.363,
4140,2019-05-27T11:18:27Z,45.60846667,6.22521667,1611.00,1101.573029408939,260.534670433722,135,3,33.371,
4141,2019-05-27T11:18:28Z,45.60841667,6.22510000,1612.00,1102.573029408939,261.534670433722,136,3,33.382,
4142,2019-05-27T11:18:29Z,45.60836667,6.22496667,1613.00,1103.573029408939,262.534670433722,137,3,33.394,
4143,2019-05-27T11:18:30Z,45.60831667,6.22485000,1615.00,1104.573029408939,263.534670433722,138,3,33.404,
4144,2019-05-27T11:18:31Z,45.60825000,6.22471667,1617.00,1105.573029408939,264.534670433722,139,3,33.417,
4145,2019-05-27T11:18:32Z,45.60821667,6.22465000,1622.00,1106.573029408939,265.534670433722,140,3,33.423,
4146,2019-05-27T11:18:33Z,45.60816667,6.22456667,1629.00,1107.573029408939,266.534670433722,141,3,33.432,
4147,2019-05-27T11:18:34Z,45.60815000,6.22451667,1636.00,1108.573029408939,267.534670433722,142,3,33.436,
4148,2019-05-27T11:18:35Z,45.60811667,6.22446667,1641.00,1109.573029408939,268.534670433722,143,3,33.441,
4149,2019-05-27T11:18:36Z,45.60806667,6.22440000,1645.00,1110.573029408939,269.534670433722,144,3,33.449,
4150,2019-05-27T11:18:37Z,45.60801667,6.22436667,1648.00,1111.573029408939,270.534670433722,145,3,33.454,
4151,2019-05-27T11:18:38Z,45.60796667,6.22431667,1652.00,1112.573029408939,271.534670433722,146,3,33.461,
4152,2019-05-27T11:18:39Z,45.60795000,6.22431667,1654.00,1113.573029408939,272.534670433722,147,3,33.462,
4153,2019-05-27T11:18:40Z,45.60790000,6.22435000,1657.00,1114.573029408939,273.534670433722,148,3,33.463,
4154,2019-05-27T11:18:41Z,45.60786667,6.22431667,1658.00,1115.573029408939,274.534670433722,149,3,33.467,
4155,2019-05-27T11:18:42Z,45.60781667,6.22426667,1659.00,1116.573029408939,275.534670433722,150,3,33.474,
4156,2019-05-27T11:18:43Z,45.60776667,6.22421667,1660.00,1117.573029408939,276.534670433722,151,3,33.48,
4157,2019-05-27T11:18:44Z,45.60771667,6.22415000,1661.00,1118.573029408939,277.534670433722,152,3,33.488,
4158,2019-05-27T11:18:45Z,45.60765000,6.22406667,1662.00,1119.573029408939,278.534670433722,153,3,33.497,
4159,2019-05-27T11:18:46Z,45.60756667,6.22400000,1663.00,1120.573029408939,279.534670433722,154,3,33.507,
4160,2019-05-27T11:18:47Z,45.60751667,6.22395000,1666.00,1121.573029408939,280.534670433722,155,3,33.514,
4161,2019-05-27T11:18:48Z,45.60750000,6.22391667,1668.00,1122.573029408939,281.534670433722,156,3,33.517,
4162,2019-05-27T11:18:49Z,45.60746667,6.22390000,1668.00,1123.573029408939,282.534670433722,157,3,33.52,
4163,2019-05-27T11:18:50Z,45.60741667,6.22386667,1668.00,1124.573029408939,283.534670433722,158,3,33.526,
4164,2019-05-27T11:18:51Z,45.60740000,6.22385000,1666.00,1125.573029408939,284.534670433722,159,3,33.528,
4165,2019-05-27T11:18:52Z,45.60735000,6.22380000,1664.00,1126.573029408939,285.534670433722,160,3,33.534,
4166,2019-05-27T11:18:53Z,45.60731667,6.22375000,1661.00,1127.573029408939,286.534670433722,161,3,33.54,
4167,2019-05-27T11:18:54Z,45.60726667,6.22366667,1659.00,1128.573029408939,287.534670433722,162,3,33.548,
4168,2019-05-27T11:18:55Z,45.60721667,6.22356667,1659.00,1129.573029408939,288.534670433722,163,3,33.558,
4169,2019-05-27T11:18:56Z,45.60721667,6.22346667,1660.00,1130.573029408939,289.534670433722,164,3,33.564,
4170,2019-05-27T11:18:57Z,45.60721667,6.22341667,1662.00,1131.573029408939,290.534670433722,165,3,33.567,
4171,2019-05-27T11:18:58Z,45.60721667,6.22336667,1665.00,1132.573029408939,291.534670433722,166,3,33.57,
4172,2019-05-27T11:18:59Z,45.60721667,6.22331667,1666.00,1133.573029408939,292.534670433722,167,3,33.573,
4173,2019-05-27T11:19:00Z,45.60716667,6.22325000,1667.00,1134.573029408939,293.534670433722,168,3,33.581,
4174,2019-05-27T11:19:01Z,45.60715000,6.22316667,1667.00,1135.573029408939,294.534670433722,169,3,33.587,
4175,2019-05-27T11:19:02Z,45.60710000,6.22311667,1668.00,1136.573029408939,295.534670433722,170,3,33.593,
4176,2019-05-27T11:19:03Z,45.60706667,6.22305000,1669.00,1137.573029408939,296.534670433722,171,3,33.6,
4177,2019-05-27T11:19:04Z,45.60701667,6.22300000,1670.00,1138.573029408939,297.534670433722,172,3,33.606,
4178,2019-05-27T11:19:05Z,45.60696667,6.22291667,1672.00,1139.573029408939,298.534670433722,173,3,33.615,
4179,2019-05-27T11:19:06Z,45.60695000,6.22285000,1673.00,1140.573029408939,299.534670433722,174,3,33.62,
4180,2019-05-27T11:19:07Z,45.60690000,6.22275000,1675.00,1141.573029408939,300.534670433722,175,3,33.629,
4181,2019-05-27T11:19:08Z,45.60686667,6.22265000,1676.00,1142.573029408939,301.534670433722,176,3,33.638,
4182,2019-05-27T11:19:09Z,45.60681667,6.22256667,1678.00,1143.573029408939,302.534670433722,177,3,33.646,
4183,2019-05-27T11:19:10Z,45.60680000,6.22246667,1679.00,1144.573029408939,303.534670433722,178,3,33.654,
4184,2019-05-27T11:19:11Z,45.60675000,6.22236667,1680.00,1145.573029408939,304.534670433722,179,3,33.663,
4185,2019-05-27T11:19:12Z,45.60670000,6.22225000,1679.00,1146.573029408939,305.534670433722,180,3,33.674,
4186,2019-05-27T11:19:13Z,45.60661667,6.22215000,1678.00,1147.573029408939,306.534670433722,181,3,33.686,
4187,2019-05-27T11:19:14Z,45.60656667,6.22205000,1679.00,1148.573029408939,307.534670433722,182,3,33.695,
4188,2019-05-27T11:19:15Z,45.60651667,6.22196667,1682.00,1149.573029408939,308.534670433722,183,3,33.704,
4189,2019-05-27T11:19:16Z,45.60650000,6.22195000,1685.00,1150.573029408939,309.534670433722,184,3,33.706,
4190,2019-05-27T11:19:17Z,45.60650000,6.22195000,1688.00,1151.573029408939,310.534670433722,185,3,33.706,
4191,2019-05-27T11:19:18Z,45.60646667,6.22195000,1688.00,1152.573029408939,311.534670433722,186,3,33.708,
4192,2019-05-27T11:19:19Z,45.60646667,6.22191667,1686.00,1153.573029408939,312.534670433722,187,3,33.71,
4193,2019-05-27T11:19:20Z,45.60641667,6.22185000,1681.00,1154.573029408939,313.534670433722,188,3,33.718,
4194,2019-05-27T11:19:21Z,45.60636667,6.22171667,1676.00,1155.573029408939,314.534670433722,189,3,33.729,
4195,2019-05-27T11:19:22Z,45.60630000,6.22161667,1673.00,1156.573029408939,315.534670433722,190,3,33.74,
4196,2019-05-27T11:19:23Z,45.60625000,6.22151667,1673.00,1157.573029408939,316.534670433722,191,3,33.75,
4197,2019-05-27T11:19:24Z,45.60620000,6.22146667,1674.00,1158.573029408939,317.534670433722,192,3,33.756,
4198,2019-05-27T11:19:25Z,45.60616667,6.22141667,1675.00,1159.573029408939,318.534670433722,193,3,33.761,
4199,2019-05-27T11:19:26Z,45.60611667,6.22136667,1675.00,1160.573029408939,319.534670433722,194,3,33.768,
4200,2019-05-27T11:19:27Z,45.60606667,6.22130000,1673.00,1161.573029408939,320.534670433722,195,3,33.775,
4201,2019-05-27T11:19:28Z,45.60596667,6.22120000,1669.00,1162.573029408939,321.534670433722,196,3,33.788,
4202,2019-05-27T11:19:29Z,45.60590000,6.22106667,1666.00,1163.573029408939,322.534670433722,197,3,33.801,
4203,2019-05-27T11:19:30Z,45.60581667,6.22095000,1663.00,1164.573029408939,323.534670433722,198,3,33.814,
4204,2019-05-27T11:19:31Z,45.60575000,6.22081667,1662.00,1165.573029408939,324.534670433722,199,3,33.827,
4205,2019-05-27T11:19:32Z,45.60566667,6.22070000,1661.00,1166.573029408939,325.534670433722,200,3,33.839,
4206,2019-05-27T11:19:33Z,45.60561667,6.22060000,1660.00,1167.573029408939,326.534670433722,201,3,33.849,
4207,2019-05-27T11:19:34Z,45.60551667,6.22046667,1660.00,1168.573029408939,327.534670433722,202,3,33.864,
4208,2019-05-27T11:19:35Z,45.60545000,6.22036667,1658.00,1169.573029408939,328.534670433722,203,3,33.875,
4209,2019-05-27T11:19:36Z,45.60536667,6.22025000,1657.00,1170.573029408939,329.534670433722,204,3,33.888,
4210,2019-05-27T11:19:37Z,45.60526667,6.22011667,1656.00,1171.573029408939,330.534670433722,205,3,33.903,
4211,2019-05-27T11:19:38Z,45.60521667,6.22000000,1658.00,1172.573029408939,331.534670433722,206,3,33.913,
4212,2019-05-27T11:19:39Z,45.60511667,6.21990000,1661.00,1173.573029408939,332.534670433722,207,3,33.926,
4213,2019-05-27T11:19:40Z,45.60506667,6.21980000,1663.00,1174.573029408939,333.534670433722,208,3,33.936,
4214,2019-05-27T11:19:41Z,45.60496667,6.21971667,1666.00,1175.573029408939,334.534670433722,209,3,33.948,
4215,2019-05-27T11:19:42Z,45.60486667,6.21966667,1667.00,1176.573029408939,335.534670433722,210,3,33.958,
4216,2019-05-27T11:19:43Z,45.60476667,6.21960000,1668.00,1177.573029408939,336.534670433722,211,3,33.969,
4217,2019-05-27T11:19:44Z,45.60470000,6.21951667,1669.00,1178.573029408939,337.534670433722,212,3,33.978,
4218,2019-05-27T11:19:45Z,45.60461667,6.21941667,1668.00,1179.573029408939,338.534670433722,213,3,33.99,
4219,2019-05-27T11:19:46Z,45.60451667,6.21926667,1666.00,1180.573029408939,339.534670433722,214,3,34.006,
4220,2019-05-27T11:19:47Z,45.60441667,6.21915000,1665.00,1181.573029408939,340.534670433722,215,3,34.02,
4221,2019-05-27T11:19:48Z,45.60431667,6.21905000,1664.00,1182.573029408939,341.534670433722,216,3,34.033,
4222,2019-05-27T11:19:49Z,45.60425000,6.21895000,1665.00,1183.573029408939,342.534670433722,217,3,34.044,
4223,2019-05-27T11:19:50Z,45.60416667,6.21886667,1667.00,1184.573029408939,343.534670433722,218,3,34.055,
4224,2019-05-27T11:19:51Z,45.60411667,6.21876667,1668.00,1185.573029408939,344.534670433722,219,3,34.064,
4225,2019-05-27T11:19:52Z,45.60406667,6.21866667,1668.00,1186.573029408939,345.534670433722,220,3,34.074,
4226,2019-05-27T11:19:53Z,45.60400000,6.21856667,1667.00,1187.573029408939,346.534670433722,221,3,34.085,
4227,2019-05-27T11:19:54Z,45.60391667,6.21846667,1664.00,1188.573029408939,347.534670433722,222,3,34.097,
4228,2019-05-27T11:19:55Z,45.60381667,6.21831667,1663.00,1189.573029408939,348.534670433722,223,3,34.113,
4229,2019-05-27T11:19:56Z,45.60376667,6.21821667,1664.00,1190.573029408939,349.534670433722,224,3,34.122,
4230,2019-05-27T11:19:57Z,45.60371667,6.21816667,1669.00,1191.573029408939,350.534670433722,225,3,34.129,
4231,2019-05-27T11:19:58Z,45.60366667,6.21815000,1673.00,1192.573029408939,351.534670433722,226,3,34.133,
4232,2019-05-27T11:19:59Z,45.60365000,6.21810000,1674.00,1193.573029408939,352.534670433722,227,3,34.137,
4233,2019-05-27T11:20:00Z,45.60356667,6.21801667,1674.00,1194.573029408939,353.534670433722,228,3,34.148,
4234,2019-05-27T11:20:01Z,45.60351667,6.21791667,1670.00,1195.573029408939,354.534670433722,229,3,34.158,
4235,2019-05-27T11:20:02Z,45.60341667,6.21776667,1667.00,1196.573029408939,355.534670433722,230,3,34.174,
4236,2019-05-27T11:20:03Z,45.60336667,6.21766667,1667.00,1197.573029408939,356.534670433722,231,3,34.183,
4237,2019-05-27T11:20:04Z,45.60330000,6.21756667,1670.00,1198.573029408939,357.534670433722,232,3,34.194,
4238,2019-05-27T11:20:05Z,45.60325000,6.21750000,1674.00,1199.573029408939,358.534670433722,233,3,34.202,
4239,2019-05-27T11:20:06Z,45.60316667,6.21745000,1675.00,1200.573029408939,359.534670433722,234,3,34.211,
4240,2019-05-27T11:20:07Z,45.60311667,6.21736667,1674.00,1201.573029408939,360.534670433722,235,3,34.219,
4241,2019-05-27T11:20:08Z,45.60306667,6.21730000,1671.00,1202.573029408939,361.534670433722,236,3,34.227,
4242,2019-05-27T11:20:09Z,45.60296667,6.21715000,1667.00,1203.573029408939,362.534670433722,237,3,34.243,
4243,2019-05-27T11:20:10Z,45.60290000,6.21696667,1663.00,1204.573029408939,363.534670433722,238,3,34.259,
4244,2019-05-27T11:20:11Z,45.60281667,6.21680000,1662.00,1205.573029408939,364.534670433722,239,3,34.274,
4245,2019-05-27T11:20:12Z,45.60276667,6.21670000,1664.00,1206.573029408939,365.534670433722,240,3,34.284,
4246,2019-05-27T11:20:13Z,45.60271667,6.21661667,1667.00,1207.573029408939,366.534670433722,241,3,34.292,
4247,2019-05-27T11:20:14Z,45.60266667,6.21651667,1668.00,1208.573029408939,367.534670433722,242,3,34.302,
4248,2019-05-27T11:20:15Z,45.60261667,6.21641667,1666.00,1209.573029408939,368.534670433722,243,3,34.312,
4249,2019-05-27T11:20:16Z,45.60255000,6.21631667,1663.00,1210.573029408939,369.534670433722,244,3,34.322,
4250,2019-05-27T11:20:17Z,45.60250000,6.21615000,1658.00,1211.573029408939,370.534670433722,245,3,34.336,
4251,2019-05-27T11:20:18Z,45.60241667,6.21596667,1654.00,1212.573029408939,371.534670433722,246,3,34.353,
4252,2019-05-27T11:20:19Z,45.60236667,6.21576667,1650.00,1213.573029408939,372.534670433722,247,3,34.368,
4253,2019-05-27T11:20:20Z,45.60231667,6.21560000,1649.00,1214.573029408939,373.534670433722,248,3,34.382,
4254,2019-05-27T11:20:21Z,45.60225000,6.21546667,1650.00,1215.573029408939,374.534670433722,249,3,34.395,
4255,2019-05-27T11:20:22Z,45.60220000,6.21531667,1650.00,1216.573029408939,375.534670433722,250,3,34.407,
4256,2019-05-27T11:20:23Z,45.60211667,6.21520000,1649.00,1217.573029408939,376.534670433722,251,3,34.42,
4257,2019-05-27T11:20:24Z,45.60206667,6.21505000,1646.00,1218.573029408939,377.534670433722,252,3,34.433,
4258,2019-05-27T11:20:25Z,45.60200000,6.21486667,1641.00,1219.573029408939,378.534670433722,253,3,34.448,
4259,2019-05-27T11:20:26Z,45.60191667,6.21466667,1636.00,1220.573029408939,379.534670433722,254,3,34.466,
4260,2019-05-27T11:20:27Z,45.60186667,6.21450000,1633.00,1221.573029408939,380.534670433722,255,3,34.48,
4261,2019-05-27T11:20:28Z,45.60181667,6.21431667,1632.00,1222.573029408939,381.534670433722,256,3,34.495,
4262,2019-05-27T11:20:29Z,45.60176667,6.21416667,1633.00,1223.573029408939,382.534670433722,257,3,34.507,
4263,2019-05-27T11:20:30Z,45.60171667,6.21400000,1633.00,1224.573029408939,383.534670433722,258,3,34.521,
4264,2019-05-27T11:20:31Z,45.60166667,6.21381667,1633.00,1225.573029408939,384.534670433722,259,3,34.535,
4265,2019-05-27T11:20:32Z,45.60161667,6.21365000,1630.00,1226.573029408939,385.534670433722,260,3,34.549,
4266,2019-05-27T11:20:33Z,45.60155000,6.21346667,1628.00,1227.573029408939,386.534670433722,261,3,34.565,
4267,2019-05-27T11:20:34Z,45.60146667,6.21326667,1627.00,1228.573029408939,387.534670433722,262,3,34.583,
4268,2019-05-27T11:20:35Z,45.60145000,6.21306667,1630.00,1229.573029408939,388.534670433722,263,3,34.596,
4269,2019-05-27T11:20:36Z,45.60141667,6.21291667,1635.00,1230.573029408939,389.534670433722,264,3,34.608,
4270,2019-05-27T11:20:37Z,45.60141667,6.21281667,1640.00,1231.573029408939,390.534670433722,265,3,34.614,
4271,2019-05-27T11:20:38Z,45.60136667,6.21270000,1643.00,1232.573029408939,391.534670433722,266,3,34.624,
4272,2019-05-27T11:20:39Z,45.60136667,6.21256667,1645.00,1233.573029408939,392.534670433722,267,3,34.632,
4273,2019-05-27T11:20:40Z,45.60131667,6.21241667,1646.00,1234.573029408939,393.534670433722,268,3,34.645,
4274,2019-05-27T11:20:41Z,45.60126667,6.21226667,1645.00,1235.573029408939,394.534670433722,269,3,34.658,
4275,2019-05-27T11:20:42Z,45.60125000,6.21210000,1644.00,1236.573029408939,395.534670433722,270,3,34.669,
4276,2019-05-27T11:20:43Z,45.60121667,6.21195000,1645.00,1237.573029408939,396.534670433722,271,3,34.681,
4277,2019-05-27T11:20:44Z,45.60116667,6.21176667,1647.00,1238.573029408939,397.534670433722,272,3,34.695,
4278,2019-05-27T11:20:45Z,45.60115000,6.21161667,1648.00,1239.573029408939,398.534670433722,273,3,34.706,
4279,2019-05-27T11:20:46Z,45.60111667,6.21146667,1648.00,1240.573029408939,399.534670433722,274,3,34.717,
4280,2019-05-27T11:20:47Z,45.60110000,6.21131667,1648.00,1241.573029408939,400.534670433722,275,3,34.728,
4281,2019-05-27T11:20:48Z,45.60110000,6.21116667,1648.00,1242.573029408939,401.534670433722,276,3,34.737,
4282,2019-05-27T11:20:49Z,45.60106667,6.21101667,1648.00,1243.573029408939,402.534670433722,277,3,34.749,
4283,2019-05-27T11:20:50Z,45.60106667,6.21086667,1648.00,1244.573029408939,403.534670433722,278,3,34.758,
4284,2019-05-27T11:20:51Z,45.60105000,6.21075000,1648.00,1245.573029408939,404.534670433722,279,3,34.767,
4285,2019-05-27T11:20:52Z,45.60101667,6.21060000,1647.00,1246.573029408939,405.534670433722,280,3,34.778,
4286,2019-05-27T11:20:53Z,45.60096667,6.21041667,1646.00,1247.573029408939,406.534670433722,281,3,34.793,
4287,2019-05-27T11:20:54Z,45.60096667,6.21021667,1644.00,1248.573029408939,407.534670433722,282,3,34.805,
4288,2019-05-27T11:20:55Z,45.60095000,6.21001667,1643.00,1249.573029408939,408.534670433722,283,3,34.819,
4289,2019-05-27T11:20:56Z,45.60091667,6.20986667,1645.00,1250.573029408939,409.534670433722,284,3,34.831,
4290,2019-05-27T11:20:57Z,45.60091667,6.20975000,1649.00,1251.573029408939,410.534670433722,285,3,34.838,
4291,2019-05-27T11:20:58Z,45.60091667,6.20961667,1653.00,1252.573029408939,411.534670433722,286,3,34.847,
4292,2019-05-27T11:20:59Z,45.60091667,6.20950000,1655.00,1253.573029408939,412.534670433722,287,3,34.854,
4293,2019-05-27T11:21:00Z,45.60095000,6.20935000,1656.00,1254.573029408939,413.534670433722,288,3,34.861,
4294,2019-05-27T11:21:01Z,45.60096667,6.20920000,1658.00,1255.573029408939,414.534670433722,289,3,34.87,
4295,2019-05-27T11:21:02Z,45.60096667,6.20906667,1661.00,1256.573029408939,415.534670433722,290,3,34.878,
4296,2019-05-27T11:21:03Z,45.60096667,6.20895000,1666.00,1257.573029408939,416.534670433722,291,3,34.886,
4297,2019-05-27T11:21:04Z,45.60095000,6.20885000,1671.00,1258.573029408939,417.534670433722,292,3,34.893,
4298,2019-05-27T11:21:05Z,45.60095000,6.20875000,1674.00,1259.573029408939,418.534670433722,293,3,34.9,
4299,2019-05-27T11:21:06Z,45.60091667,6.20865000,1675.00,1260.573029408939,419.534670433722,294,3,34.908,
4300,2019-05-27T11:21:07Z,45.60091667,6.20851667,1675.00,1261.573029408939,420.534670433722,295,3,34.917,
4301,2019-05-27T11:21:08Z,45.60091667,6.20836667,1676.00,1262.573029408939,421.534670433722,296,3,34.926,
4302,2019-05-27T11:21:09Z,45.60091667,6.20821667,1676.00,1263.573029408939,422.534670433722,297,3,34.936,
4303,2019-05-27T11:21:10Z,45.60091667,6.20810000,1678.00,1264.573029408939,423.534670433722,298,3,34.943,
4304,2019-05-27T11:21:11Z,45.60091667,6.20796667,1679.00,1265.573029408939,424.534670433722,299,3,34.952,
4305,2019-05-27T11:21:12Z,45.60090000,6.20786667,1681.00,1266.573029408939,425.534670433722,300,3,34.959,
4306,2019-05-27T11:21:13Z,45.60086667,6.20775000,1681.00,1267.573029408939,426.534670433722,301,3,34.969,
4307,2019-05-27T11:21:14Z,45.60086667,6.20761667,1681.00,1268.573029408939,427.534670433722,302,3,34.978,
4308,2019-05-27T11:21:15Z,45.60085000,6.20746667,1680.00,1269.573029408939,428.534670433722,303,3,34.988,
4309,2019-05-27T11:21:16Z,45.60081667,6.20731667,1678.00,1270.573029408939,429.534670433722,304,3,35.0,
4310,2019-05-27T11:21:17Z,45.60081667,6.20715000,1675.00,1271.573029408939,430.534670433722,305,3,35.011,
4311,2019-05-27T11:21:18Z,45.60080000,6.20700000,1675.00,1272.573029408939,431.534670433722,306,3,35.022,
4312,2019-05-27T11:21:19Z,45.60076667,6.20685000,1674.00,1273.573029408939,432.534670433722,307,3,35.033,
4313,2019-05-27T11:21:20Z,45.60075000,6.20666667,1674.00,1274.573029408939,433.534670433722,308,3,35.046,
4314,2019-05-27T11:21:21Z,45.60071667,6.20651667,1672.00,1275.573029408939,434.534670433722,309,3,35.058,
4315,2019-05-27T11:21:22Z,45.60071667,6.20636667,1672.00,1276.573029408939,435.534670433722,310,3,35.068,
4316,2019-05-27T11:21:23Z,45.60071667,6.20621667,1675.00,1277.573029408939,436.534670433722,311,3,35.078,
4317,2019-05-27T11:21:24Z,45.60071667,6.20610000,1679.00,1278.573029408939,437.534670433722,312,3,35.085,
4318,2019-05-27T11:21:25Z,45.60070000,6.20600000,1682.00,1279.573029408939,438.534670433722,313,3,35.093,
4319,2019-05-27T11:21:26Z,45.60070000,6.20590000,1685.00,1280.573029408939,439.534670433722,314,3,35.099,
4320,2019-05-27T11:21:27Z,45.60066667,6.20581667,1687.00,1281.573029408939,440.534670433722,315,3,35.107,
4321,2019-05-27T11:21:28Z,45.60066667,6.20570000,1688.00,1282.573029408939,441.534670433722,316,3,35.114,
4322,2019-05-27T11:21:29Z,45.60065000,6.20556667,1688.00,1283.573029408939,442.534670433722,317,3,35.124,
4323,2019-05-27T11:21:30Z,45.60061667,6.20541667,1688.00,1284.573029408939,443.534670433722,318,3,35.136,
4324,2019-05-27T11:21:31Z,45.60056667,6.20531667,1688.00,1285.573029408939,444.534670433722,319,3,35.145,
4325,2019-05-27T11:21:32Z,45.60051667,6.20520000,1689.00,1286.573029408939,445.534670433722,320,3,35.156,
4326,2019-05-27T11:21:33Z,45.60046667,6.20506667,1691.00,1287.573029408939,446.534670433722,321,3,35.168,
4327,2019-05-27T11:21:34Z,45.60045000,6.20496667,1692.00,1288.573029408939,447.534670433722,322,3,35.175,
4328,2019-05-27T11:21:35Z,45.60041667,6.20486667,1692.00,1289.573029408939,448.534670433722,323,3,35.184,
4329,2019-05-27T11:21:36Z,45.60036667,6.20471667,1692.00,1290.573029408939,449.534670433722,324,3,35.197,
4330,2019-05-27T11:21:37Z,45.60035000,6.20460000,1691.00,1291.573029408939,450.534670433722,325,3,35.205,
4331,2019-05-27T11:21:38Z,45.60030000,6.20446667,1689.00,1292.573029408939,451.534670433722,326,3,35.217,
4332,2019-05-27T11:21:39Z,45.60021667,6.20435000,1687.00,1293.573029408939,452.534670433722,327,3,35.23,
4333,2019-05-27T11:21:40Z,45.60016667,6.20421667,1686.00,1294.573029408939,453.534670433722,328,3,35.241,
4334,2019-05-27T11:21:41Z,45.60011667,6.20411667,1685.00,1295.573029408939,454.534670433722,329,3,35.251,
4335,2019-05-27T11:21:42Z,45.60006667,6.20400000,1685.00,1296.573029408939,455.534670433722,330,3,35.262,
4336,2019-05-27T11:21:43Z,45.60005000,6.20390000,1684.00,1297.573029408939,456.534670433722,331,3,35.269,
4337,2019-05-27T11:21:44Z,45.59996667,6.20376667,1681.00,1298.573029408939,457.534670433722,332,3,35.283,
4338,2019-05-27T11:21:45Z,45.59991667,6.20365000,1678.00,1299.573029408939,458.534670433722,333,3,35.294,
4339,2019-05-27T11:21:46Z,45.59986667,6.20351667,1674.00,1300.573029408939,459.534670433722,334,3,35.305,
4340,2019-05-27T11:21:47Z,45.59985000,6.20336667,1670.00,1301.573029408939,460.534670433722,335,3,35.316,
4341,2019-05-27T11:21:48Z,45.59981667,6.20325000,1666.00,1302.573029408939,461.534670433722,336,3,35.326,
4342,2019-05-27T11:21:49Z,45.59976667,6.20311667,1663.00,1303.573029408939,462.534670433722,337,3,35.338,
4343,2019-05-27T11:21:50Z,45.59971667,6.20296667,1660.00,1304.573029408939,463.534670433722,338,3,35.35,
4344,2019-05-27T11:21:51Z,45.59966667,6.20285000,1657.00,1305.573029408939,464.534670433722,339,3,35.361,
4345,2019-05-27T11:21:52Z,45.59961667,6.20271667,1654.00,1306.573029408939,465.534670433722,340,3,35.373,
4346,2019-05-27T11:21:53Z,45.59956667,6.20256667,1651.00,1307.573029408939,466.534670433722,341,3,35.386,
4347,2019-05-27T11:21:54Z,45.59955000,6.20245000,1646.00,1308.573029408939,467.534670433722,342,3,35.394,
4348,2019-05-27T11:21:55Z,45.59950000,6.20230000,1642.00,1309.573029408939,468.534670433722,343,3,35.407,
4349,2019-05-27T11:21:56Z,45.59941667,6.20216667,1639.00,1310.573029408939,469.534670433722,344,3,35.421,
4350,2019-05-27T11:21:57Z,45.59936667,6.20205000,1638.00,1311.573029408939,470.534670433722,345,3,35.431,
4351,2019-05-27T11:21:58Z,45.59931667,6.20195000,1637.00,1312.573029408939,471.534670433722,346,3,35.441,
4352,2019-05-27T11:21:59Z,45.59926667,6.20181667,1635.00,1313.573029408939,472.534670433722,347,3,35.453,
4353,2019-05-27T11:22:00Z,45.59921667,6.20171667,1631.00,1314.573029408939,473.534670433722,348,3,35.462,
4354,2019-05-27T11:22:01Z,45.59916667,6.20160000,1627.00,1315.573029408939,474.534670433722,349,3,35.473,
4355,2019-05-27T11:22:02Z,45.59906667,6.20146667,1622.00,1316.573029408939,475.534670433722,350,3,35.488,
4356,2019-05-27T11:22:03Z,45.59900000,6.20131667,1617.00,1317.573029408939,476.534670433722,351,3,35.501,
4357,2019-05-27T11:22:04Z,45.59891667,6.20116667,1614.00,1318.573029408939,477.534670433722,352,3,35.516,
4358,2019-05-27T11:22:05Z,45.59886667,6.20101667,1613.00,1319.573029408939,478.534670433722,353,3,35.529,
4359,2019-05-27T11:22:06Z,45.59880000,6.20086667,1613.00,1320.573029408939,479.534670433722,354,3,35.543,
4360,2019-05-27T11:22:07Z,45.59871667,6.20071667,1614.00,1321.573029408939,480.534670433722,355,3,35.558,
4361,2019-05-27T11:22:08Z,45.59866667,6.20060000,1617.00,1322.573029408939,481.534670433722,356,3,35.568,
4362,2019-05-27T11:22:09Z,45.59861667,6.20051667,1622.00,1323.573029408939,482.534670433722,357,3,35.577,
4363,2019-05-27T11:22:10Z,45.59856667,6.20041667,1627.00,1324.573029408939,483.534670433722,358,3,35.586,
4364,2019-05-27T11:22:11Z,45.59855000,6.20035000,1630.00,1325.573029408939,484.534670433722,359,3,35.592,
4365,2019-05-27T11:22:12Z,45.59851667,6.20026667,1632.00,1326.573029408939,485.534670433722,360,3,35.599,
4366,2019-05-27T11:22:13Z,45.59846667,6.20020000,1632.00,1327.573029408939,486.534670433722,361,3,35.607,
4367,2019-05-27T11:22:14Z,45.59845000,6.20011667,1631.00,1328.573029408939,487.534670433722,362,3,35.613,
4368,2019-05-27T11:22:15Z,45.59840000,6.20001667,1630.00,1329.573029408939,488.534670433722,363,3,35.623,
4369,2019-05-27T11:22:16Z,45.59836667,6.19991667,1629.00,1330.573029408939,489.534670433722,364,3,35.631,
4370,2019-05-27T11:22:17Z,45.59831667,6.19986667,1631.00,1331.573029408939,490.534670433722,365,3,35.637,
4371,2019-05-27T11:22:18Z,45.59830000,6.19981667,1632.00,1332.573029408939,491.534670433722,366,3,35.642,
4372,2019-05-27T11:22:19Z,45.59826667,6.19976667,1633.00,1333.573029408939,492.534670433722,367,3,35.647,
4373,2019-05-27T11:22:20Z,45.59821667,6.19971667,1631.00,1334.573029408939,493.534670433722,368,3,35.653,
4374,2019-05-27T11:22:21Z,45.59820000,6.19965000,1629.00,1335.573029408939,494.534670433722,369,3,35.659,
4375,2019-05-27T11:22:22Z,45.59816667,6.19955000,1625.00,1336.573029408939,495.534670433722,370,3,35.667,
4376,2019-05-27T11:22:23Z,45.59811667,6.19941667,1622.00,1337.573029408939,496.534670433722,371,3,35.679,
4377,2019-05-27T11:22:24Z,45.59806667,6.19931667,1620.00,1338.573029408939,497.534670433722,372,3,35.688,
4378,2019-05-27T11:22:25Z,45.59805000,6.19921667,1620.00,1339.573029408939,498.534670433722,373,3,35.696,
4379,2019-05-27T11:22:26Z,45.59801667,6.19911667,1621.00,1340.573029408939,499.534670433722,374,3,35.705,
4380,2019-05-27T11:22:27Z,45.59796667,6.19901667,1621.00,1341.573029408939,500.534670433722,375,3,35.714,
4381,2019-05-27T11:22:28Z,45.59795000,6.19895000,1621.00,1342.573029408939,501.534670433722,376,3,35.72,
4382,2019-05-27T11:22:29Z,45.59791667,6.19886667,1621.00,1343.573029408939,502.534670433722,377,3,35.727,
4383,2019-05-27T11:22:30Z,45.59786667,6.19880000,1621.00,1344.573029408939,503.534670433722,378,3,35.734,
4384,2019-05-27T11:22:31Z,45.59785000,6.19870000,1620.00,1345.573029408939,504.534670433722,379,3,35.742,
4385,2019-05-27T11:22:32Z,45.59781667,6.19856667,1618.00,1346.573029408939,505.534670433722,380,3,35.753,
4386,2019-05-27T11:22:33Z,45.59781667,6.19846667,1618.00,1347.573029408939,506.534670433722,381,3,35.759,
4387,2019-05-27T11:22:34Z,45.59780000,6.19841667,1619.00,1348.573029408939,507.534670433722,382,3,35.764,
4388,2019-05-27T11:22:35Z,45.59776667,6.19835000,1620.00,1349.573029408939,508.534670433722,383,3,35.77,
4389,2019-05-27T11:22:36Z,45.59776667,6.19830000,1621.00,1350.573029408939,509.534670433722,384,3,35.773,
4390,2019-05-27T11:22:37Z,45.59771667,6.19821667,1620.00,1351.573029408939,510.534670433722,385,3,35.782,
4391,2019-05-27T11:22:38Z,45.59770000,6.19811667,1620.00,1352.573029408939,511.534670433722,386,3,35.789,
4392,2019-05-27T11:22:39Z,45.59766667,6.19801667,1621.00,1353.573029408939,512.534670433722,387,3,35.798,
4393,2019-05-27T11:22:40Z,45.59765000,6.19796667,1623.00,1354.573029408939,513.534670433722,388,3,35.802,
4394,2019-05-27T11:22:41Z,45.59761667,6.19791667,1625.00,1355.573029408939,514.534670433722,389,3,35.807,
4395,2019-05-27T11:22:42Z,45.59761667,6.19785000,1626.00,1356.573029408939,515.534670433722,390,3,35.812,
4396,2019-05-27T11:22:43Z,45.59760000,6.19776667,1627.00,1357.573029408939,516.534670433722,391,3,35.818,
4397,2019-05-27T11:22:44Z,45.59760000,6.19766667,1626.00,1358.573029408939,517.534670433722,392,3,35.825,
4398,2019-05-27T11:22:45Z,45.59756667,6.19756667,1625.00,1359.573029408939,518.534670433722,393,3,35.833,
4399,2019-05-27T11:22:46Z,45.59756667,6.19745000,1624.00,1360.573029408939,519.534670433722,394,3,35.841,
4400,2019-05-27T11:22:47Z,45.59755000,6.19731667,1625.00,1361.573029408939,520.534670433722,395,3,35.851,
4401,2019-05-27T11:22:48Z,45.59755000,6.19721667,1627.00,1362.573029408939,521.534670433722,396,3,35.857,
4402,2019-05-27T11:22:49Z,45.59755000,6.19711667,1629.00,1363.573029408939,522.534670433722,397,3,35.864,
4403,2019-05-27T11:22:50Z,45.59755000,6.19701667,1631.00,1364.573029408939,523.534670433722,398,3,35.871,
4404,2019-05-27T11:22:51Z,45.59755000,6.19695000,1633.00,1365.573029408939,524.534670433722,399,3,35.875,
4405,2019-05-27T11:22:52Z,45.59755000,6.19685000,1634.00,1366.573029408939,525.534670433722,400,3,35.882,
4406,2019-05-27T11:22:53Z,45.59751667,6.19675000,1634.00,1367.573029408939,526.534670433722,401,3,35.89,
4407,2019-05-27T11:22:54Z,45.59751667,6.19661667,1633.00,1368.573029408939,527.534670433722,402,3,35.899,
4408,2019-05-27T11:22:55Z,45.59750000,6.19650000,1632.00,1369.573029408939,528.534670433722,403,3,35.908,
4409,2019-05-27T11:22:56Z,45.59746667,6.19636667,1631.00,1370.573029408939,529.534670433722,404,3,35.919,
4410,2019-05-27T11:22:57Z,45.59746667,6.19625000,1631.00,1371.573029408939,530.534670433722,405,3,35.926,
4411,2019-05-27T11:22:58Z,45.59746667,6.19611667,1631.00,1372.573029408939,531.534670433722,406,3,35.935,
4412,2019-05-27T11:22:59Z,45.59745000,6.19601667,1633.00,1373.573029408939,532.534670433722,407,3,35.943,
4413,2019-05-27T11:23:00Z,45.59741667,6.19590000,1634.00,1374.573029408939,533.534670433722,408,3,35.953,
4414,2019-05-27T11:23:01Z,45.59740000,6.19580000,1634.00,1375.573029408939,534.534670433722,409,3,35.96,
4415,2019-05-27T11:23:02Z,45.59736667,6.19570000,1634.00,1376.573029408939,535.534670433722,410,3,35.969,
4416,2019-05-27T11:23:03Z,45.59731667,6.19556667,1632.00,1377.573029408939,536.534670433722,411,3,35.98,
4417,2019-05-27T11:23:04Z,45.59726667,6.19546667,1630.00,1378.573029408939,537.534670433722,412,3,35.99,
4418,2019-05-27T11:23:05Z,45.59721667,6.19531667,1627.00,1379.573029408939,538.534670433722,413,3,36.003,
4419,2019-05-27T11:23:06Z,45.59716667,6.19516667,1624.00,1380.573029408939,539.534670433722,414,3,36.016,
4420,2019-05-27T11:23:07Z,45.59710000,6.19505000,1622.00,1381.573029408939,540.534670433722,415,3,36.027,
4421,2019-05-27T11:23:08Z,45.59701667,6.19491667,1622.00,1382.573029408939,541.534670433722,416,3,36.041,
4422,2019-05-27T11:23:09Z,45.59695000,6.19480000,1623.00,1383.573029408939,542.534670433722,417,3,36.053,
4423,2019-05-27T11:23:10Z,45.59690000,6.19470000,1625.00,1384.573029408939,543.534670433722,418,3,36.062,
4424,2019-05-27T11:23:11Z,45.59685000,6.19460000,1625.00,1385.573029408939,544.534670433722,419,3,36.072,
4425,2019-05-27T11:23:12Z,45.59676667,6.19450000,1624.00,1386.573029408939,545.534670433722,420,3,36.083,
4426,2019-05-27T11:23:13Z,45.59671667,6.19436667,1621.00,1387.573029408939,546.534670433722,421,3,36.095,
4427,2019-05-27T11:23:14Z,45.59665000,6.19425000,1619.00,1388.573029408939,547.534670433722,422,3,36.106,
4428,2019-05-27T11:23:15Z,45.59656667,6.19411667,1617.00,1389.573029408939,548.534670433722,423,3,36.12,
4429,2019-05-27T11:23:16Z,45.59651667,6.19396667,1617.00,1390.573029408939,549.534670433722,424,3,36.133,
4430,2019-05-27T11:23:17Z,45.59646667,6.19386667,1619.00,1391.573029408939,550.534670433722,425,3,36.143,
4431,2019-05-27T11:23:18Z,45.59641667,6.19376667,1621.00,1392.573029408939,551.534670433722,426,3,36.152,
4432,2019-05-27T11:23:19Z,45.59636667,6.19366667,1621.00,1393.573029408939,552.534670433722,427,3,36.162,
4433,2019-05-27T11:23:20Z,45.59630000,6.19355000,1620.00,1394.573029408939,553.534670433722,428,3,36.173,
4434,2019-05-27T11:23:21Z,45.59621667,6.19341667,1617.00,1395.573029408939,554.534670433722,429,3,36.187,
4435,2019-05-27T11:23:22Z,45.59611667,6.19331667,1617.00,1396.573029408939,555.534670433722,430,3,36.199,
4436,2019-05-27T11:23:23Z,45.59606667,6.19325000,1619.00,1397.573029408939,556.534670433722,431,3,36.207,
4437,2019-05-27T11:23:24Z,45.59601667,6.19316667,1623.00,1398.573029408939,557.534670433722,432,3,36.215,
4438,2019-05-27T11:23:25Z,45.59600000,6.19311667,1625.00,1399.573029408939,558.534670433722,433,3,36.219,
4439,2019-05-27T11:23:26Z,45.59595000,6.19305000,1626.00,1400.573029408939,559.534670433722,434,3,36.227,
4440,2019-05-27T11:23:27Z,45.59591667,6.19291667,1625.00,1401.573029408939,560.534670433722,435,3,36.238,
4441,2019-05-27T11:23:28Z,45.59585000,6.19281667,1624.00,1402.573029408939,561.534670433722,436,3,36.248,
4442,2019-05-27T11:23:29Z,45.59576667,6.19266667,1623.00,1403.573029408939,562.534670433722,437,3,36.263,
4443,2019-05-27T11:23:30Z,45.59575000,6.19255000,1623.00,1404.573029408939,563.534670433722,438,3,36.272,
4444,2019-05-27T11:23:31Z,45.59571667,6.19245000,1625.00,1405.573029408939,564.534670433722,439,3,36.28,
4445,2019-05-27T11:23:32Z,45.59570000,6.19235000,1628.00,1406.573029408939,565.534670433722,440,3,36.288,
4446,2019-05-27T11:23:33Z,45.59566667,6.19226667,1631.00,1407.573029408939,566.534670433722,441,3,36.295,
4447,2019-05-27T11:23:34Z,45.59566667,6.19216667,1632.00,1408.573029408939,567.534670433722,442,3,36.302,
4448,2019-05-27T11:23:35Z,45.59561667,6.19205000,1632.00,1409.573029408939,568.534670433722,443,3,36.312,
4449,2019-05-27T11:23:36Z,45.59561667,6.19191667,1632.00,1410.573029408939,569.534670433722,444,3,36.321,
4450,2019-05-27T11:23:37Z,45.59556667,6.19181667,1633.00,1411.573029408939,570.534670433722,445,3,36.331,
4451,2019-05-27T11:23:38Z,45.59556667,6.19171667,1634.00,1412.573029408939,571.534670433722,446,3,36.337,
4452,2019-05-27T11:23:39Z,45.59555000,6.19161667,1636.00,1413.573029408939,572.534670433722,447,3,36.345,
4453,2019-05-27T11:23:40Z,45.59555000,6.19150000,1636.00,1414.573029408939,573.534670433722,448,3,36.353,
4454,2019-05-27T11:23:41Z,45.59551667,6.19136667,1635.00,1415.573029408939,574.534670433722,449,3,36.364,
4455,2019-05-27T11:23:42Z,45.59551667,6.19121667,1632.00,1416.573029408939,575.534670433722,450,3,36.374,
4456,2019-05-27T11:23:43Z,45.59546667,6.19106667,1629.00,1417.573029408939,576.534670433722,451,3,36.387,
4457,2019-05-27T11:23:44Z,45.59545000,6.19090000,1628.00,1418.573029408939,577.534670433722,452,3,36.399,
4458,2019-05-27T11:23:45Z,45.59541667,6.19076667,1628.00,1419.573029408939,578.534670433722,453,3,36.409,
4459,2019-05-27T11:23:46Z,45.59541667,6.19061667,1629.00,1420.573029408939,579.534670433722,454,3,36.419,
4460,2019-05-27T11:23:47Z,45.59536667,6.19046667,1631.00,1421.573029408939,580.534670433722,455,3,36.432,
4461,2019-05-27T11:23:48Z,45.59531667,6.19036667,1630.00,1422.573029408939,581.534670433722,456,3,36.442,
4462,2019-05-27T11:23:49Z,45.59526667,6.19021667,1629.00,1423.573029408939,582.534670433722,457,3,36.455,
4463,2019-05-27T11:23:50Z,45.59521667,6.19010000,1628.00,1424.573029408939,583.534670433722,458,3,36.465,
4464,2019-05-27T11:23:51Z,45.59516667,6.18995000,1627.00,1425.573029408939,584.534670433722,459,3,36.478,
4465,2019-05-27T11:23:52Z,45.59511667,6.18976667,1627.00,1426.573029408939,585.534670433722,460,3,36.493,
4466,2019-05-27T11:23:53Z,45.59506667,6.18965000,1628.00,1427.573029408939,586.534670433722,461,3,36.504,
4467,2019-05-27T11:23:54Z,45.59501667,6.18955000,1630.00,1428.573029408939,587.534670433722,462,3,36.513,
4468,2019-05-27T11:23:55Z,45.59496667,6.18946667,1631.00,1429.573029408939,588.534670433722,463,3,36.522,
4469,2019-05-27T11:23:56Z,45.59491667,6.18936667,1631.00,1430.573029408939,589.534670433722,464,3,36.531,
4470,2019-05-27T11:23:57Z,45.59490000,6.18925000,1630.00,1431.573029408939,590.534670433722,465,3,36.54,
4471,2019-05-27T11:23:58Z,45.59486667,6.18911667,1627.00,1432.573029408939,591.534670433722,466,3,36.551,
4472,2019-05-27T11:23:59Z,45.59480000,6.18896667,1624.00,1433.573029408939,592.534670433722,467,3,36.565,
4473,2019-05-27T11:24:00Z,45.59475000,6.18885000,1623.00,1434.573029408939,593.534670433722,468,3,36.575,
4474,2019-05-27T11:24:01Z,45.59471667,6.18870000,1623.00,1435.573029408939,594.534670433722,469,3,36.587,
4475,2019-05-27T11:24:02Z,45.59466667,6.18856667,1625.00,1436.573029408939,595.534670433722,470,3,36.599,
4476,2019-05-27T11:24:03Z,45.59465000,6.18845000,1628.00,1437.573029408939,596.534670433722,471,3,36.608,
4477,2019-05-27T11:24:04Z,45.59461667,6.18831667,1631.00,1438.573029408939,597.534670433722,472,3,36.619,
4478,2019-05-27T11:24:05Z,45.59460000,6.18821667,1635.00,1439.573029408939,598.534670433722,473,3,36.626,
4479,2019-05-27T11:24:06Z,45.59456667,6.18810000,1636.00,1440.573029408939,599.534670433722,474,3,36.636,
4480,2019-05-27T11:24:07Z,45.59451667,6.18796667,1638.00,1441.573029408939,600.534670433722,475,3,36.648,
4481,2019-05-27T11:24:08Z,45.59450000,6.18785000,1639.00,1442.573029408939,601.534670433722,476,3,36.656,
4482,2019-05-27T11:24:09Z,45.59445000,6.18770000,1641.00,1443.573029408939,602.534670433722,477,3,36.669,
4483,2019-05-27T11:24:10Z,45.59441667,6.18756667,1644.00,1444.573029408939,603.534670433722,478,3,36.68,
4484,2019-05-27T11:24:11Z,45.59436667,6.18746667,1648.00,1445.573029408939,604.534670433722,479,3,36.69,
4485,2019-05-27T11:24:12Z,45.59436667,6.18735000,1652.00,1446.573029408939,605.534670433722,480,3,36.698,
4486,2019-05-27T11:24:13Z,45.59431667,6.18725000,1655.00,1447.573029408939,606.534670433722,481,3,36.707,
4487,2019-05-27T11:24:14Z,45.59430000,6.18711667,1659.00,1448.573029408939,607.534670433722,482,3,36.717,
4488,2019-05-27T11:24:15Z,45.59426667,6.18700000,1661.00,1449.573029408939,608.534670433722,483,3,36.727,
4489,2019-05-27T11:24:16Z,45.59421667,6.18686667,1664.00,1450.573029408939,609.534670433722,484,3,36.738,
4490,2019-05-27T11:24:17Z,45.59416667,6.18676667,1666.00,1451.573029408939,610.534670433722,485,3,36.748,
4491,2019-05-27T11:24:18Z,45.59415000,6.18661667,1668.00,1452.573029408939,611.534670433722,486,3,36.759,
4492,2019-05-27T11:24:19Z,45.59411667,6.18646667,1670.00,1453.573029408939,612.534670433722,487,3,36.771,
4493,2019-05-27T11:24:20Z,45.59410000,6.18631667,1672.00,1454.573029408939,613.534670433722,488,3,36.782,
4494,2019-05-27T11:24:21Z,45.59410000,6.18616667,1674.00,1455.573029408939,614.534670433722,489,3,36.792,
4495,2019-05-27T11:24:22Z,45.59410000,6.18601667,1677.00,1456.573029408939,615.534670433722,490,3,36.802,
4496,2019-05-27T11:24:23Z,45.59410000,6.18590000,1680.00,1457.573029408939,616.534670433722,491,3,36.81,
4497,2019-05-27T11:24:24Z,45.59410000,6.18575000,1682.00,1458.573029408939,617.534670433722,492,3,36.82,
4498,2019-05-27T11:24:25Z,45.59410000,6.18560000,1684.00,1459.573029408939,618.534670433722,493,3,36.83,
4499,2019-05-27T11:24:26Z,45.59410000,6.18546667,1687.00,1460.573029408939,619.534670433722,494,3,36.839,
4500,2019-05-27T11:24:27Z,45.59410000,6.18535000,1691.00,1461.573029408939,620.534670433722,495,3,36.847,
4501,2019-05-27T11:24:28Z,45.59410000,6.18521667,1694.00,1462.573029408939,621.534670433722,496,3,36.856,
4502,2019-05-27T11:24:29Z,45.59406667,6.18511667,1696.00,1463.573029408939,622.534670433722,497,3,36.865,
4503,2019-05-27T11:24:30Z,45.59406667,6.18500000,1698.00,1464.573029408939,623.534670433722,498,3,36.872,
4504,2019-05-27T11:24:31Z,45.59406667,6.18485000,1698.00,1465.573029408939,624.534670433722,499,3,36.883,
4505,2019-05-27T11:24:32Z,45.59406667,6.18466667,1699.00,1466.573029408939,625.534670433722,500,3,36.895,
4506,2019-05-27T11:24:33Z,45.59405000,6.18451667,1700.00,1467.573029408939,626.534670433722,501,3,36.906,
4507,2019-05-27T11:24:34Z,45.59401667,6.18440000,1702.00,1468.573029408939,627.534670433722,502,3,36.916,
4508,2019-05-27T11:24:35Z,45.59400000,6.18426667,1704.00,1469.573029408939,628.534670433722,503,3,36.926,
4509,2019-05-27T11:24:36Z,45.59396667,6.18415000,1704.00,1470.573029408939,629.534670433722,504,3,36.935,
4510,2019-05-27T11:24:37Z,45.59396667,6.18401667,1704.00,1471.573029408939,630.534670433722,505,3,36.944,
4511,2019-05-27T11:24:38Z,45.59395000,6.18386667,1703.00,1472.573029408939,631.534670433722,506,3,36.954,
4512,2019-05-27T11:24:39Z,45.59391667,6.18371667,1703.00,1473.573029408939,632.534670433722,507,3,36.966,
4513,2019-05-27T11:24:40Z,45.59390000,6.18356667,1703.00,1474.573029408939,633.534670433722,508,3,36.977,
4514,2019-05-27T11:24:41Z,45.59386667,6.18345000,1706.00,1475.573029408939,634.534670433722,509,3,36.986,
4515,2019-05-27T11:24:42Z,45.59386667,6.18336667,1710.00,1476.573029408939,635.534670433722,510,3,36.992,
4516,2019-05-27T11:24:43Z,45.59386667,6.18331667,1712.00,1477.573029408939,636.534670433722,511,3,36.995,
4517,2019-05-27T11:24:44Z,45.59385000,6.18321667,1712.00,1478.573029408939,637.534670433722,512,3,37.002,
4518,2019-05-27T11:24:45Z,45.59381667,6.18306667,1711.00,1479.573029408939,638.534670433722,513,3,37.014,
4519,2019-05-27T11:24:46Z,45.59376667,6.18291667,1709.00,1480.573029408939,639.534670433722,514,3,37.027,
4520,2019-05-27T11:24:47Z,45.59375000,6.18276667,1711.00,1481.573029408939,640.534670433722,515,3,37.037,
4521,2019-05-27T11:24:48Z,45.59371667,6.18266667,1714.00,1482.573029408939,641.534670433722,516,3,37.046,
4522,2019-05-27T11:24:49Z,45.59371667,6.18256667,1717.00,1483.573029408939,642.534670433722,517,3,37.052,
4523,2019-05-27T11:24:50Z,45.59370000,6.18250000,1720.00,1484.573029408939,643.534670433722,518,3,37.057,
4524,2019-05-27T11:24:51Z,45.59366667,6.18236667,1721.00,1485.573029408939,644.534670433722,519,3,37.068,
4525,2019-05-27T11:24:52Z,45.59365000,6.18225000,1723.00,1486.573029408939,645.534670433722,520,3,37.077,
4526,2019-05-27T11:24:53Z,45.59361667,6.18211667,1725.00,1487.573029408939,646.534670433722,521,3,37.087,
4527,2019-05-27T11:24:54Z,45.59356667,6.18201667,1728.00,1488.573029408939,647.534670433722,522,3,37.097,
4528,2019-05-27T11:24:55Z,45.59355000,6.18191667,1732.00,1489.573029408939,648.534670433722,523,3,37.104,
4529,2019-05-27T11:24:56Z,45.59351667,6.18185000,1734.00,1490.573029408939,649.534670433722,524,3,37.111,
4530,2019-05-27T11:24:57Z,45.59346667,6.18176667,1735.00,1491.573029408939,650.534670433722,525,3,37.119,
4531,2019-05-27T11:24:58Z,45.59345000,6.18166667,1735.00,1492.573029408939,651.534670433722,526,3,37.127,
4532,2019-05-27T11:24:59Z,45.59341667,6.18151667,1735.00,1493.573029408939,652.534670433722,527,3,37.138,
4533,2019-05-27T11:25:00Z,45.59340000,6.18141667,1735.00,1494.573029408939,653.534670433722,528,3,37.146,
4534,2019-05-27T11:25:01Z,45.59336667,6.18126667,1736.00,1495.573029408939,654.534670433722,529,3,37.157,
4535,2019-05-27T11:25:02Z,45.59335000,6.18116667,1737.00,1496.573029408939,655.534670433722,530,3,37.165,
4536,2019-05-27T11:25:03Z,45.59331667,6.18106667,1739.00,1497.573029408939,656.534670433722,531,3,37.173,
4537,2019-05-27T11:25:04Z,45.59330000,6.18095000,1740.00,1498.573029408939,657.534670433722,532,3,37.182,
4538,2019-05-27T11:25:05Z,45.59326667,6.18081667,1739.00,1499.573029408939,658.534670433722,533,3,37.193,
4539,2019-05-27T11:25:06Z,45.59321667,6.18070000,1738.00,1500.573029408939,659.534670433722,534,3,37.203,
4540,2019-05-27T11:25:07Z,45.59320000,6.18051667,1735.00,1501.573029408939,660.534670433722,535,3,37.216,
4541,2019-05-27T11:25:08Z,45.59316667,6.18036667,1733.00,1502.573029408939,661.534670433722,536,3,37.228,
4542,2019-05-27T11:25:09Z,45.59311667,6.18021667,1733.00,1503.573029408939,662.534670433722,537,3,37.24,
4543,2019-05-27T11:25:10Z,45.59311667,6.18006667,1736.00,1504.573029408939,663.534670433722,538,3,37.25,
4544,2019-05-27T11:25:11Z,45.59311667,6.17991667,1740.00,1505.573029408939,664.534670433722,539,3,37.26,
4545,2019-05-27T11:25:12Z,45.59310000,6.17985000,1744.00,1506.573029408939,665.534670433722,540,3,37.265,
4546,2019-05-27T11:25:13Z,45.59306667,6.17976667,1747.00,1507.573029408939,666.534670433722,541,3,37.273,
4547,2019-05-27T11:25:14Z,45.59306667,6.17966667,1750.00,1508.573029408939,667.534670433722,542,3,37.279,
4548,2019-05-27T11:25:15Z,45.59305000,6.17960000,1751.00,1509.573029408939,668.534670433722,543,3,37.284,
4549,2019-05-27T11:25:16Z,45.59305000,6.17950000,1752.00,1510.573029408939,669.534670433722,544,3,37.291,
4550,2019-05-27T11:25:17Z,45.59301667,6.17940000,1753.00,1511.573029408939,670.534670433722,545,3,37.299,
4551,2019-05-27T11:25:18Z,45.59301667,6.17930000,1754.00,1512.573029408939,671.534670433722,546,3,37.306,
4552,2019-05-27T11:25:19Z,45.59296667,6.17921667,1755.00,1513.573029408939,672.534670433722,547,3,37.314,
4553,2019-05-27T11:25:20Z,45.59291667,6.17911667,1756.00,1514.573029408939,673.534670433722,548,3,37.324,
4554,2019-05-27T11:25:21Z,45.59286667,6.17906667,1757.00,1515.573029408939,674.534670433722,549,3,37.33,
4555,2019-05-27T11:25:22Z,45.59285000,6.17901667,1758.00,1516.573029408939,675.534670433722,550,3,37.334,
4556,2019-05-27T11:25:23Z,45.59281667,6.17895000,1758.00,1517.573029408939,676.534670433722,551,3,37.341,
4557,2019-05-27T11:25:24Z,45.59276667,6.17890000,1758.00,1518.573029408939,677.534670433722,552,3,37.347,
4558,2019-05-27T11:25:25Z,45.59271667,6.17881667,1757.00,1519.573029408939,678.534670433722,553,3,37.356,
4559,2019-05-27T11:25:26Z,45.59266667,6.17875000,1756.00,1520.573029408939,679.534670433722,554,3,37.363,
4560,2019-05-27T11:25:27Z,45.59261667,6.17865000,1755.00,1521.573029408939,680.534670433722,555,3,37.373,
4561,2019-05-27T11:25:28Z,45.59260000,6.17855000,1756.00,1522.573029408939,681.534670433722,556,3,37.38,
4562,2019-05-27T11:25:29Z,45.59255000,6.17846667,1757.00,1523.573029408939,682.534670433722,557,3,37.388,
4563,2019-05-27T11:25:30Z,45.59251667,6.17841667,1758.00,1524.573029408939,683.534670433722,558,3,37.394,
4564,2019-05-27T11:25:31Z,45.59245000,6.17831667,1758.00,1525.573029408939,684.534670433722,559,3,37.404,
4565,2019-05-27T11:25:32Z,45.59236667,6.17826667,1756.00,1526.573029408939,685.534670433722,560,3,37.413,
4566,2019-05-27T11:25:33Z,45.59230000,6.17816667,1755.00,1527.573029408939,686.534670433722,561,3,37.423,
4567,2019-05-27T11:25:34Z,45.59221667,6.17806667,1753.00,1528.573029408939,687.534670433722,562,3,37.435,
4568,2019-05-27T11:25:35Z,45.59211667,6.17796667,1752.00,1529.573029408939,688.534670433722,563,3,37.448,
4569,2019-05-27T11:25:36Z,45.59205000,6.17786667,1752.00,1530.573029408939,689.534670433722,564,3,37.458,
4570,2019-05-27T11:25:37Z,45.59200000,6.17780000,1753.00,1531.573029408939,690.534670433722,565,3,37.466,
4571,2019-05-27T11:25:38Z,45.59195000,6.17775000,1755.00,1532.573029408939,691.534670433722,566,3,37.472,
4572,2019-05-27T11:25:39Z,45.59190000,6.17770000,1756.00,1533.573029408939,692.534670433722,567,3,37.478,
4573,2019-05-27T11:25:40Z,45.59181667,6.17765000,1755.00,1534.573029408939,693.534670433722,568,3,37.487,
4574,2019-05-27T11:25:41Z,45.59176667,6.17756667,1752.00,1535.573029408939,694.534670433722,569,3,37.495,
4575,2019-05-27T11:25:42Z,45.59166667,6.17746667,1749.00,1536.573029408939,695.534670433722,570,3,37.508,
4576,2019-05-27T11:25:43Z,45.59156667,6.17735000,1745.00,1537.573029408939,696.534670433722,571,3,37.522,
4577,2019-05-27T11:25:44Z,45.59150000,6.17721667,1741.00,1538.573029408939,697.534670433722,572,3,37.535,
4578,2019-05-27T11:25:45Z,45.59141667,6.17706667,1740.00,1539.573029408939,698.534670433722,573,3,37.55,
4579,2019-05-27T11:25:46Z,45.59135000,6.17696667,1741.00,1540.573029408939,699.534670433722,574,3,37.56,
4580,2019-05-27T11:25:47Z,45.59126667,6.17686667,1743.00,1541.573029408939,700.534670433722,575,3,37.572,
4581,2019-05-27T11:25:48Z,45.59121667,6.17681667,1746.00,1542.573029408939,701.534670433722,576,3,37.578,
4582,2019-05-27T11:25:49Z,45.59116667,6.17675000,1748.00,1543.573029408939,702.534670433722,577,3,37.586,
4583,2019-05-27T11:25:50Z,45.59111667,6.17666667,1749.00,1544.573029408939,703.534670433722,578,3,37.594,
4584,2019-05-27T11:25:51Z,45.59106667,6.17656667,1749.00,1545.573029408939,704.534670433722,579,3,37.604,
4585,2019-05-27T11:25:52Z,45.59101667,6.17650000,1748.00,1546.573029408939,705.534670433722,580,3,37.611,
4586,2019-05-27T11:25:53Z,45.59095000,6.17641667,1748.00,1547.573029408939,706.534670433722,581,3,37.621,
4587,2019-05-27T11:25:54Z,45.59086667,6.17635000,1749.00,1548.573029408939,707.534670433722,582,3,37.63,
4588,2019-05-27T11:25:55Z,45.59081667,6.17630000,1752.00,1549.573029408939,708.534670433722,583,3,37.637,
4589,2019-05-27T11:25:56Z,45.59076667,6.17621667,1755.00,1550.573029408939,709.534670433722,584,3,37.645,
4590,2019-05-27T11:25:57Z,45.59075000,6.17616667,1758.00,1551.573029408939,710.534670433722,585,3,37.649,
4591,2019-05-27T11:25:58Z,45.59071667,6.17610000,1759.00,1552.573029408939,711.534670433722,586,3,37.656,
4592,2019-05-27T11:25:59Z,45.59070000,6.17601667,1759.00,1553.573029408939,712.534670433722,587,3,37.662,
4593,2019-05-27T11:26:00Z,45.59065000,6.17591667,1759.00,1554.573029408939,713.534670433722,588,3,37.672,
4594,2019-05-27T11:26:01Z,45.59061667,6.17581667,1758.00,1555.573029408939,714.534670433722,589,3,37.68,
4595,2019-05-27T11:26:02Z,45.59056667,6.17570000,1756.00,1556.573029408939,715.534670433722,590,3,37.691,
4596,2019-05-27T11:26:03Z,45.59050000,6.17555000,1755.00,1557.573029408939,716.534670433722,591,3,37.705,
4597,2019-05-27T11:26:04Z,45.59045000,6.17541667,1754.00,1558.573029408939,717.534670433722,592,3,37.716,
4598,2019-05-27T11:26:05Z,45.59040000,6.17530000,1754.00,1559.573029408939,718.534670433722,593,3,37.727,
4599,2019-05-27T11:26:06Z,45.59035000,6.17521667,1756.00,1560.573029408939,719.534670433722,594,3,37.735,
4600,2019-05-27T11:26:07Z,45.59031667,6.17511667,1756.00,1561.573029408939,720.534670433722,595,3,37.744,
4601,2019-05-27T11:26:08Z,45.59026667,6.17505000,1754.00,1562.573029408939,721.534670433722,596,3,37.751,
4602,2019-05-27T11:26:09Z,45.59021667,6.17495000,1749.00,1563.573029408939,722.534670433722,597,3,37.761,
4603,2019-05-27T11:26:10Z,45.59016667,6.17481667,1743.00,1564.573029408939,723.534670433722,598,3,37.773,
4604,2019-05-27T11:26:11Z,45.59006667,6.17470000,1736.00,1565.573029408939,724.534670433722,599,3,37.786,
4605,2019-05-27T11:26:12Z,45.58996667,6.17455000,1729.00,1566.573029408939,725.534670433722,600,3,37.802,
4606,2019-05-27T11:26:13Z,45.58986667,6.17440000,1725.00,1567.573029408939,726.534670433722,601,3,37.818,
4607,2019-05-27T11:26:14Z,45.58981667,6.17426667,1725.00,1568.573029408939,727.534670433722,602,3,37.83,
4608,2019-05-27T11:26:15Z,45.58975000,6.17415000,1725.00,1569.573029408939,728.534670433722,603,3,37.842,
4609,2019-05-27T11:26:16Z,45.58966667,6.17405000,1724.00,1570.573029408939,729.534670433722,604,3,37.853,
4610,2019-05-27T11:26:17Z,45.58961667,6.17395000,1722.00,1571.573029408939,730.534670433722,605,3,37.863,
4611,2019-05-27T11:26:18Z,45.58955000,6.17385000,1718.00,1572.573029408939,731.534670433722,606,3,37.873,
4612,2019-05-27T11:26:19Z,45.58945000,6.17371667,1713.00,1573.573029408939,732.534670433722,607,3,37.888,
4613,2019-05-27T11:26:20Z,45.58936667,6.17356667,1708.00,1574.573029408939,733.534670433722,608,3,37.903,
4614,2019-05-27T11:26:21Z,45.58926667,6.17346667,1706.00,1575.573029408939,734.534670433722,609,3,37.916,
4615,2019-05-27T11:26:22Z,45.58920000,6.17335000,1706.00,1576.573029408939,735.534670433722,610,3,37.928,
4616,2019-05-27T11:26:23Z,45.58911667,6.17325000,1706.00,1577.573029408939,736.534670433722,611,3,37.939,
4617,2019-05-27T11:26:24Z,45.58905000,6.17311667,1704.00,1578.573029408939,737.534670433722,612,3,37.952,
4618,2019-05-27T11:26:25Z,45.58896667,6.17300000,1702.00,1579.573029408939,738.534670433722,613,3,37.965,
4619,2019-05-27T11:26:26Z,45.58886667,6.17285000,1698.00,1580.573029408939,739.534670433722,614,3,37.98,
4620,2019-05-27T11:26:27Z,45.58875000,6.17271667,1695.00,1581.573029408939,740.534670433722,615,3,37.996,
4621,2019-05-27T11:26:28Z,45.58865000,6.17256667,1695.00,1582.573029408939,741.534670433722,616,3,38.011,
4622,2019-05-27T11:26:29Z,45.58855000,6.17246667,1696.00,1583.573029408939,742.534670433722,617,3,38.024,
4623,2019-05-27T11:26:30Z,45.58846667,6.17236667,1697.00,1584.573029408939,743.534670433722,618,3,38.035,
4624,2019-05-27T11:26:31Z,45.58840000,6.17226667,1698.00,1585.573029408939,744.534670433722,619,3,38.046,
4625,2019-05-27T11:26:32Z,45.58831667,6.17216667,1697.00,1586.573029408939,745.534670433722,620,3,38.057,
4626,2019-05-27T11:26:33Z,45.58825000,6.17205000,1694.00,1587.573029408939,746.534670433722,621,3,38.069,
4627,2019-05-27T11:26:34Z,45.58816667,6.17191667,1691.00,1588.573029408939,747.534670433722,622,3,38.082,
4628,2019-05-27T11:26:35Z,45.58806667,6.17176667,1688.00,1589.573029408939,748.534670433722,623,3,38.098,
4629,2019-05-27T11:26:36Z,45.58800000,6.17161667,1687.00,1590.573029408939,749.534670433722,624,3,38.112,
4630,2019-05-27T11:26:37Z,45.58791667,6.17150000,1688.00,1591.573029408939,750.534670433722,625,3,38.124,
4631,2019-05-27T11:26:38Z,45.58786667,6.17136667,1688.00,1592.573029408939,751.534670433722,626,3,38.136,
4632,2019-05-27T11:26:39Z,45.58780000,6.17125000,1689.00,1593.573029408939,752.534670433722,627,3,38.148,
4633,2019-05-27T11:26:40Z,45.58771667,6.17111667,1689.00,1594.573029408939,753.534670433722,628,3,38.161,
4634,2019-05-27T11:26:41Z,45.58765000,6.17100000,1688.00,1595.573029408939,754.534670433722,629,3,38.173,
4635,2019-05-27T11:26:42Z,45.58756667,6.17086667,1686.00,1596.573029408939,755.534670433722,630,3,38.186,
4636,2019-05-27T11:26:43Z,45.58746667,6.17071667,1682.00,1597.573029408939,756.534670433722,631,3,38.202,
4637,2019-05-27T11:26:44Z,45.58735000,6.17056667,1679.00,1598.573029408939,757.534670433722,632,3,38.219,
4638,2019-05-27T11:26:45Z,45.58726667,6.17041667,1679.00,1599.573029408939,758.534670433722,633,3,38.234,
4639,2019-05-27T11:26:46Z,45.58716667,6.17031667,1682.00,1600.573029408939,759.534670433722,634,3,38.246,
4640,2019-05-27T11:26:47Z,45.58711667,6.17021667,1684.00,1601.573029408939,760.534670433722,635,3,38.255,
4641,2019-05-27T11:26:48Z,45.58705000,6.17011667,1685.00,1602.573029408939,761.534670433722,636,3,38.266,
4642,2019-05-27T11:26:49Z,45.58696667,6.17001667,1684.00,1603.573029408939,762.534670433722,637,3,38.277,
4643,2019-05-27T11:26:50Z,45.58685000,6.16990000,1680.00,1604.573029408939,763.534670433722,638,3,38.292,
4644,2019-05-27T11:26:51Z,45.58671667,6.16975000,1675.00,1605.573029408939,764.534670433722,639,3,38.309,
4645,2019-05-27T11:26:52Z,45.58656667,6.16961667,1670.00,1606.573029408939,765.534670433722,640,3,38.327,
4646,2019-05-27T11:26:53Z,45.58646667,6.16946667,1671.00,1607.573029408939,766.534670433722,641,3,38.343,
4647,2019-05-27T11:26:54Z,45.58640000,6.16936667,1674.00,1608.573029408939,767.534670433722,642,3,38.353,
4648,2019-05-27T11:26:55Z,45.58631667,6.16925000,1676.00,1609.573029408939,768.534670433722,643,3,38.366,
4649,2019-05-27T11:26:56Z,45.58626667,6.16911667,1676.00,1610.573029408939,769.534670433722,644,3,38.377,
4650,2019-05-27T11:26:57Z,45.58620000,6.16901667,1674.00,1611.573029408939,770.534670433722,645,3,38.388,
4651,2019-05-27T11:26:58Z,45.58611667,6.16886667,1670.00,1612.573029408939,771.534670433722,646,3,38.403,
4652,2019-05-27T11:26:59Z,45.58601667,6.16870000,1665.00,1613.573029408939,772.534670433722,647,3,38.42,
4653,2019-05-27T11:27:00Z,45.58591667,6.16851667,1660.00,1614.573029408939,773.534670433722,648,3,38.437,
4654,2019-05-27T11:27:01Z,45.58585000,6.16831667,1657.00,1615.573029408939,774.534670433722,649,3,38.455,
4655,2019-05-27T11:27:02Z,45.58576667,6.16815000,1658.00,1616.573029408939,775.534670433722,650,3,38.471,
4656,2019-05-27T11:27:03Z,45.58571667,6.16800000,1659.00,1617.573029408939,776.534670433722,651,3,38.483,
4657,2019-05-27T11:27:04Z,45.58566667,6.16786667,1661.00,1618.573029408939,777.534670433722,652,3,38.495,
4658,2019-05-27T11:27:05Z,45.58561667,6.16775000,1661.00,1619.573029408939,778.534670433722,653,3,38.506,
4659,2019-05-27T11:27:06Z,45.58555000,6.16761667,1660.00,1620.573029408939,779.534670433722,654,3,38.519,
4660,2019-05-27T11:27:07Z,45.58546667,6.16745000,1656.00,1621.573029408939,780.534670433722,655,3,38.534,
4661,2019-05-27T11:27:08Z,45.58541667,6.16725000,1652.00,1622.573029408939,781.534670433722,656,3,38.551,
4662,2019-05-27T11:27:09Z,45.58531667,6.16706667,1648.00,1623.573029408939,782.534670433722,657,3,38.569,
4663,2019-05-27T11:27:10Z,45.58526667,6.16690000,1646.00,1624.573029408939,783.534670433722,658,3,38.583,
4664,2019-05-27T11:27:11Z,45.58520000,6.16671667,1647.00,1625.573029408939,784.534670433722,659,3,38.599,
4665,2019-05-27T11:27:12Z,45.58511667,6.16656667,1647.00,1626.573029408939,785.534670433722,660,3,38.613,
4666,2019-05-27T11:27:13Z,45.58510000,6.16641667,1646.00,1627.573029408939,786.534670433722,661,3,38.624,
4667,2019-05-27T11:27:14Z,45.58506667,6.16625000,1642.00,1628.573029408939,787.534670433722,662,3,38.637,
4668,2019-05-27T11:27:15Z,45.58501667,6.16606667,1637.00,1629.573029408939,788.534670433722,663,3,38.652,
4669,2019-05-27T11:27:16Z,45.58496667,6.16586667,1630.00,1630.573029408939,789.534670433722,664,3,38.669,
4670,2019-05-27T11:27:17Z,45.58490000,6.16566667,1624.00,1631.573029408939,790.534670433722,665,3,38.686,
4671,2019-05-27T11:27:18Z,45.58481667,6.16546667,1622.00,1632.573029408939,791.534670433722,666,3,38.704,
4672,2019-05-27T11:27:19Z,45.58475000,6.16531667,1621.00,1633.573029408939,792.534670433722,667,3,38.718,
4673,2019-05-27T11:27:20Z,45.58466667,6.16520000,1622.00,1634.573029408939,793.534670433722,668,3,38.73,
4674,2019-05-27T11:27:21Z,45.58460000,6.16506667,1621.00,1635.573029408939,794.534670433722,669,3,38.743,
4675,2019-05-27T11:27:22Z,45.58451667,6.16491667,1617.00,1636.573029408939,795.534670433722,670,3,38.758,
4676,2019-05-27T11:27:23Z,45.58445000,6.16476667,1612.00,1637.573029408939,796.534670433722,671,3,38.772,
4677,2019-05-27T11:27:24Z,45.58435000,6.16456667,1606.00,1638.573029408939,797.534670433722,672,3,38.791,
4678,2019-05-27T11:27:25Z,45.58425000,6.16435000,1598.00,1639.573029408939,798.534670433722,673,3,38.811,
4679,2019-05-27T11:27:26Z,45.58411667,6.16415000,1593.00,1640.573029408939,799.534670433722,674,3,38.832,
4680,2019-05-27T11:27:27Z,45.58400000,6.16395000,1591.00,1641.573029408939,800.534670433722,675,3,38.852,
4681,2019-05-27T11:27:28Z,45.58386667,6.16380000,1592.00,1642.573029408939,801.534670433722,676,3,38.87,
4682,2019-05-27T11:27:29Z,45.58376667,6.16365000,1594.00,1643.573029408939,802.534670433722,677,3,38.885,
4683,2019-05-27T11:27:30Z,45.58366667,6.16351667,1596.00,1644.573029408939,803.534670433722,678,3,38.9,
4684,2019-05-27T11:27:31Z,45.58360000,6.16336667,1596.00,1645.573029408939,804.534670433722,679,3,38.914,
4685,2019-05-27T11:27:32Z,45.58351667,6.16321667,1595.00,1646.573029408939,805.534670433722,680,3,38.929,
4686,2019-05-27T11:27:33Z,45.58341667,6.16306667,1593.00,1647.573029408939,806.534670433722,681,3,38.944,
4687,2019-05-27T11:27:34Z,45.58336667,6.16291667,1591.00,1648.573029408939,807.534670433722,682,3,38.957,
4688,2019-05-27T11:27:35Z,45.58331667,6.16276667,1589.00,1649.573029408939,808.534670433722,683,3,38.97,
4689,2019-05-27T11:27:36Z,45.58326667,6.16260000,1588.00,1650.573029408939,809.534670433722,684,3,38.984,
4690,2019-05-27T11:27:37Z,45.58321667,6.16241667,1587.00,1651.573029408939,810.534670433722,685,3,38.999,
4691,2019-05-27T11:27:38Z,45.58316667,6.16225000,1586.00,1652.573029408939,811.534670433722,686,3,39.013,
4692,2019-05-27T11:27:39Z,45.58310000,6.16205000,1583.00,1653.573029408939,812.534670433722,687,3,39.03,
4693,2019-05-27T11:27:40Z,45.58301667,6.16186667,1580.00,1654.573029408939,813.534670433722,688,3,39.047,
4694,2019-05-27T11:27:41Z,45.58296667,6.16166667,1576.00,1655.573029408939,814.534670433722,689,3,39.063,
4695,2019-05-27T11:27:42Z,45.58290000,6.16146667,1576.00,1656.573029408939,815.534670433722,690,3,39.081,
4696,2019-05-27T11:27:43Z,45.58281667,6.16126667,1575.00,1657.573029408939,816.534670433722,691,3,39.099,
4697,2019-05-27T11:27:44Z,45.58276667,6.16111667,1576.00,1658.573029408939,817.534670433722,692,3,39.112,
4698,2019-05-27T11:27:45Z,45.58271667,6.16091667,1575.00,1659.573029408939,818.534670433722,693,3,39.128,
4699,2019-05-27T11:27:46Z,45.58266667,6.16075000,1573.00,1660.573029408939,819.534670433722,694,3,39.142,
4700,2019-05-27T11:27:47Z,45.58261667,6.16056667,1570.00,1661.573029408939,820.534670433722,695,3,39.157,
4701,2019-05-27T11:27:48Z,45.58255000,6.16036667,1567.00,1662.573029408939,821.534670433722,696,3,39.174,
4702,2019-05-27T11:27:49Z,45.58246667,6.16016667,1564.00,1663.573029408939,822.534670433722,697,3,39.192,
4703,2019-05-27T11:27:50Z,45.58241667,6.15996667,1561.00,1664.573029408939,823.534670433722,698,3,39.208,
4704,2019-05-27T11:27:51Z,45.58235000,6.15976667,1560.00,1665.573029408939,824.534670433722,699,3,39.225,
4705,2019-05-27T11:27:52Z,45.58230000,6.15956667,1559.00,1666.573029408939,825.534670433722,700,3,39.242,
4706,2019-05-27T11:27:53Z,45.58226667,6.15940000,1559.00,1667.573029408939,826.534670433722,701,3,39.255,
4707,2019-05-27T11:27:54Z,45.58221667,6.15921667,1559.00,1668.573029408939,827.534670433722,702,3,39.27,
4708,2019-05-27T11:27:55Z,45.58216667,6.15905000,1557.00,1669.573029408939,828.534670433722,703,3,39.284,
4709,2019-05-27T11:27:56Z,45.58210000,6.15886667,1555.00,1670.573029408939,829.534670433722,704,3,39.3,
4710,2019-05-27T11:27:57Z,45.58201667,6.15866667,1552.00,1671.573029408939,830.534670433722,705,3,39.318,
4711,2019-05-27T11:27:58Z,45.58196667,6.15850000,1551.00,1672.573029408939,831.534670433722,706,3,39.332,
4712,2019-05-27T11:27:59Z,45.58191667,6.15831667,1549.00,1673.573029408939,832.534670433722,707,3,39.347,
4713,2019-05-27T11:28:00Z,45.58186667,6.15811667,1549.00,1674.573029408939,833.534670433722,708,3,39.363,
4714,2019-05-27T11:28:01Z,45.58181667,6.15796667,1548.00,1675.573029408939,834.534670433722,709,3,39.376,
4715,2019-05-27T11:28:02Z,45.58176667,6.15776667,1547.00,1676.573029408939,835.534670433722,710,3,39.392,
4716,2019-05-27T11:28:03Z,45.58170000,6.15760000,1545.00,1677.573029408939,836.534670433722,711,3,39.407,
4717,2019-05-27T11:28:04Z,45.58165000,6.15741667,1544.00,1678.573029408939,837.534670433722,712,3,39.422,
4718,2019-05-27T11:28:05Z,45.58161667,6.15721667,1543.00,1679.573029408939,838.534670433722,713,3,39.438,
4719,2019-05-27T11:28:06Z,45.58156667,6.15705000,1542.00,1680.573029408939,839.534670433722,714,3,39.452,
4720,2019-05-27T11:28:07Z,45.58155000,6.15686667,1542.00,1681.573029408939,840.534670433722,715,3,39.465,
4721,2019-05-27T11:28:08Z,45.58151667,6.15666667,1542.00,1682.573029408939,841.534670433722,716,3,39.48,
4722,2019-05-27T11:28:09Z,45.58146667,6.15651667,1541.00,1683.573029408939,842.534670433722,717,3,39.493,
4723,2019-05-27T11:28:10Z,45.58145000,6.15631667,1540.00,1684.573029408939,843.534670433722,718,3,39.507,
4724,2019-05-27T11:28:11Z,45.58141667,6.15615000,1538.00,1685.573029408939,844.534670433722,719,3,39.52,
4725,2019-05-27T11:28:12Z,45.58136667,6.15596667,1537.00,1686.573029408939,845.534670433722,720,3,39.535,
4726,2019-05-27T11:28:13Z,45.58131667,6.15576667,1535.00,1687.573029408939,846.534670433722,721,3,39.552,
4727,2019-05-27T11:28:14Z,45.58126667,6.15556667,1534.00,1688.573029408939,847.534670433722,722,3,39.568,
4728,2019-05-27T11:28:15Z,45.58125000,6.15536667,1534.00,1689.573029408939,848.534670433722,723,3,39.582,
4729,2019-05-27T11:28:16Z,45.58121667,6.15520000,1533.00,1690.573029408939,849.534670433722,724,3,39.594,
4730,2019-05-27T11:28:17Z,45.58116667,6.15500000,1532.00,1691.573029408939,850.534670433722,725,3,39.61,
4731,2019-05-27T11:28:18Z,45.58111667,6.15481667,1532.00,1692.573029408939,851.534670433722,726,3,39.625,
4732,2019-05-27T11:28:19Z,45.58110000,6.15461667,1531.00,1693.573029408939,852.534670433722,727,3,39.639,
4733,2019-05-27T11:28:20Z,45.58106667,6.15441667,1531.00,1694.573029408939,853.534670433722,728,3,39.654,
4734,2019-05-27T11:28:21Z,45.58101667,6.15425000,1531.00,1695.573029408939,854.534670433722,729,3,39.668,
4735,2019-05-27T11:28:22Z,45.58096667,6.15406667,1531.00,1696.573029408939,855.534670433722,730,3,39.683,
4736,2019-05-27T11:28:23Z,45.58091667,6.15386667,1531.00,1697.573029408939,856.534670433722,731,3,39.699,
4737,2019-05-27T11:28:24Z,45.58086667,6.15366667,1530.00,1698.573029408939,857.534670433722,732,3,39.715,
4738,2019-05-27T11:28:25Z,45.58081667,6.15346667,1530.00,1699.573029408939,858.534670433722,733,3,39.731,
4739,2019-05-27T11:28:26Z,45.58076667,6.15326667,1529.00,1700.573029408939,859.534670433722,734,3,39.747,
4740,2019-05-27T11:28:27Z,45.58071667,6.15306667,1529.00,1701.573029408939,860.534670433722,735,3,39.763,
4741,2019-05-27T11:28:28Z,45.58070000,6.15291667,1532.00,1702.573029408939,861.534670433722,736,3,39.774,
4742,2019-05-27T11:28:29Z,45.58066667,6.15276667,1537.00,1703.573029408939,862.534670433722,737,3,39.785,
4743,2019-05-27T11:28:30Z,45.58061667,6.15265000,1542.00,1704.573029408939,863.534670433722,738,3,39.796,
4744,2019-05-27T11:28:31Z,45.58056667,6.15255000,1544.00,1705.573029408939,864.534670433722,739,3,39.806,
4745,2019-05-27T11:28:32Z,45.58051667,6.15245000,1544.00,1706.573029408939,865.534670433722,740,3,39.815,
4746,2019-05-27T11:28:33Z,45.58050000,6.15231667,1544.00,1707.573029408939,866.534670433722,741,3,39.825,
4747,2019-05-27T11:28:34Z,45.58046667,6.15216667,1542.00,1708.573029408939,867.534670433722,742,3,39.837,
4748,2019-05-27T11:28:35Z,45.58041667,6.15200000,1539.00,1709.573029408939,868.534670433722,743,3,39.85,
4749,2019-05-27T11:28:36Z,45.58036667,6.15181667,1538.00,1710.573029408939,869.534670433722,744,3,39.865,
4750,2019-05-27T11:28:37Z,45.58031667,6.15161667,1537.00,1711.573029408939,870.534670433722,745,3,39.881,
4751,2019-05-27T11:28:38Z,45.58030000,6.15145000,1537.00,1712.573029408939,871.534670433722,746,3,39.893,
4752,2019-05-27T11:28:39Z,45.58026667,6.15126667,1538.00,1713.573029408939,872.534670433722,747,3,39.907,
4753,2019-05-27T11:28:40Z,45.58021667,6.15110000,1541.00,1714.573029408939,873.534670433722,748,3,39.921,
4754,2019-05-27T11:28:41Z,45.58020000,6.15096667,1544.00,1715.573029408939,874.534670433722,749,3,39.931,
4755,2019-05-27T11:28:42Z,45.58016667,6.15081667,1546.00,1716.573029408939,875.534670433722,750,3,39.942,
4756,2019-05-27T11:28:43Z,45.58011667,6.15066667,1548.00,1717.573029408939,876.534670433722,751,3,39.955,
4757,2019-05-27T11:28:44Z,45.58006667,6.15051667,1549.00,1718.573029408939,877.534670433722,752,3,39.968,
4758,2019-05-27T11:28:45Z,45.58005000,6.15036667,1551.00,1719.573029408939,878.534670433722,753,3,39.979,
4759,2019-05-27T11:28:46Z,45.58001667,6.15021667,1552.00,1720.573029408939,879.534670433722,754,3,39.991,
4760,2019-05-27T11:28:47Z,45.57996667,6.15005000,1553.00,1721.573029408939,880.534670433722,755,3,40.004,
4761,2019-05-27T11:28:48Z,45.57991667,6.14986667,1554.00,1722.573029408939,881.534670433722,756,3,40.019,
4762,2019-05-27T11:28:49Z,45.57986667,6.14971667,1555.00,1723.573029408939,882.534670433722,757,3,40.032,
4763,2019-05-27T11:28:50Z,45.57985000,6.14955000,1557.00,1724.573029408939,883.534670433722,758,3,40.044,
4764,2019-05-27T11:28:51Z,45.57980000,6.14936667,1558.00,1725.573029408939,884.534670433722,759,3,40.059,
4765,2019-05-27T11:28:52Z,45.57976667,6.14921667,1559.00,1726.573029408939,885.534670433722,760,3,40.071,
4766,2019-05-27T11:28:53Z,45.57971667,6.14906667,1560.00,1727.573029408939,886.534670433722,761,3,40.084,
4767,2019-05-27T11:28:54Z,45.57966667,6.14891667,1561.00,1728.573029408939,887.534670433722,762,3,40.096,
4768,2019-05-27T11:28:55Z,45.57961667,6.14876667,1563.00,1729.573029408939,888.534670433722,763,3,40.109,
4769,2019-05-27T11:28:56Z,45.57956667,6.14861667,1564.00,1730.573029408939,889.534670433722,764,3,40.122,
4770,2019-05-27T11:28:57Z,45.57951667,6.14850000,1566.00,1731.573029408939,890.534670433722,765,3,40.133,
4771,2019-05-27T11:28:58Z,45.57950000,6.14835000,1567.00,1732.573029408939,891.534670433722,766,3,40.143,
4772,2019-05-27T11:28:59Z,45.57941667,6.14820000,1567.00,1733.573029408939,892.534670433722,767,3,40.158,
4773,2019-05-27T11:29:00Z,45.57936667,6.14806667,1567.00,1734.573029408939,893.534670433722,768,3,40.17,
4774,2019-05-27T11:29:01Z,45.57931667,6.14791667,1569.00,1735.573029408939,894.534670433722,769,3,40.183,
4775,2019-05-27T11:29:02Z,45.57930000,6.14780000,1570.00,1736.573029408939,895.534670433722,770,3,40.191,
4776,2019-05-27T11:29:03Z,45.57926667,6.14766667,1571.00,1737.573029408939,896.534670433722,771,3,40.202,
4777,2019-05-27T11:29:04Z,45.57925000,6.14756667,1571.00,1738.573029408939,897.534670433722,772,3,40.21,
4778,2019-05-27T11:29:05Z,45.57921667,6.14745000,1571.00,1739.573029408939,898.534670433722,773,3,40.219,
4779,2019-05-27T11:29:06Z,45.57916667,6.14730000,1569.00,1740.573029408939,899.534670433722,774,3,40.232,
4780,2019-05-27T11:29:07Z,45.57915000,6.14711667,1567.00,1741.573029408939,900.534670433722,775,3,40.245,
4781,2019-05-27T11:29:08Z,45.57910000,6.14700000,1567.00,1742.573029408939,901.534670433722,776,3,40.256,
4782,2019-05-27T11:29:09Z,45.57906667,6.14686667,1569.00,1743.573029408939,902.534670433722,777,3,40.266,
4783,2019-05-27T11:29:10Z,45.57901667,6.14675000,1571.00,1744.573029408939,903.534670433722,778,3,40.277,
4784,2019-05-27T11:29:11Z,45.57896667,6.14661667,1572.00,1745.573029408939,904.534670433722,779,3,40.289,
4785,2019-05-27T11:29:12Z,45.57891667,6.14646667,1571.00,1746.573029408939,905.534670433722,780,3,40.302,
4786,2019-05-27T11:29:13Z,45.57890000,6.14631667,1570.00,1747.573029408939,906.534670433722,781,3,40.312,
4787,2019-05-27T11:29:14Z,45.57886667,6.14616667,1569.00,1748.573029408939,907.534670433722,782,3,40.324,
4788,2019-05-27T11:29:15Z,45.57881667,6.14601667,1570.00,1749.573029408939,908.534670433722,783,3,40.337,
4789,2019-05-27T11:29:16Z,45.57876667,6.14590000,1571.00,1750.573029408939,909.534670433722,784,3,40.348,
4790,2019-05-27T11:29:17Z,45.57871667,6.14576667,1572.00,1751.573029408939,910.534670433722,785,3,40.359,
4791,2019-05-27T11:29:18Z,45.57866667,6.14565000,1572.00,1752.573029408939,911.534670433722,786,3,40.37,
4792,2019-05-27T11:29:19Z,45.57861667,6.14550000,1571.00,1753.573029408939,912.534670433722,787,3,40.383,
4793,2019-05-27T11:29:20Z,45.57856667,6.14531667,1569.00,1754.573029408939,913.534670433722,788,3,40.398,
4794,2019-05-27T11:29:21Z,45.57855000,6.14516667,1569.00,1755.573029408939,914.534670433722,789,3,40.409,
4795,2019-05-27T11:29:22Z,45.57850000,6.14505000,1570.00,1756.573029408939,915.534670433722,790,3,40.419,
4796,2019-05-27T11:29:23Z,45.57846667,6.14491667,1574.00,1757.573029408939,916.534670433722,791,3,40.43,
4797,2019-05-27T11:29:24Z,45.57841667,6.14481667,1577.00,1758.573029408939,917.534670433722,792,3,40.44,
4798,2019-05-27T11:29:25Z,45.57836667,6.14475000,1580.00,1759.573029408939,918.534670433722,793,3,40.447,
4799,2019-05-27T11:29:26Z,45.57831667,6.14465000,1582.00,1760.573029408939,919.534670433722,794,3,40.457,
4800,2019-05-27T11:29:27Z,45.57826667,6.14451667,1582.00,1761.573029408939,920.534670433722,795,3,40.468,
4801,2019-05-27T11:29:28Z,45.57825000,6.14436667,1583.00,1762.573029408939,921.534670433722,796,3,40.479,
4802,2019-05-27T11:29:29Z,45.57820000,6.14421667,1585.00,1763.573029408939,922.534670433722,797,3,40.492,
4803,2019-05-27T11:29:30Z,45.57816667,6.14410000,1588.00,1764.573029408939,923.534670433722,798,3,40.502,
4804,2019-05-27T11:29:31Z,45.57811667,6.14396667,1590.00,1765.573029408939,924.534670433722,799,3,40.513,
4805,2019-05-27T11:29:32Z,45.57806667,6.14385000,1592.00,1766.573029408939,925.534670433722,800,3,40.524,
4806,2019-05-27T11:29:33Z,45.57805000,6.14371667,1593.00,1767.573029408939,926.534670433722,801,3,40.534,
4807,2019-05-27T11:29:34Z,45.57801667,6.14356667,1593.00,1768.573029408939,927.534670433722,802,3,40.545,
4808,2019-05-27T11:29:35Z,45.57796667,6.14341667,1594.00,1769.573029408939,928.534670433722,803,3,40.558,
4809,2019-05-27T11:29:36Z,45.57791667,6.14326667,1595.00,1770.573029408939,929.534670433722,804,3,40.571,
4810,2019-05-27T11:29:37Z,45.57790000,6.14311667,1596.00,1771.573029408939,930.534670433722,805,3,40.582,
4811,2019-05-27T11:29:38Z,45.57786667,6.14296667,1599.00,1772.573029408939,931.534670433722,806,3,40.594,
4812,2019-05-27T11:29:39Z,45.57781667,6.14285000,1601.00,1773.573029408939,932.534670433722,807,3,40.604,
4813,2019-05-27T11:29:40Z,45.57776667,6.14271667,1603.00,1774.573029408939,933.534670433722,808,3,40.616,
4814,2019-05-27T11:29:41Z,45.57775000,6.14256667,1603.00,1775.573029408939,934.534670433722,809,3,40.627,
4815,2019-05-27T11:29:42Z,45.57770000,6.14241667,1603.00,1776.573029408939,935.534670433722,810,3,40.64,
4816,2019-05-27T11:29:43Z,45.57765000,6.14226667,1602.00,1777.573029408939,936.534670433722,811,3,40.653,
4817,2019-05-27T11:29:44Z,45.57760000,6.14206667,1601.00,1778.573029408939,937.534670433722,812,3,40.669,
4818,2019-05-27T11:29:45Z,45.57755000,6.14190000,1599.00,1779.573029408939,938.534670433722,813,3,40.683,
4819,2019-05-27T11:29:46Z,45.57746667,6.14170000,1598.00,1780.573029408939,939.534670433722,814,3,40.701,
4820,2019-05-27T11:29:47Z,45.57741667,6.14151667,1598.00,1781.573029408939,940.534670433722,815,3,40.716,
4821,2019-05-27T11:29:48Z,45.57736667,6.14135000,1600.00,1782.573029408939,941.534670433722,816,3,40.73,
4822,2019-05-27T11:29:49Z,45.57730000,6.14116667,1602.00,1783.573029408939,942.534670433722,817,3,40.746,
4823,2019-05-27T11:29:50Z,45.57721667,6.14101667,1603.00,1784.573029408939,943.534670433722,818,3,40.76,
4824,2019-05-27T11:29:51Z,45.57716667,6.14081667,1602.00,1785.573029408939,944.534670433722,819,3,40.777,
4825,2019-05-27T11:29:52Z,45.57706667,6.14061667,1600.00,1786.573029408939,945.534670433722,820,3,40.796,
4826,2019-05-27T11:29:53Z,45.57700000,6.14041667,1597.00,1787.573029408939,946.534670433722,821,3,40.813,
4827,2019-05-27T11:29:54Z,45.57691667,6.14021667,1596.00,1788.573029408939,947.534670433722,822,3,40.831,
4828,2019-05-27T11:29:55Z,45.57685000,6.14005000,1596.00,1789.573029408939,948.534670433722,823,3,40.846,
4829,2019-05-27T11:29:56Z,45.57676667,6.13986667,1596.00,1790.573029408939,949.534670433722,824,3,40.863,
4830,2019-05-27T11:29:57Z,45.57666667,6.13966667,1596.00,1791.573029408939,950.534670433722,825,3,40.882,
4831,2019-05-27T11:29:58Z,45.57660000,6.13950000,1595.00,1792.573029408939,951.534670433722,826,3,40.897,
4832,2019-05-27T11:29:59Z,45.57650000,6.13931667,1593.00,1793.573029408939,952.534670433722,827,3,40.915,
4833,2019-05-27T11:30:00Z,45.57640000,6.13911667,1591.00,1794.573029408939,953.534670433722,828,3,40.934,
4834,2019-05-27T11:30:01Z,45.57631667,6.13896667,1591.00,1795.573029408939,954.534670433722,829,3,40.949,
4835,2019-05-27T11:30:02Z,45.57625000,6.13881667,1594.00,1796.573029408939,955.534670433722,830,3,40.963,
4836,2019-05-27T11:30:03Z,45.57616667,6.13870000,1596.00,1797.573029408939,956.534670433722,831,3,40.975,
4837,2019-05-27T11:30:04Z,45.57611667,6.13856667,1598.00,1798.573029408939,957.534670433722,832,3,40.987,
4838,2019-05-27T11:30:05Z,45.57606667,6.13846667,1601.00,1799.573029408939,958.534670433722,833,3,40.997,
4839,2019-05-27T11:30:06Z,45.57601667,6.13836667,1603.00,1800.573029408939,959.534670433722,834,3,41.006,
4840,2019-05-27T11:30:07Z,45.57596667,6.13826667,1605.00,1801.573029408939,960.534670433722,835,3,41.016,
4841,2019-05-27T11:30:08Z,45.57591667,6.13816667,1605.00,1802.573029408939,961.534670433722,836,3,41.025,
4842,2019-05-27T11:30:09Z,45.57586667,6.13806667,1603.00,1803.573029408939,962.534670433722,837,3,41.035,
4843,2019-05-27T11:30:10Z,45.57580000,6.13791667,1600.00,1804.573029408939,963.534670433722,838,3,41.049,
4844,2019-05-27T11:30:11Z,45.57571667,6.13775000,1596.00,1805.573029408939,964.534670433722,839,3,41.065,
4845,2019-05-27T11:30:12Z,45.57561667,6.13760000,1593.00,1806.573029408939,965.534670433722,840,3,41.08,
4846,2019-05-27T11:30:13Z,45.57555000,6.13745000,1593.00,1807.573029408939,966.534670433722,841,3,41.094,
4847,2019-05-27T11:30:14Z,45.57546667,6.13731667,1594.00,1808.573029408939,967.534670433722,842,3,41.108,
4848,2019-05-27T11:30:15Z,45.57540000,6.13720000,1597.00,1809.573029408939,968.534670433722,843,3,41.12,
4849,2019-05-27T11:30:16Z,45.57531667,6.13706667,1599.00,1810.573029408939,969.534670433722,844,3,41.133,
4850,2019-05-27T11:30:17Z,45.57526667,6.13695000,1600.00,1811.573029408939,970.534670433722,845,3,41.144,
4851,2019-05-27T11:30:18Z,45.57520000,6.13680000,1599.00,1812.573029408939,971.534670433722,846,3,41.158,
4852,2019-05-27T11:30:19Z,45.57511667,6.13665000,1598.00,1813.573029408939,972.534670433722,847,3,41.173,
4853,2019-05-27T11:30:20Z,45.57506667,6.13646667,1595.00,1814.573029408939,973.534670433722,848,3,41.188,
4854,2019-05-27T11:30:21Z,45.57496667,6.13630000,1593.00,1815.573029408939,974.534670433722,849,3,41.205,
4855,2019-05-27T11:30:22Z,45.57491667,6.13611667,1593.00,1816.573029408939,975.534670433722,850,3,41.22,
4856,2019-05-27T11:30:23Z,45.57481667,6.13596667,1594.00,1817.573029408939,976.534670433722,851,3,41.235,
4857,2019-05-27T11:30:24Z,45.57475000,6.13580000,1594.00,1818.573029408939,977.534670433722,852,3,41.25,
4858,2019-05-27T11:30:25Z,45.57466667,6.13561667,1594.00,1819.573029408939,978.534670433722,853,3,41.267,
4859,2019-05-27T11:30:26Z,45.57456667,6.13545000,1592.00,1820.573029408939,979.534670433722,854,3,41.284,
4860,2019-05-27T11:30:27Z,45.57450000,6.13525000,1590.00,1821.573029408939,980.534670433722,855,3,41.301,
4861,2019-05-27T11:30:28Z,45.57440000,6.13505000,1588.00,1822.573029408939,981.534670433722,856,3,41.32,
4862,2019-05-27T11:30:29Z,45.57431667,6.13485000,1588.00,1823.573029408939,982.534670433722,857,3,41.339,
4863,2019-05-27T11:30:30Z,45.57421667,6.13466667,1588.00,1824.573029408939,983.534670433722,858,3,41.357,
4864,2019-05-27T11:30:31Z,45.57411667,6.13450000,1589.00,1825.573029408939,984.534670433722,859,3,41.374,
4865,2019-05-27T11:30:32Z,45.57401667,6.13435000,1593.00,1826.573029408939,985.534670433722,860,3,41.389,
4866,2019-05-27T11:30:33Z,45.57396667,6.13421667,1598.00,1827.573029408939,986.534670433722,861,3,41.401,
4867,2019-05-27T11:30:34Z,45.57391667,6.13410000,1602.00,1828.573029408939,987.534670433722,862,3,41.412,
4868,2019-05-27T11:30:35Z,45.57386667,6.13396667,1605.00,1829.573029408939,988.534670433722,863,3,41.423,
4869,2019-05-27T11:30:36Z,45.57381667,6.13385000,1605.00,1830.573029408939,989.534670433722,864,3,41.434,
4870,2019-05-27T11:30:37Z,45.57376667,6.13370000,1604.00,1831.573029408939,990.534670433722,865,3,41.447,
4871,2019-05-27T11:30:38Z,45.57371667,6.13350000,1601.00,1832.573029408939,991.534670433722,866,3,41.463,
4872,2019-05-27T11:30:39Z,45.57365000,6.13330000,1599.00,1833.573029408939,992.534670433722,867,3,41.48,
4873,2019-05-27T11:30:40Z,45.57356667,6.13311667,1601.00,1834.573029408939,993.534670433722,868,3,41.497,
4874,2019-05-27T11:30:41Z,45.57351667,6.13301667,1607.00,1835.573029408939,994.534670433722,869,3,41.507,
4875,2019-05-27T11:30:42Z,45.57346667,6.13291667,1613.00,1836.573029408939,995.534670433722,870,3,41.516,
4876,2019-05-27T11:30:43Z,45.57340000,6.13286667,1617.00,1837.573029408939,996.534670433722,871,3,41.524,
4877,2019-05-27T11:30:44Z,45.57331667,6.13281667,1618.00,1838.573029408939,997.534670433722,872,3,41.532,
4878,2019-05-27T11:30:45Z,45.57326667,6.13275000,1617.00,1839.573029408939,998.534670433722,873,3,41.539,
4879,2019-05-27T11:30:46Z,45.57316667,6.13261667,1614.00,1840.573029408939,999.534670433722,874,3,41.554,
4880,2019-05-27T11:30:47Z,45.57306667,6.13245000,1610.00,1841.573029408939,1000.534670433722,875,3,41.571,
4881,2019-05-27T11:30:48Z,45.57301667,6.13230000,1610.00,1842.573029408939,1001.534670433722,876,3,41.584,
4882,2019-05-27T11:30:49Z,45.57295000,6.13216667,1612.00,1843.573029408939,1002.534670433722,877,3,41.596,
4883,2019-05-27T11:30:50Z,45.57290000,6.13206667,1616.00,1844.573029408939,1003.534670433722,878,3,41.606,
4884,2019-05-27T11:30:51Z,45.57285000,6.13196667,1618.00,1845.573029408939,1004.534670433722,879,3,41.616,
4885,2019-05-27T11:30:52Z,45.57281667,6.13185000,1619.00,1846.573029408939,1005.534670433722,880,3,41.625,
4886,2019-05-27T11:30:53Z,45.57276667,6.13170000,1617.00,1847.573029408939,1006.534670433722,881,3,41.638,
4887,2019-05-27T11:30:54Z,45.57270000,6.13151667,1615.00,1848.573029408939,1007.534670433722,882,3,41.654,
4888,2019-05-27T11:30:55Z,45.57261667,6.13135000,1614.00,1849.573029408939,1008.534670433722,883,3,41.67,
4889,2019-05-27T11:30:56Z,45.57255000,6.13116667,1614.00,1850.573029408939,1009.534670433722,884,3,41.686,
4890,2019-05-27T11:30:57Z,45.57250000,6.13101667,1616.00,1851.573029408939,1010.534670433722,885,3,41.699,
4891,2019-05-27T11:30:58Z,45.57245000,6.13086667,1618.00,1852.573029408939,1011.534670433722,886,3,41.712,
4892,2019-05-27T11:30:59Z,45.57240000,6.13071667,1620.00,1853.573029408939,1012.534670433722,887,3,41.724,
4893,2019-05-27T11:31:00Z,45.57235000,6.13056667,1621.00,1854.573029408939,1013.534670433722,888,3,41.737,
4894,2019-05-27T11:31:01Z,45.57230000,6.13040000,1620.00,1855.573029408939,1014.534670433722,889,3,41.751,
4895,2019-05-27T11:31:02Z,45.57221667,6.13021667,1619.00,1856.573029408939,1015.534670433722,890,3,41.768,
4896,2019-05-27T11:31:03Z,45.57216667,6.13001667,1617.00,1857.573029408939,1016.534670433722,891,3,41.784,
4897,2019-05-27T11:31:04Z,45.57211667,6.12985000,1616.00,1858.573029408939,1017.534670433722,892,3,41.798,
4898,2019-05-27T11:31:05Z,45.57206667,6.12966667,1616.00,1859.573029408939,1018.534670433722,893,3,41.813,
4899,2019-05-27T11:31:06Z,45.57201667,6.12950000,1618.00,1860.573029408939,1019.534670433722,894,3,41.827,
4900,2019-05-27T11:31:07Z,45.57196667,6.12935000,1620.00,1861.573029408939,1020.534670433722,895,3,41.84,
4901,2019-05-27T11:31:08Z,45.57191667,6.12920000,1620.00,1862.573029408939,1021.534670433722,896,3,41.853,
4902,2019-05-27T11:31:09Z,45.57186667,6.12901667,1619.00,1863.573029408939,1022.534670433722,897,3,41.868,
4903,2019-05-27T11:31:10Z,45.57180000,6.12885000,1616.00,1864.573029408939,1023.534670433722,898,3,41.883,
4904,2019-05-27T11:31:11Z,45.57171667,6.12861667,1613.00,1865.573029408939,1024.534670433722,899,3,41.903,
4905,2019-05-27T11:31:12Z,45.57166667,6.12841667,1610.00,1866.573029408939,1025.534670433722,900,3,41.919,
4906,2019-05-27T11:31:13Z,45.57160000,6.12820000,1607.00,1867.573029408939,1026.534670433722,901,3,41.937,
4907,2019-05-27T11:31:14Z,45.57151667,6.12800000,1606.00,1868.573029408939,1027.534670433722,902,3,41.955,
4908,2019-05-27T11:31:15Z,45.57145000,6.12780000,1605.00,1869.573029408939,1028.534670433722,903,3,41.973,
4909,2019-05-27T11:31:16Z,45.57136667,6.12760000,1605.00,1870.573029408939,1029.534670433722,904,3,41.991,
4910,2019-05-27T11:31:17Z,45.57131667,6.12741667,1604.00,1871.573029408939,1030.534670433722,905,3,42.006,
4911,2019-05-27T11:31:18Z,45.57125000,6.12721667,1603.00,1872.573029408939,1031.534670433722,906,3,42.023,
4912,2019-05-27T11:31:19Z,45.57116667,6.12701667,1600.00,1873.573029408939,1032.534670433722,907,3,42.041,
4913,2019-05-27T11:31:20Z,45.57110000,6.12681667,1596.00,1874.573029408939,1033.534670433722,908,3,42.058,
4914,2019-05-27T11:31:21Z,45.57101667,6.12661667,1592.00,1875.573029408939,1034.534670433722,909,3,42.076,
4915,2019-05-27T11:31:22Z,45.57096667,6.12645000,1592.00,1876.573029408939,1035.534670433722,910,3,42.09,
4916,2019-05-27T11:31:23Z,45.57091667,6.12630000,1593.00,1877.573029408939,1036.534670433722,911,3,42.103,
4917,2019-05-27T11:31:24Z,45.57090000,6.12616667,1594.00,1878.573029408939,1037.534670433722,912,3,42.113,
4918,2019-05-27T11:31:25Z,45.57081667,6.12605000,1593.00,1879.573029408939,1038.534670433722,913,3,42.125,
4919,2019-05-27T11:31:26Z,45.57076667,6.12590000,1591.00,1880.573029408939,1039.534670433722,914,3,42.138,
4920,2019-05-27T11:31:27Z,45.57066667,6.12575000,1589.00,1881.573029408939,1040.534670433722,915,3,42.154,
4921,2019-05-27T11:31:28Z,45.57061667,6.12556667,1586.00,1882.573029408939,1041.534670433722,916,3,42.169,
4922,2019-05-27T11:31:29Z,45.57051667,6.12541667,1583.00,1883.573029408939,1042.534670433722,917,3,42.185,
4923,2019-05-27T11:31:30Z,45.57046667,6.12526667,1581.00,1884.573029408939,1043.534670433722,918,3,42.198,
4924,2019-05-27T11:31:31Z,45.57040000,6.12511667,1581.00,1885.573029408939,1044.534670433722,919,3,42.211,
4925,2019-05-27T11:31:32Z,45.57031667,6.12496667,1579.00,1886.573029408939,1045.534670433722,920,3,42.226,
4926,2019-05-27T11:31:33Z,45.57026667,6.12481667,1578.00,1887.573029408939,1046.534670433722,921,3,42.239,
4927,2019-05-27T11:31:34Z,45.57021667,6.12466667,1576.00,1888.573029408939,1047.534670433722,922,3,42.252,
4928,2019-05-27T11:31:35Z,45.57015000,6.12451667,1574.00,1889.573029408939,1048.534670433722,923,3,42.266,
4929,2019-05-27T11:31:36Z,45.57006667,6.12435000,1571.00,1890.573029408939,1049.534670433722,924,3,42.282,
4930,2019-05-27T11:31:37Z,45.57000000,6.12416667,1568.00,1891.573029408939,1050.534670433722,925,3,42.298,
4931,2019-05-27T11:31:38Z,45.56991667,6.12400000,1562.00,1892.573029408939,1051.534670433722,926,3,42.314,
4932,2019-05-27T11:31:39Z,45.56981667,6.12381667,1556.00,1893.573029408939,1052.534670433722,927,3,42.332,
4933,2019-05-27T11:31:40Z,45.56971667,6.12366667,1554.00,1894.573029408939,1053.534670433722,928,3,42.348,
4934,2019-05-27T11:31:41Z,45.56966667,6.12355000,1555.00,1895.573029408939,1054.534670433722,929,3,42.358,
4935,2019-05-27T11:31:42Z,45.56960000,6.12345000,1557.00,1896.573029408939,1055.534670433722,930,3,42.369,
4936,2019-05-27T11:31:43Z,45.56951667,6.12336667,1557.00,1897.573029408939,1056.534670433722,931,3,42.379,
4937,2019-05-27T11:31:44Z,45.56946667,6.12325000,1557.00,1898.573029408939,1057.534670433722,932,3,42.39,
4938,2019-05-27T11:31:45Z,45.56941667,6.12311667,1554.00,1899.573029408939,1058.534670433722,933,3,42.402,
4939,2019-05-27T11:31:46Z,45.56935000,6.12296667,1550.00,1900.573029408939,1059.534670433722,934,3,42.415,
4940,2019-05-27T11:31:47Z,45.56926667,6.12281667,1544.00,1901.573029408939,1060.534670433722,935,3,42.43,
4941,2019-05-27T11:31:48Z,45.56916667,6.12266667,1541.00,1902.573029408939,1061.534670433722,936,3,42.446,
4942,2019-05-27T11:31:49Z,45.56906667,6.12255000,1539.00,1903.573029408939,1062.534670433722,937,3,42.46,
4943,2019-05-27T11:31:50Z,45.56900000,6.12240000,1538.00,1904.573029408939,1063.534670433722,938,3,42.473,
4944,2019-05-27T11:31:51Z,45.56891667,6.12226667,1538.00,1905.573029408939,1064.534670433722,939,3,42.487,
4945,2019-05-27T11:31:52Z,45.56886667,6.12211667,1538.00,1906.573029408939,1065.534670433722,940,3,42.5,
4946,2019-05-27T11:31:53Z,45.56880000,6.12200000,1536.00,1907.573029408939,1066.534670433722,941,3,42.512,
4947,2019-05-27T11:31:54Z,45.56871667,6.12181667,1532.00,1908.573029408939,1067.534670433722,942,3,42.529,
4948,2019-05-27T11:31:55Z,45.56861667,6.12165000,1528.00,1909.573029408939,1068.534670433722,943,3,42.546,
4949,2019-05-27T11:31:56Z,45.56851667,6.12146667,1524.00,1910.573029408939,1069.534670433722,944,3,42.564,
4950,2019-05-27T11:31:57Z,45.56841667,6.12130000,1522.00,1911.573029408939,1070.534670433722,945,3,42.581,
4951,2019-05-27T11:31:58Z,45.56831667,6.12111667,1521.00,1912.573029408939,1071.534670433722,946,3,42.599,
4952,2019-05-27T11:31:59Z,45.56821667,6.12100000,1522.00,1913.573029408939,1072.534670433722,947,3,42.612,
4953,2019-05-27T11:32:00Z,45.56815000,6.12086667,1522.00,1914.573029408939,1073.534670433722,948,3,42.625,
4954,2019-05-27T11:32:01Z,45.56806667,6.12071667,1521.00,1915.573029408939,1074.534670433722,949,3,42.64,
4955,2019-05-27T11:32:02Z,45.56800000,6.12055000,1519.00,1916.573029408939,1075.534670433722,950,3,42.655,
4956,2019-05-27T11:32:03Z,45.56791667,6.12040000,1518.00,1917.573029408939,1076.534670433722,951,3,42.67,
4957,2019-05-27T11:32:04Z,45.56785000,6.12021667,1519.00,1918.573029408939,1077.534670433722,952,3,42.686,
4958,2019-05-27T11:32:05Z,45.56780000,6.12010000,1521.00,1919.573029408939,1078.534670433722,953,3,42.696,
4959,2019-05-27T11:32:06Z,45.56775000,6.11996667,1523.00,1920.573029408939,1079.534670433722,954,3,42.708,
4960,2019-05-27T11:32:07Z,45.56770000,6.11985000,1525.00,1921.573029408939,1080.534670433722,955,3,42.719,
4961,2019-05-27T11:32:08Z,45.56765000,6.11971667,1525.00,1922.573029408939,1081.534670433722,956,3,42.73,
4962,2019-05-27T11:32:09Z,45.56756667,6.11956667,1523.00,1923.573029408939,1082.534670433722,957,3,42.745,
4963,2019-05-27T11:32:10Z,45.56751667,6.11940000,1519.00,1924.573029408939,1083.534670433722,958,3,42.759,
4964,2019-05-27T11:32:11Z,45.56746667,6.11921667,1516.00,1925.573029408939,1084.534670433722,959,3,42.774,
4965,2019-05-27T11:32:12Z,45.56740000,6.11905000,1515.00,1926.573029408939,1085.534670433722,960,3,42.789,
4966,2019-05-27T11:32:13Z,45.56731667,6.11886667,1515.00,1927.573029408939,1086.534670433722,961,3,42.806,
4967,2019-05-27T11:32:14Z,45.56726667,6.11871667,1516.00,1928.573029408939,1087.534670433722,962,3,42.819,
4968,2019-05-27T11:32:15Z,45.56721667,6.11856667,1517.00,1929.573029408939,1088.534670433722,963,3,42.832,
4969,2019-05-27T11:32:16Z,45.56716667,6.11841667,1518.00,1930.573029408939,1089.534670433722,964,3,42.845,
4970,2019-05-27T11:32:17Z,45.56706667,6.11826667,1517.00,1931.573029408939,1090.534670433722,965,3,42.86,
4971,2019-05-27T11:32:18Z,45.56701667,6.11811667,1517.00,1932.573029408939,1091.534670433722,966,3,42.873,
4972,2019-05-27T11:32:19Z,45.56695000,6.11796667,1517.00,1933.573029408939,1092.534670433722,967,3,42.887,
4973,2019-05-27T11:32:20Z,45.56690000,6.11781667,1517.00,1934.573029408939,1093.534670433722,968,3,42.9,
4974,2019-05-27T11:32:21Z,45.56681667,6.11766667,1519.00,1935.573029408939,1094.534670433722,969,3,42.915,
4975,2019-05-27T11:32:22Z,45.56676667,6.11751667,1519.00,1936.573029408939,1095.534670433722,970,3,42.928,
4976,2019-05-27T11:32:23Z,45.56666667,6.11736667,1520.00,1937.573029408939,1096.534670433722,971,3,42.943,
4977,2019-05-27T11:32:24Z,45.56661667,6.11721667,1523.00,1938.573029408939,1097.534670433722,972,3,42.956,
4978,2019-05-27T11:32:25Z,45.56655000,6.11711667,1527.00,1939.573029408939,1098.534670433722,973,3,42.967,
4979,2019-05-27T11:32:26Z,45.56650000,6.11701667,1532.00,1940.573029408939,1099.534670433722,974,3,42.976,
4980,2019-05-27T11:32:27Z,45.56641667,6.11691667,1536.00,1941.573029408939,1100.534670433722,975,3,42.988,
4981,2019-05-27T11:32:28Z,45.56636667,6.11681667,1537.00,1942.573029408939,1101.534670433722,976,3,42.997,
4982,2019-05-27T11:32:29Z,45.56630000,6.11670000,1537.00,1943.573029408939,1102.534670433722,977,3,43.009,
4983,2019-05-27T11:32:30Z,45.56621667,6.11651667,1535.00,1944.573029408939,1103.534670433722,978,3,43.026,
4984,2019-05-27T11:32:31Z,45.56611667,6.11636667,1533.00,1945.573029408939,1104.534670433722,979,3,43.042,
4985,2019-05-27T11:32:32Z,45.56605000,6.11620000,1534.00,1946.573029408939,1105.534670433722,980,3,43.057,
4986,2019-05-27T11:32:33Z,45.56596667,6.11605000,1538.00,1947.573029408939,1106.534670433722,981,3,43.072,
4987,2019-05-27T11:32:34Z,45.56591667,6.11591667,1543.00,1948.573029408939,1107.534670433722,982,3,43.083,
4988,2019-05-27T11:32:35Z,45.56585000,6.11581667,1547.00,1949.573029408939,1108.534670433722,983,3,43.094,
4989,2019-05-27T11:32:36Z,45.56576667,6.11571667,1552.00,1950.573029408939,1109.534670433722,984,3,43.106,
4990,2019-05-27T11:32:37Z,45.56570000,6.11561667,1558.00,1951.573029408939,1110.534670433722,985,3,43.116,
4991,2019-05-27T11:32:38Z,45.56561667,6.11551667,1563.00,1952.573029408939,1111.534670433722,986,3,43.128,
4992,2019-05-27T11:32:39Z,45.56556667,6.11546667,1568.00,1953.573029408939,1112.534670433722,987,3,43.134,
4993,2019-05-27T11:32:40Z,45.56551667,6.11540000,1572.00,1954.573029408939,1113.534670433722,988,3,43.141,
4994,2019-05-27T11:32:41Z,45.56541667,6.11536667,1574.00,1955.573029408939,1114.534670433722,989,3,43.149,
4995,2019-05-27T11:32:42Z,45.56531667,6.11531667,1575.00,1956.573029408939,1115.534670433722,990,3,43.159,
4996,2019-05-27T11:32:43Z,45.56521667,6.11526667,1574.00,1957.573029408939,1116.534670433722,991,3,43.168,
4997,2019-05-27T11:32:44Z,45.56511667,6.11520000,1575.00,1958.573029408939,1117.534670433722,992,3,43.178,
4998,2019-05-27T11:32:45Z,45.56505000,6.11511667,1576.00,1959.573029408939,1118.534670433722,993,3,43.188,
4999,2019-05-27T11:32:46Z,45.56496667,6.11505000,1579.00,1960.573029408939,1119.534670433722,994,3,43.197,
5000,2019-05-27T11:32:47Z,45.56490000,6.11496667,1581.00,1961.573029408939,1120.534670433722,995,3,43.207,
5001,2019-05-27T11:32:48Z,45.56481667,6.11491667,1582.00,1962.573029408939,1121.534670433722,996,3,43.215,
5002,2019-05-27T11:32:49Z,45.56471667,6.11485000,1581.00,1963.573029408939,1122.534670433722,997,3,43.226,
5003,2019-05-27T11:32:50Z,45.56460000,6.11476667,1581.00,1964.573029408939,1123.534670433722,998,3,43.238,
5004,2019-05-27T11:32:51Z,45.56450000,6.11466667,1582.00,1965.573029408939,1124.534670433722,999,3,43.251,
5005,2019-05-27T11:32:52Z,45.56440000,6.11461667,1585.00,1966.573029408939,1125.534670433722,1000,3,43.26,
5006,2019-05-27T11:32:53Z,45.56430000,6.11455000,1586.00,1967.573029408939,1126.534670433722,1001,3,43.27,
5007,2019-05-27T11:32:54Z,45.56416667,6.11446667,1588.00,1968.573029408939,1127.534670433722,1002,3,43.284,
5008,2019-05-27T11:32:55Z,45.56406667,6.11441667,1588.00,1969.573029408939,1128.534670433722,1003,3,43.293,
5009,2019-05-27T11:32:56Z,45.56396667,6.11435000,1590.00,1970.573029408939,1129.534670433722,1004,3,43.304,
5010,2019-05-27T11:32:57Z,45.56386667,6.11426667,1595.00,1971.573029408939,1130.534670433722,1005,3,43.315,
5011,2019-05-27T11:32:58Z,45.56376667,6.11421667,1600.00,1972.573029408939,1131.534670433722,1006,3,43.325,
5012,2019-05-27T11:32:59Z,45.56366667,6.11416667,1604.00,1973.573029408939,1132.534670433722,1007,3,43.334,
5013,2019-05-27T11:33:00Z,45.56361667,6.11410000,1608.00,1974.573029408939,1133.534670433722,1008,3,43.341,
5014,2019-05-27T11:33:01Z,45.56351667,6.11405000,1611.00,1975.573029408939,1134.534670433722,1009,3,43.351,
5015,2019-05-27T11:33:02Z,45.56346667,6.11396667,1613.00,1976.573029408939,1135.534670433722,1010,3,43.359,
5016,2019-05-27T11:33:03Z,45.56336667,6.11386667,1616.00,1977.573029408939,1136.534670433722,1011,3,43.372,
5017,2019-05-27T11:33:04Z,45.56330000,6.11381667,1619.00,1978.573029408939,1137.534670433722,1012,3,43.379,
5018,2019-05-27T11:33:05Z,45.56321667,6.11376667,1623.00,1979.573029408939,1138.534670433722,1013,3,43.388,
5019,2019-05-27T11:33:06Z,45.56311667,6.11371667,1627.00,1980.573029408939,1139.534670433722,1014,3,43.397,
5020,2019-05-27T11:33:07Z,45.56301667,6.11365000,1630.00,1981.573029408939,1140.534670433722,1015,3,43.407,
5021,2019-05-27T11:33:08Z,45.56291667,6.11356667,1634.00,1982.573029408939,1141.534670433722,1016,3,43.419,
5022,2019-05-27T11:33:09Z,45.56281667,6.11346667,1638.00,1983.573029408939,1142.534670433722,1017,3,43.432,
5023,2019-05-27T11:33:10Z,45.56276667,6.11336667,1643.00,1984.573029408939,1143.534670433722,1018,3,43.441,
5024,2019-05-27T11:33:11Z,45.56270000,6.11330000,1649.00,1985.573029408939,1144.534670433722,1019,3,43.45,
5025,2019-05-27T11:33:12Z,45.56266667,6.11321667,1654.00,1986.573029408939,1145.534670433722,1020,3,43.457,
5026,2019-05-27T11:33:13Z,45.56266667,6.11315000,1657.00,1987.573029408939,1146.534670433722,1021,3,43.461,
5027,2019-05-27T11:33:14Z,45.56271667,6.11311667,1659.00,1988.573029408939,1147.534670433722,1022,3,43.46,
5028,2019-05-27T11:33:15Z,45.56276667,6.11311667,1661.00,1989.573029408939,1148.534670433722,1023,3,43.457,
5029,2019-05-27T11:33:16Z,45.56286667,6.11320000,1663.00,1990.573029408939,1149.534670433722,1024,3,43.446,
5030,2019-05-27T11:33:17Z,45.56291667,6.11331667,1666.00,1991.573029408939,1150.534670433722,1025,3,43.435,
5031,2019-05-27T11:33:18Z,45.56290000,6.11346667,1669.00,1992.573029408939,1151.534670433722,1026,3,43.426,
5032,2019-05-27T11:33:19Z,45.56285000,6.11365000,1674.00,1993.573029408939,1152.534670433722,1027,3,43.418,
5033,2019-05-27T11:33:20Z,45.56276667,6.11376667,1678.00,1994.573029408939,1153.534670433722,1028,3,43.415,
5034,2019-05-27T11:33:21Z,45.56265000,6.11381667,1682.00,1995.573029408939,1154.534670433722,1029,3,43.419,
5035,2019-05-27T11:33:22Z,45.56251667,6.11386667,1685.00,1996.573029408939,1155.534670433722,1030,3,43.424,
5036,2019-05-27T11:33:23Z,45.56241667,6.11386667,1689.00,1997.573029408939,1156.534670433722,1031,3,43.43,
5037,2019-05-27T11:33:24Z,45.56230000,6.11381667,1692.00,1998.573029408939,1157.534670433722,1032,3,43.44,
5038,2019-05-27T11:33:25Z,45.56220000,6.11371667,1695.00,1999.573029408939,1158.534670433722,1033,3,43.452,
5039,2019-05-27T11:33:26Z,45.56206667,6.11360000,1698.00,2000.573029408939,1159.534670433722,1034,3,43.468,
5040,2019-05-27T11:33:27Z,45.56200000,6.11350000,1702.00,2001.573029408939,1160.534670433722,1035,3,43.478,
5041,2019-05-27T11:33:28Z,45.56191667,6.11340000,1706.00,2002.573029408939,1161.534670433722,1036,3,43.49,
5042,2019-05-27T11:33:29Z,45.56186667,6.11331667,1711.00,2003.573029408939,1162.534670433722,1037,3,43.498,
5043,2019-05-27T11:33:30Z,45.56181667,6.11321667,1717.00,2004.573029408939,1163.534670433722,1038,3,43.508,
5044,2019-05-27T11:33:31Z,45.56176667,6.11316667,1722.00,2005.573029408939,1164.534670433722,1039,3,43.514,
5045,2019-05-27T11:33:32Z,45.56171667,6.11310000,1727.00,2006.573029408939,1165.534670433722,1040,3,43.521,
5046,2019-05-27T11:33:33Z,45.56166667,6.11301667,1731.00,2007.573029408939,1166.534670433722,1041,3,43.53,
5047,2019-05-27T11:33:34Z,45.56156667,6.11296667,1734.00,2008.573029408939,1167.534670433722,1042,3,43.539,
5048,2019-05-27T11:33:35Z,45.56146667,6.11286667,1736.00,2009.573029408939,1168.534670433722,1043,3,43.551,
5049,2019-05-27T11:33:36Z,45.56136667,6.11280000,1738.00,2010.573029408939,1169.534670433722,1044,3,43.561,
5050,2019-05-27T11:33:37Z,45.56126667,6.11271667,1742.00,2011.573029408939,1170.534670433722,1045,3,43.573,
5051,2019-05-27T11:33:38Z,45.56116667,6.11266667,1746.00,2012.573029408939,1171.534670433722,1046,3,43.582,
5052,2019-05-27T11:33:39Z,45.56106667,6.11260000,1749.00,2013.573029408939,1172.534670433722,1047,3,43.592,
5053,2019-05-27T11:33:40Z,45.56096667,6.11251667,1751.00,2014.573029408939,1173.534670433722,1048,3,43.604,
5054,2019-05-27T11:33:41Z,45.56086667,6.11241667,1753.00,2015.573029408939,1174.534670433722,1049,3,43.616,
5055,2019-05-27T11:33:42Z,45.56076667,6.11236667,1755.00,2016.573029408939,1175.534670433722,1050,3,43.625,
5056,2019-05-27T11:33:43Z,45.56070000,6.11226667,1756.00,2017.573029408939,1176.534670433722,1051,3,43.636,
5057,2019-05-27T11:33:44Z,45.56060000,6.11221667,1757.00,2018.573029408939,1177.534670433722,1052,3,43.645,
5058,2019-05-27T11:33:45Z,45.56051667,6.11211667,1757.00,2019.573029408939,1178.534670433722,1053,3,43.656,
5059,2019-05-27T11:33:46Z,45.56041667,6.11201667,1758.00,2020.573029408939,1179.534670433722,1054,3,43.669,
5060,2019-05-27T11:33:47Z,45.56035000,6.11196667,1759.00,2021.573029408939,1180.534670433722,1055,3,43.676,
5061,2019-05-27T11:33:48Z,45.56025000,6.11186667,1759.00,2022.573029408939,1181.534670433722,1056,3,43.689,
5062,2019-05-27T11:33:49Z,45.56015000,6.11176667,1759.00,2023.573029408939,1182.534670433722,1057,3,43.701,
5063,2019-05-27T11:33:50Z,45.56005000,6.11166667,1756.00,2024.573029408939,1183.534670433722,1058,3,43.714,
5064,2019-05-27T11:33:51Z,45.55991667,6.11156667,1754.00,2025.573029408939,1184.534670433722,1059,3,43.728,
5065,2019-05-27T11:33:52Z,45.55981667,6.11145000,1752.00,2026.573029408939,1185.534670433722,1060,3,43.742,
5066,2019-05-27T11:33:53Z,45.55971667,6.11131667,1748.00,2027.573029408939,1186.534670433722,1061,3,43.756,
5067,2019-05-27T11:33:54Z,45.55960000,6.11120000,1743.00,2028.573029408939,1187.534670433722,1062,3,43.771,
5068,2019-05-27T11:33:55Z,45.55946667,6.11106667,1741.00,2029.573029408939,1188.534670433722,1063,3,43.788,
5069,2019-05-27T11:33:56Z,45.55936667,6.11096667,1739.00,2030.573029408939,1189.534670433722,1064,3,43.8,
5070,2019-05-27T11:33:57Z,45.55925000,6.11086667,1737.00,2031.573029408939,1190.534670433722,1065,3,43.814,
5071,2019-05-27T11:33:58Z,45.55911667,6.11076667,1734.00,2032.573029408939,1191.534670433722,1066,3,43.828,
5072,2019-05-27T11:33:59Z,45.55896667,6.11065000,1729.00,2033.573029408939,1192.534670433722,1067,3,43.845,
5073,2019-05-27T11:34:00Z,45.55885000,6.11051667,1723.00,2034.573029408939,1193.534670433722,1068,3,43.86,
5074,2019-05-27T11:34:01Z,45.55871667,6.11036667,1719.00,2035.573029408939,1194.534670433722,1069,3,43.878,
5075,2019-05-27T11:34:02Z,45.55856667,6.11021667,1716.00,2036.573029408939,1195.534670433722,1070,3,43.897,
5076,2019-05-27T11:34:03Z,45.55846667,6.11006667,1715.00,2037.573029408939,1196.534670433722,1071,3,43.913,
5077,2019-05-27T11:34:04Z,45.55836667,6.10995000,1715.00,2038.573029408939,1197.534670433722,1072,3,43.926,
5078,2019-05-27T11:34:05Z,45.55826667,6.10981667,1714.00,2039.573029408939,1198.534670433722,1073,3,43.941,
5079,2019-05-27T11:34:06Z,45.55816667,6.10970000,1712.00,2040.573029408939,1199.534670433722,1074,3,43.955,
5080,2019-05-27T11:34:07Z,45.55805000,6.10956667,1708.00,2041.573029408939,1200.534670433722,1075,3,43.971,
5081,2019-05-27T11:34:08Z,45.55791667,6.10941667,1704.00,2042.573029408939,1201.534670433722,1076,3,43.988,
5082,2019-05-27T11:34:09Z,45.55780000,6.10925000,1697.00,2043.573029408939,1202.534670433722,1077,3,44.006,
5083,2019-05-27T11:34:10Z,45.55766667,6.10906667,1692.00,2044.573029408939,1203.534670433722,1078,3,44.026,
5084,2019-05-27T11:34:11Z,45.55756667,6.10891667,1689.00,2045.573029408939,1204.534670433722,1079,3,44.042,
5085,2019-05-27T11:34:12Z,45.55741667,6.10880000,1687.00,2046.573029408939,1205.534670433722,1080,3,44.059,
5086,2019-05-27T11:34:13Z,45.55731667,6.10866667,1685.00,2047.573029408939,1206.534670433722,1081,3,44.073,
5087,2019-05-27T11:34:14Z,45.55720000,6.10851667,1682.00,2048.573029408939,1207.534670433722,1082,3,44.09,
5088,2019-05-27T11:34:15Z,45.55706667,6.10840000,1677.00,2049.573029408939,1208.534670433722,1083,3,44.106,
5089,2019-05-27T11:34:16Z,45.55695000,6.10825000,1671.00,2050.573029408939,1209.534670433722,1084,3,44.123,
5090,2019-05-27T11:34:17Z,45.55681667,6.10811667,1666.00,2051.573029408939,1210.534670433722,1085,3,44.14,
5091,2019-05-27T11:34:18Z,45.55666667,6.10796667,1663.00,2052.573029408939,1211.534670433722,1086,3,44.158,
5092,2019-05-27T11:34:19Z,45.55656667,6.10786667,1661.00,2053.573029408939,1212.534670433722,1087,3,44.171,
5093,2019-05-27T11:34:20Z,45.55641667,6.10776667,1660.00,2054.573029408939,1213.534670433722,1088,3,44.187,
5094,2019-05-27T11:34:21Z,45.55631667,6.10770000,1659.00,2055.573029408939,1214.534670433722,1089,3,44.197,
5095,2019-05-27T11:34:22Z,45.55616667,6.10761667,1657.00,2056.573029408939,1215.534670433722,1090,3,44.211,
5096,2019-05-27T11:34:23Z,45.55605000,6.10755000,1653.00,2057.573029408939,1216.534670433722,1091,3,44.223,
5097,2019-05-27T11:34:24Z,45.55590000,6.10745000,1648.00,2058.573029408939,1217.534670433722,1092,3,44.238,
5098,2019-05-27T11:34:25Z,45.55575000,6.10735000,1643.00,2059.573029408939,1218.534670433722,1093,3,44.254,
5099,2019-05-27T11:34:26Z,45.55556667,6.10725000,1640.00,2060.573029408939,1219.534670433722,1094,3,44.272,
5100,2019-05-27T11:34:27Z,45.55541667,6.10716667,1638.00,2061.573029408939,1220.534670433722,1095,3,44.286,
5101,2019-05-27T11:34:28Z,45.55526667,6.10706667,1636.00,2062.573029408939,1221.534670433722,1096,3,44.302,
5102,2019-05-27T11:34:29Z,45.55511667,6.10700000,1633.00,2063.573029408939,1222.534670433722,1097,3,44.315,
5103,2019-05-27T11:34:30Z,45.55500000,6.10691667,1631.00,2064.573029408939,1223.534670433722,1098,3,44.328,
5104,2019-05-27T11:34:31Z,45.55485000,6.10681667,1630.00,2065.573029408939,1224.534670433722,1099,3,44.344,
5105,2019-05-27T11:34:32Z,45.55471667,6.10671667,1627.00,2066.573029408939,1225.534670433722,1100,3,44.358,
5106,2019-05-27T11:34:33Z,45.55456667,6.10661667,1623.00,2067.573029408939,1226.534670433722,1101,3,44.374,
5107,2019-05-27T11:34:34Z,45.55440000,6.10655000,1620.00,2068.573029408939,1227.534670433722,1102,3,44.389,
5108,2019-05-27T11:34:35Z,45.55426667,6.10645000,1618.00,2069.573029408939,1228.534670433722,1103,3,44.403,
5109,2019-05-27T11:34:36Z,45.55411667,6.10635000,1616.00,2070.573029408939,1229.534670433722,1104,3,44.419,
5110,2019-05-27T11:34:37Z,45.55396667,6.10625000,1612.00,2071.573029408939,1230.534670433722,1105,3,44.435,
5111,2019-05-27T11:34:38Z,45.55385000,6.10615000,1609.00,2072.573029408939,1231.534670433722,1106,3,44.448,
5112,2019-05-27T11:34:39Z,45.55370000,6.10601667,1606.00,2073.573029408939,1232.534670433722,1107,3,44.466,
5113,2019-05-27T11:34:40Z,45.55356667,6.10591667,1602.00,2074.573029408939,1233.534670433722,1108,3,44.481,
5114,2019-05-27T11:34:41Z,45.55341667,6.10581667,1600.00,2075.573029408939,1234.534670433722,1109,3,44.497,
5115,2019-05-27T11:34:42Z,45.55330000,6.10570000,1598.00,2076.573029408939,1235.534670433722,1110,3,44.511,
5116,2019-05-27T11:34:43Z,45.55316667,6.10560000,1597.00,2077.573029408939,1236.534670433722,1111,3,44.526,
5117,2019-05-27T11:34:44Z,45.55305000,6.10546667,1594.00,2078.573029408939,1237.534670433722,1112,3,44.542,
5118,2019-05-27T11:34:45Z,45.55291667,6.10536667,1591.00,2079.573029408939,1238.534670433722,1113,3,44.557,
5119,2019-05-27T11:34:46Z,45.55276667,6.10526667,1588.00,2080.573029408939,1239.534670433722,1114,3,44.573,
5120,2019-05-27T11:34:47Z,45.55265000,6.10516667,1585.00,2081.573029408939,1240.534670433722,1115,3,44.586,
5121,2019-05-27T11:34:48Z,45.55251667,6.10506667,1581.00,2082.573029408939,1241.534670433722,1116,3,44.601,
5122,2019-05-27T11:34:49Z,45.55236667,6.10496667,1578.00,2083.573029408939,1242.534670433722,1117,3,44.617,
5123,2019-05-27T11:34:50Z,45.55225000,6.10485000,1575.00,2084.573029408939,1243.534670433722,1118,3,44.632,
5124,2019-05-27T11:34:51Z,45.55210000,6.10475000,1571.00,2085.573029408939,1244.534670433722,1119,3,44.647,
5125,2019-05-27T11:34:52Z,45.55196667,6.10465000,1567.00,2086.573029408939,1245.534670433722,1120,3,44.662,
5126,2019-05-27T11:34:53Z,45.55181667,6.10451667,1563.00,2087.573029408939,1246.534670433722,1121,3,44.68,
5127,2019-05-27T11:34:54Z,45.55166667,6.10441667,1559.00,2088.573029408939,1247.534670433722,1122,3,44.696,
5128,2019-05-27T11:34:55Z,45.55155000,6.10430000,1557.00,2089.573029408939,1248.534670433722,1123,3,44.711,
5129,2019-05-27T11:34:56Z,45.55141667,6.10421667,1555.00,2090.573029408939,1249.534670433722,1124,3,44.724,
5130,2019-05-27T11:34:57Z,45.55130000,6.10411667,1553.00,2091.573029408939,1250.534670433722,1125,3,44.738,
5131,2019-05-27T11:34:58Z,45.55116667,6.10400000,1550.00,2092.573029408939,1251.534670433722,1126,3,44.754,
5132,2019-05-27T11:34:59Z,45.55101667,6.10386667,1545.00,2093.573029408939,1252.534670433722,1127,3,44.772,
5133,2019-05-27T11:35:00Z,45.55086667,6.10375000,1543.00,2094.573029408939,1253.534670433722,1128,3,44.789,
5134,2019-05-27T11:35:01Z,45.55071667,6.10366667,1541.00,2095.573029408939,1254.534670433722,1129,3,44.804,
5135,2019-05-27T11:35:02Z,45.55060000,6.10360000,1542.00,2096.573029408939,1255.534670433722,1130,3,44.815,
5136,2019-05-27T11:35:03Z,45.55046667,6.10351667,1543.00,2097.573029408939,1256.534670433722,1131,3,44.829,
5137,2019-05-27T11:35:04Z,45.55036667,6.10346667,1542.00,2098.573029408939,1257.534670433722,1132,3,44.839,
5138,2019-05-27T11:35:05Z,45.55026667,6.10336667,1541.00,2099.573029408939,1258.534670433722,1133,3,44.851,
5139,2019-05-27T11:35:06Z,45.55015000,6.10326667,1537.00,2100.573029408939,1259.534670433722,1134,3,44.865,
5140,2019-05-27T11:35:07Z,45.55001667,6.10315000,1532.00,2101.573029408939,1260.534670433722,1135,3,44.881,
5141,2019-05-27T11:35:08Z,45.54986667,6.10301667,1527.00,2102.573029408939,1261.534670433722,1136,3,44.899,
5142,2019-05-27T11:35:09Z,45.54976667,6.10290000,1526.00,2103.573029408939,1262.534670433722,1137,3,44.913,
5143,2019-05-27T11:35:10Z,45.54966667,6.10276667,1527.00,2104.573029408939,1263.534670433722,1138,3,44.928,
5144,2019-05-27T11:35:11Z,45.54956667,6.10266667,1529.00,2105.573029408939,1264.534670433722,1139,3,44.94,
5145,2019-05-27T11:35:12Z,45.54946667,6.10256667,1530.00,2106.573029408939,1265.534670433722,1140,3,44.953,
5146,2019-05-27T11:35:13Z,45.54936667,6.10245000,1530.00,2107.573029408939,1266.534670433722,1141,3,44.967,
5147,2019-05-27T11:35:14Z,45.54926667,6.10231667,1527.00,2108.573029408939,1267.534670433722,1142,3,44.982,
5148,2019-05-27T11:35:15Z,45.54915000,6.10221667,1523.00,2109.573029408939,1268.534670433722,1143,3,44.996,
5149,2019-05-27T11:35:16Z,45.54900000,6.10206667,1517.00,2110.573029408939,1269.534670433722,1144,3,45.015,
5150,2019-05-27T11:35:17Z,45.54885000,6.10196667,1514.00,2111.573029408939,1270.534670433722,1145,3,45.031,
5151,2019-05-27T11:35:18Z,45.54871667,6.10185000,1514.00,2112.573029408939,1271.534670433722,1146,3,45.047,
5152,2019-05-27T11:35:19Z,45.54860000,6.10175000,1515.00,2113.573029408939,1272.534670433722,1147,3,45.06,
5153,2019-05-27T11:35:20Z,45.54850000,6.10165000,1517.00,2114.573029408939,1273.534670433722,1148,3,45.073,
5154,2019-05-27T11:35:21Z,45.54841667,6.10156667,1518.00,2115.573029408939,1274.534670433722,1149,3,45.084,
5155,2019-05-27T11:35:22Z,45.54831667,6.10146667,1518.00,2116.573029408939,1275.534670433722,1150,3,45.097,
5156,2019-05-27T11:35:23Z,45.54821667,6.10136667,1516.00,2117.573029408939,1276.534670433722,1151,3,45.109,
5157,2019-05-27T11:35:24Z,45.54811667,6.10125000,1514.00,2118.573029408939,1277.534670433722,1152,3,45.123,
5158,2019-05-27T11:35:25Z,45.54801667,6.10111667,1510.00,2119.573029408939,1278.534670433722,1153,3,45.138,
5159,2019-05-27T11:35:26Z,45.54791667,6.10096667,1506.00,2120.573029408939,1279.534670433722,1154,3,45.154,
5160,2019-05-27T11:35:27Z,45.54781667,6.10081667,1504.00,2121.573029408939,1280.534670433722,1155,3,45.17,
5161,2019-05-27T11:35:28Z,45.54771667,6.10066667,1505.00,2122.573029408939,1281.534670433722,1156,3,45.186,
5162,2019-05-27T11:35:29Z,45.54761667,6.10056667,1505.00,2123.573029408939,1282.534670433722,1157,3,45.199,
5163,2019-05-27T11:35:30Z,45.54751667,6.10045000,1505.00,2124.573029408939,1283.534670433722,1158,3,45.212,
5164,2019-05-27T11:35:31Z,45.54741667,6.10035000,1505.00,2125.573029408939,1284.534670433722,1159,3,45.225,
5165,2019-05-27T11:35:32Z,45.54735000,6.10021667,1504.00,2126.573029408939,1285.534670433722,1160,3,45.238,
5166,2019-05-27T11:35:33Z,45.54725000,6.10011667,1503.00,2127.573029408939,1286.534670433722,1161,3,45.251,
5167,2019-05-27T11:35:34Z,45.54715000,6.10000000,1500.00,2128.573029408939,1287.534670433722,1162,3,45.265,
5168,2019-05-27T11:35:35Z,45.54705000,6.09986667,1496.00,2129.573029408939,1288.534670433722,1163,3,45.28,
5169,2019-05-27T11:35:36Z,45.54695000,6.09975000,1494.00,2130.573029408939,1289.534670433722,1164,3,45.293,
5170,2019-05-27T11:35:37Z,45.54686667,6.09961667,1493.00,2131.573029408939,1290.534670433722,1165,3,45.307,
5171,2019-05-27T11:35:38Z,45.54676667,6.09950000,1491.00,2132.573029408939,1291.534670433722,1166,3,45.321,
5172,2019-05-27T11:35:39Z,45.54670000,6.09936667,1490.00,2133.573029408939,1292.534670433722,1167,3,45.334,
5173,2019-05-27T11:35:40Z,45.54661667,6.09925000,1489.00,2134.573029408939,1293.534670433722,1168,3,45.347,
5174,2019-05-27T11:35:41Z,45.54651667,6.09911667,1488.00,2135.573029408939,1294.534670433722,1169,3,45.361,
5175,2019-05-27T11:35:42Z,45.54641667,6.09900000,1485.00,2136.573029408939,1295.534670433722,1170,3,45.375,
5176,2019-05-27T11:35:43Z,45.54635000,6.09886667,1481.00,2137.573029408939,1296.534670433722,1171,3,45.388,
5177,2019-05-27T11:35:44Z,45.54626667,6.09871667,1478.00,2138.573029408939,1297.534670433722,1172,3,45.403,
5178,2019-05-27T11:35:45Z,45.54616667,6.09860000,1476.00,2139.573029408939,1298.534670433722,1173,3,45.417,
5179,2019-05-27T11:35:46Z,45.54611667,6.09846667,1475.00,2140.573029408939,1299.534670433722,1174,3,45.428,
5180,2019-05-27T11:35:47Z,45.54605000,6.09835000,1474.00,2141.573029408939,1300.534670433722,1175,3,45.44,
5181,2019-05-27T11:35:48Z,45.54596667,6.09821667,1472.00,2142.573029408939,1301.534670433722,1176,3,45.454,
5182,2019-05-27T11:35:49Z,45.54590000,6.09811667,1469.00,2143.573029408939,1302.534670433722,1177,3,45.465,
5183,2019-05-27T11:35:50Z,45.54581667,6.09801667,1465.00,2144.573029408939,1303.534670433722,1178,3,45.476,
5184,2019-05-27T11:35:51Z,45.54571667,6.09786667,1461.00,2145.573029408939,1304.534670433722,1179,3,45.492,
5185,2019-05-27T11:35:52Z,45.54561667,6.09771667,1457.00,2146.573029408939,1305.534670433722,1180,3,45.508,
5186,2019-05-27T11:35:53Z,45.54555000,6.09760000,1455.00,2147.573029408939,1306.534670433722,1181,3,45.52,
5187,2019-05-27T11:35:54Z,45.54546667,6.09746667,1454.00,2148.573029408939,1307.534670433722,1182,3,45.534,
5188,2019-05-27T11:35:55Z,45.54540000,6.09736667,1453.00,2149.573029408939,1308.534670433722,1183,3,45.544,
5189,2019-05-27T11:35:56Z,45.54531667,6.09725000,1452.00,2150.573029408939,1309.534670433722,1184,3,45.557,
5190,2019-05-27T11:35:57Z,45.54525000,6.09711667,1450.00,2151.573029408939,1310.534670433722,1185,3,45.57,
5191,2019-05-27T11:35:58Z,45.54521667,6.09701667,1450.00,2152.573029408939,1311.534670433722,1186,3,45.578,
5192,2019-05-27T11:35:59Z,45.54516667,6.09691667,1451.00,2153.573029408939,1312.534670433722,1187,3,45.588,
5193,2019-05-27T11:36:00Z,45.54511667,6.09680000,1452.00,2154.573029408939,1313.534670433722,1188,3,45.599,
5194,2019-05-27T11:36:01Z,45.54506667,6.09670000,1451.00,2155.573029408939,1314.534670433722,1189,3,45.608,
5195,2019-05-27T11:36:02Z,45.54500000,6.09660000,1450.00,2156.573029408939,1315.534670433722,1190,3,45.619,
5196,2019-05-27T11:36:03Z,45.54491667,6.09646667,1448.00,2157.573029408939,1316.534670433722,1191,3,45.633,
5197,2019-05-27T11:36:04Z,45.54486667,6.09635000,1446.00,2158.573029408939,1317.534670433722,1192,3,45.643,
5198,2019-05-27T11:36:05Z,45.54480000,6.09621667,1446.00,2159.573029408939,1318.534670433722,1193,3,45.656,
5199,2019-05-27T11:36:06Z,45.54471667,6.09610000,1447.00,2160.573029408939,1319.534670433722,1194,3,45.669,
5200,2019-05-27T11:36:07Z,45.54466667,6.09600000,1449.00,2161.573029408939,1320.534670433722,1195,3,45.678,
5201,2019-05-27T11:36:08Z,45.54461667,6.09590000,1451.00,2162.573029408939,1321.534670433722,1196,3,45.688,
5202,2019-05-27T11:36:09Z,45.54455000,6.09581667,1453.00,2163.573029408939,1322.534670433722,1197,3,45.698,
5203,2019-05-27T11:36:10Z,45.54450000,6.09571667,1453.00,2164.573029408939,1323.534670433722,1198,3,45.707,
5204,2019-05-27T11:36:11Z,45.54441667,6.09565000,1453.00,2165.573029408939,1324.534670433722,1199,3,45.717,
5205,2019-05-27T11:36:12Z,45.54431667,6.09555000,1451.00,2166.573029408939,1325.534670433722,1200,3,45.73,
5206,2019-05-27T11:36:13Z,45.54425000,6.09545000,1451.00,2167.573029408939,1326.534670433722,1201,3,45.74,
5207,2019-05-27T11:36:14Z,45.54416667,6.09531667,1451.00,2168.573029408939,1327.534670433722,1202,3,45.754,
5208,2019-05-27T11:36:15Z,45.54410000,6.09521667,1452.00,2169.573029408939,1328.534670433722,1203,3,45.765,
5209,2019-05-27T11:36:16Z,45.54401667,6.09511667,1453.00,2170.573029408939,1329.534670433722,1204,3,45.776,
5210,2019-05-27T11:36:17Z,45.54396667,6.09501667,1454.00,2171.573029408939,1330.534670433722,1205,3,45.786,
5211,2019-05-27T11:36:18Z,45.54390000,6.09491667,1456.00,2172.573029408939,1331.534670433722,1206,3,45.797,
5212,2019-05-27T11:36:19Z,45.54381667,6.09481667,1457.00,2173.573029408939,1332.534670433722,1207,3,45.808,
5213,2019-05-27T11:36:20Z,45.54376667,6.09475000,1457.00,2174.573029408939,1333.534670433722,1208,3,45.816,
5214,2019-05-27T11:36:21Z,45.54370000,6.09465000,1458.00,2175.573029408939,1334.534670433722,1209,3,45.826,
5215,2019-05-27T11:36:22Z,45.54365000,6.09455000,1457.00,2176.573029408939,1335.534670433722,1210,3,45.836,
5216,2019-05-27T11:36:23Z,45.54356667,6.09441667,1455.00,2177.573029408939,1336.534670433722,1211,3,45.85,
5217,2019-05-27T11:36:24Z,45.54346667,6.09430000,1452.00,2178.573029408939,1337.534670433722,1212,3,45.864,
5218,2019-05-27T11:36:25Z,45.54341667,6.09416667,1452.00,2179.573029408939,1338.534670433722,1213,3,45.875,
5219,2019-05-27T11:36:26Z,45.54331667,6.09406667,1453.00,2180.573029408939,1339.534670433722,1214,3,45.888,
5220,2019-05-27T11:36:27Z,45.54326667,6.09396667,1455.00,2181.573029408939,1340.534670433722,1215,3,45.898,
5221,2019-05-27T11:36:28Z,45.54320000,6.09386667,1455.00,2182.573029408939,1341.534670433722,1216,3,45.908,
5222,2019-05-27T11:36:29Z,45.54311667,6.09376667,1454.00,2183.573029408939,1342.534670433722,1217,3,45.92,
5223,2019-05-27T11:36:30Z,45.54301667,6.09365000,1451.00,2184.573029408939,1343.534670433722,1218,3,45.934,
5224,2019-05-27T11:36:31Z,45.54291667,6.09351667,1446.00,2185.573029408939,1344.534670433722,1219,3,45.949,
5225,2019-05-27T11:36:32Z,45.54281667,6.09340000,1443.00,2186.573029408939,1345.534670433722,1220,3,45.963,
5226,2019-05-27T11:36:33Z,45.54271667,6.09326667,1443.00,2187.573029408939,1346.534670433722,1221,3,45.978,
5227,2019-05-27T11:36:34Z,45.54266667,6.09316667,1445.00,2188.573029408939,1347.534670433722,1222,3,45.987,
5228,2019-05-27T11:36:35Z,45.54261667,6.09306667,1447.00,2189.573029408939,1348.534670433722,1223,3,45.997,
5229,2019-05-27T11:36:36Z,45.54256667,6.09300000,1447.00,2190.573029408939,1349.534670433722,1224,3,46.004,
5230,2019-05-27T11:36:37Z,45.54251667,6.09286667,1444.00,2191.573029408939,1350.534670433722,1225,3,46.016,
5231,2019-05-27T11:36:38Z,45.54241667,6.09275000,1440.00,2192.573029408939,1351.534670433722,1226,3,46.03,
5232,2019-05-27T11:36:39Z,45.54235000,6.09260000,1436.00,2193.573029408939,1352.534670433722,1227,3,46.044,
5233,2019-05-27T11:36:40Z,45.54226667,6.09246667,1434.00,2194.573029408939,1353.534670433722,1228,3,46.057,
5234,2019-05-27T11:36:41Z,45.54220000,6.09231667,1436.00,2195.573029408939,1354.534670433722,1229,3,46.071,
5235,2019-05-27T11:36:42Z,45.54211667,6.09221667,1439.00,2196.573029408939,1355.534670433722,1230,3,46.083,
5236,2019-05-27T11:36:43Z,45.54206667,6.09215000,1440.00,2197.573029408939,1356.534670433722,1231,3,46.09,
5237,2019-05-27T11:36:44Z,45.54196667,6.09206667,1441.00,2198.573029408939,1357.534670433722,1232,3,46.102,
5238,2019-05-27T11:36:45Z,45.54191667,6.09196667,1440.00,2199.573029408939,1358.534670433722,1233,3,46.112,
5239,2019-05-27T11:36:46Z,45.54181667,6.09181667,1438.00,2200.573029408939,1359.534670433722,1234,3,46.128,
5240,2019-05-27T11:36:47Z,45.54176667,6.09166667,1434.00,2201.573029408939,1360.534670433722,1235,3,46.14,
5241,2019-05-27T11:36:48Z,45.54166667,6.09151667,1432.00,2202.573029408939,1361.534670433722,1236,3,46.156,
5242,2019-05-27T11:36:49Z,45.54161667,6.09135000,1432.00,2203.573029408939,1362.534670433722,1237,3,46.17,
5243,2019-05-27T11:36:50Z,45.54156667,6.09120000,1434.00,2204.573029408939,1363.534670433722,1238,3,46.183,
5244,2019-05-27T11:36:51Z,45.54146667,6.09106667,1436.00,2205.573029408939,1364.534670433722,1239,3,46.198,
5245,2019-05-27T11:36:52Z,45.54141667,6.09096667,1438.00,2206.573029408939,1365.534670433722,1240,3,46.207,
5246,2019-05-27T11:36:53Z,45.54135000,6.09091667,1440.00,2207.573029408939,1366.534670433722,1241,3,46.215,
5247,2019-05-27T11:36:54Z,45.54130000,6.09081667,1441.00,2208.573029408939,1367.534670433722,1242,3,46.224,
5248,2019-05-27T11:36:55Z,45.54125000,6.09075000,1441.00,2209.573029408939,1368.534670433722,1243,3,46.232,
5249,2019-05-27T11:36:56Z,45.54120000,6.09066667,1440.00,2210.573029408939,1369.534670433722,1244,3,46.24,
5250,2019-05-27T11:36:57Z,45.54111667,6.09055000,1439.00,2211.573029408939,1370.534670433722,1245,3,46.253,
5251,2019-05-27T11:36:58Z,45.54101667,6.09041667,1435.00,2212.573029408939,1371.534670433722,1246,3,46.268,
5252,2019-05-27T11:36:59Z,45.54091667,6.09030000,1432.00,2213.573029408939,1372.534670433722,1247,3,46.282,
5253,2019-05-27T11:37:00Z,45.54081667,6.09016667,1431.00,2214.573029408939,1373.534670433722,1248,3,46.297,
5254,2019-05-27T11:37:01Z,45.54071667,6.09006667,1432.00,2215.573029408939,1374.534670433722,1249,3,46.31,
5255,2019-05-27T11:37:02Z,45.54065000,6.08996667,1434.00,2216.573029408939,1375.534670433722,1250,3,46.32,
5256,2019-05-27T11:37:03Z,45.54056667,6.08986667,1435.00,2217.573029408939,1376.534670433722,1251,3,46.332,
5257,2019-05-27T11:37:04Z,45.54046667,6.08976667,1436.00,2218.573029408939,1377.534670433722,1252,3,46.345,
5258,2019-05-27T11:37:05Z,45.54036667,6.08966667,1437.00,2219.573029408939,1378.534670433722,1253,3,46.358,
5259,2019-05-27T11:37:06Z,45.54030000,6.08956667,1438.00,2220.573029408939,1379.534670433722,1254,3,46.368,
5260,2019-05-27T11:37:07Z,45.54021667,6.08946667,1440.00,2221.573029408939,1380.534670433722,1255,3,46.38,
5261,2019-05-27T11:37:08Z,45.54015000,6.08936667,1441.00,2222.573029408939,1381.534670433722,1256,3,46.391,
5262,2019-05-27T11:37:09Z,45.54006667,6.08930000,1442.00,2223.573029408939,1382.534670433722,1257,3,46.4,
5263,2019-05-27T11:37:10Z,45.53996667,6.08921667,1442.00,2224.573029408939,1383.534670433722,1258,3,46.412,
5264,2019-05-27T11:37:11Z,45.53986667,6.08915000,1441.00,2225.573029408939,1384.534670433722,1259,3,46.423,
5265,2019-05-27T11:37:12Z,45.53976667,6.08905000,1440.00,2226.573029408939,1385.534670433722,1260,3,46.436,
5266,2019-05-27T11:37:13Z,45.53966667,6.08895000,1438.00,2227.573029408939,1386.534670433722,1261,3,46.449,
5267,2019-05-27T11:37:14Z,45.53955000,6.08885000,1435.00,2228.573029408939,1387.534670433722,1262,3,46.463,
5268,2019-05-27T11:37:15Z,45.53941667,6.08875000,1433.00,2229.573029408939,1388.534670433722,1263,3,46.478,
5269,2019-05-27T11:37:16Z,45.53930000,6.08866667,1433.00,2230.573029408939,1389.534670433722,1264,3,46.49,
5270,2019-05-27T11:37:17Z,45.53920000,6.08856667,1434.00,2231.573029408939,1390.534670433722,1265,3,46.503,
5271,2019-05-27T11:37:18Z,45.53906667,6.08846667,1435.00,2232.573029408939,1391.534670433722,1266,3,46.518,
5272,2019-05-27T11:37:19Z,45.53896667,6.08836667,1435.00,2233.573029408939,1392.534670433722,1267,3,46.531,
5273,2019-05-27T11:37:20Z,45.53886667,6.08826667,1435.00,2234.573029408939,1393.534670433722,1268,3,46.544,
5274,2019-05-27T11:37:21Z,45.53875000,6.08816667,1434.00,2235.573029408939,1394.534670433722,1269,3,46.558,
5275,2019-05-27T11:37:22Z,45.53861667,6.08810000,1435.00,2236.573029408939,1395.534670433722,1270,3,46.571,
5276,2019-05-27T11:37:23Z,45.53851667,6.08801667,1436.00,2237.573029408939,1396.534670433722,1271,3,46.583,
5277,2019-05-27T11:37:24Z,45.53841667,6.08791667,1438.00,2238.573029408939,1397.534670433722,1272,3,46.596,
5278,2019-05-27T11:37:25Z,45.53830000,6.08786667,1439.00,2239.573029408939,1398.534670433722,1273,3,46.606,
5279,2019-05-27T11:37:26Z,45.53821667,6.08781667,1440.00,2240.573029408939,1399.534670433722,1274,3,46.615,
5280,2019-05-27T11:37:27Z,45.53811667,6.08776667,1441.00,2241.573029408939,1400.534670433722,1275,3,46.625,
5281,2019-05-27T11:37:28Z,45.53801667,6.08771667,1443.00,2242.573029408939,1401.534670433722,1276,3,46.634,
5282,2019-05-27T11:37:29Z,45.53791667,6.08766667,1444.00,2243.573029408939,1402.534670433722,1277,3,46.644,
5283,2019-05-27T11:37:30Z,45.53781667,6.08761667,1445.00,2244.573029408939,1403.534670433722,1278,3,46.654,
5284,2019-05-27T11:37:31Z,45.53771667,6.08760000,1446.00,2245.573029408939,1404.534670433722,1279,3,46.661,
5285,2019-05-27T11:37:32Z,45.53761667,6.08755000,1446.00,2246.573029408939,1405.534670433722,1280,3,46.671,
5286,2019-05-27T11:37:33Z,45.53751667,6.08750000,1448.00,2247.573029408939,1406.534670433722,1281,3,46.681,
5287,2019-05-27T11:37:34Z,45.53741667,6.08746667,1449.00,2248.573029408939,1407.534670433722,1282,3,46.69,
5288,2019-05-27T11:37:35Z,45.53731667,6.08741667,1451.00,2249.573029408939,1408.534670433722,1283,3,46.699,
5289,2019-05-27T11:37:36Z,45.53725000,6.08740000,1452.00,2250.573029408939,1409.534670433722,1284,3,46.705,
5290,2019-05-27T11:37:37Z,45.53715000,6.08736667,1453.00,2251.573029408939,1410.534670433722,1285,3,46.714,
5291,2019-05-27T11:37:38Z,45.53706667,6.08736667,1455.00,2252.573029408939,1411.534670433722,1286,3,46.719,
5292,2019-05-27T11:37:39Z,45.53700000,6.08735000,1457.00,2253.573029408939,1412.534670433722,1287,3,46.724,
5293,2019-05-27T11:37:40Z,45.53691667,6.08731667,1459.00,2254.573029408939,1413.534670433722,1288,3,46.732,
5294,2019-05-27T11:37:41Z,45.53685000,6.08731667,1460.00,2255.573029408939,1414.534670433722,1289,3,46.737,
5295,2019-05-27T11:37:42Z,45.53676667,6.08730000,1461.00,2256.573029408939,1415.534670433722,1290,3,46.743,
5296,2019-05-27T11:37:43Z,45.53666667,6.08726667,1462.00,2257.573029408939,1416.534670433722,1291,3,46.752,
5297,2019-05-27T11:37:44Z,45.53660000,6.08726667,1463.00,2258.573029408939,1417.534670433722,1292,3,46.756,
5298,2019-05-27T11:37:45Z,45.53650000,6.08725000,1463.00,2259.573029408939,1418.534670433722,1293,3,46.764,
5299,2019-05-27T11:37:46Z,45.53641667,6.08720000,1463.00,2260.573029408939,1419.534670433722,1294,3,46.773,
5300,2019-05-27T11:37:47Z,45.53630000,6.08711667,1462.00,2261.573029408939,1420.534670433722,1295,3,46.786,
5301,2019-05-27T11:37:48Z,45.53621667,6.08705000,1464.00,2262.573029408939,1421.534670433722,1296,3,46.795,
5302,2019-05-27T11:37:49Z,45.53615000,6.08696667,1465.00,2263.573029408939,1422.534670433722,1297,3,46.805,
5303,2019-05-27T11:37:50Z,45.53610000,6.08691667,1469.00,2264.573029408939,1423.534670433722,1298,3,46.811,
5304,2019-05-27T11:37:51Z,45.53605000,6.08686667,1472.00,2265.573029408939,1424.534670433722,1299,3,46.818,
5305,2019-05-27T11:37:52Z,45.53596667,6.08681667,1473.00,2266.573029408939,1425.534670433722,1300,3,46.826,
5306,2019-05-27T11:37:53Z,45.53590000,6.08676667,1473.00,2267.573029408939,1426.534670433722,1301,3,46.834,
5307,2019-05-27T11:37:54Z,45.53580000,6.08671667,1472.00,2268.573029408939,1427.534670433722,1302,3,46.844,
5308,2019-05-27T11:37:55Z,45.53570000,6.08666667,1471.00,2269.573029408939,1428.534670433722,1303,3,46.854,
5309,2019-05-27T11:37:56Z,45.53560000,6.08661667,1471.00,2270.573029408939,1429.534670433722,1304,3,46.863,
5310,2019-05-27T11:37:57Z,45.53551667,6.08651667,1474.00,2271.573029408939,1430.534670433722,1305,3,46.875,
5311,2019-05-27T11:37:58Z,45.53546667,6.08645000,1475.00,2272.573029408939,1431.534670433722,1306,3,46.883,
5312,2019-05-27T11:37:59Z,45.53541667,6.08636667,1476.00,2273.573029408939,1432.534670433722,1307,3,46.891,
5313,2019-05-27T11:38:00Z,45.53531667,6.08625000,1475.00,2274.573029408939,1433.534670433722,1308,3,46.905,
5314,2019-05-27T11:38:01Z,45.53525000,6.08611667,1472.00,2275.573029408939,1434.534670433722,1309,3,46.918,
5315,2019-05-27T11:38:02Z,45.53515000,6.08596667,1468.00,2276.573029408939,1435.534670433722,1310,3,46.934,
5316,2019-05-27T11:38:03Z,45.53505000,6.08586667,1467.00,2277.573029408939,1436.534670433722,1311,3,46.947,
5317,2019-05-27T11:38:04Z,45.53495000,6.08575000,1467.00,2278.573029408939,1437.534670433722,1312,3,46.961,
5318,2019-05-27T11:38:05Z,45.53486667,6.08566667,1468.00,2279.573029408939,1438.534670433722,1313,3,46.972,
5319,2019-05-27T11:38:06Z,45.53476667,6.08556667,1469.00,2280.573029408939,1439.534670433722,1314,3,46.984,
5320,2019-05-27T11:38:07Z,45.53471667,6.08546667,1470.00,2281.573029408939,1440.534670433722,1315,3,46.994,
5321,2019-05-27T11:38:08Z,45.53461667,6.08536667,1469.00,2282.573029408939,1441.534670433722,1316,3,47.007,
5322,2019-05-27T11:38:09Z,45.53451667,6.08526667,1465.00,2283.573029408939,1442.534670433722,1317,3,47.02,
5323,2019-05-27T11:38:10Z,45.53441667,6.08515000,1463.00,2284.573029408939,1443.534670433722,1318,3,47.034,
5324,2019-05-27T11:38:11Z,45.53431667,6.08501667,1462.00,2285.573029408939,1444.534670433722,1319,3,47.049,
5325,2019-05-27T11:38:12Z,45.53425000,6.08491667,1462.00,2286.573029408939,1445.534670433722,1320,3,47.06,
5326,2019-05-27T11:38:13Z,45.53416667,6.08481667,1463.00,2287.573029408939,1446.534670433722,1321,3,47.071,
5327,2019-05-27T11:38:14Z,45.53406667,6.08471667,1464.00,2288.573029408939,1447.534670433722,1322,3,47.084,
5328,2019-05-27T11:38:15Z,45.53396667,6.08465000,1464.00,2289.573029408939,1448.534670433722,1323,3,47.095,
5329,2019-05-27T11:38:16Z,45.53390000,6.08456667,1462.00,2290.573029408939,1449.534670433722,1324,3,47.105,
5330,2019-05-27T11:38:17Z,45.53376667,6.08445000,1458.00,2291.573029408939,1450.534670433722,1325,3,47.121,
5331,2019-05-27T11:38:18Z,45.53366667,6.08431667,1455.00,2292.573029408939,1451.534670433722,1326,3,47.136,
5332,2019-05-27T11:38:19Z,45.53356667,6.08421667,1453.00,2293.573029408939,1452.534670433722,1327,3,47.149,
5333,2019-05-27T11:38:20Z,45.53350000,6.08410000,1452.00,2294.573029408939,1453.534670433722,1328,3,47.161,
5334,2019-05-27T11:38:21Z,45.53341667,6.08396667,1452.00,2295.573029408939,1454.534670433722,1329,3,47.174,
5335,2019-05-27T11:38:22Z,45.53331667,6.08385000,1452.00,2296.573029408939,1455.534670433722,1330,3,47.188,
5336,2019-05-27T11:38:23Z,45.53321667,6.08371667,1451.00,2297.573029408939,1456.534670433722,1331,3,47.203,
5337,2019-05-27T11:38:24Z,45.53311667,6.08361667,1449.00,2298.573029408939,1457.534670433722,1332,3,47.216,
5338,2019-05-27T11:38:25Z,45.53300000,6.08351667,1446.00,2299.573029408939,1458.534670433722,1333,3,47.23,
5339,2019-05-27T11:38:26Z,45.53286667,6.08341667,1444.00,2300.573029408939,1459.534670433722,1334,3,47.246,
5340,2019-05-27T11:38:27Z,45.53276667,6.08331667,1442.00,2301.573029408939,1460.534670433722,1335,3,47.258,
5341,2019-05-27T11:38:28Z,45.53265000,6.08325000,1441.00,2302.573029408939,1461.534670433722,1336,3,47.27,
5342,2019-05-27T11:38:29Z,45.53251667,6.08315000,1440.00,2303.573029408939,1462.534670433722,1337,3,47.286,
5343,2019-05-27T11:38:30Z,45.53241667,6.08305000,1439.00,2304.573029408939,1463.534670433722,1338,3,47.299,
5344,2019-05-27T11:38:31Z,45.53226667,6.08295000,1438.00,2305.573029408939,1464.534670433722,1339,3,47.315,
5345,2019-05-27T11:38:32Z,45.53216667,6.08285000,1436.00,2306.573029408939,1465.534670433722,1340,3,47.328,
5346,2019-05-27T11:38:33Z,45.53205000,6.08275000,1435.00,2307.573029408939,1466.534670433722,1341,3,47.342,
5347,2019-05-27T11:38:34Z,45.53191667,6.08261667,1434.00,2308.573029408939,1467.534670433722,1342,3,47.359,
5348,2019-05-27T11:38:35Z,45.53181667,6.08255000,1433.00,2309.573029408939,1468.534670433722,1343,3,47.37,
5349,2019-05-27T11:38:36Z,45.53170000,6.08245000,1433.00,2310.573029408939,1469.534670433722,1344,3,47.384,
5350,2019-05-27T11:38:37Z,45.53156667,6.08235000,1432.00,2311.573029408939,1470.534670433722,1345,3,47.399,
5351,2019-05-27T11:38:38Z,45.53146667,6.08221667,1430.00,2312.573029408939,1471.534670433722,1346,3,47.414,
5352,2019-05-27T11:38:39Z,45.53131667,6.08211667,1426.00,2313.573029408939,1472.534670433722,1347,3,47.431,
5353,2019-05-27T11:38:40Z,45.53116667,6.08200000,1422.00,2314.573029408939,1473.534670433722,1348,3,47.448,
5354,2019-05-27T11:38:41Z,45.53105000,6.08186667,1419.00,2315.573029408939,1474.534670433722,1349,3,47.464,
5355,2019-05-27T11:38:42Z,45.53091667,6.08171667,1418.00,2316.573029408939,1475.534670433722,1350,3,47.483,
5356,2019-05-27T11:38:43Z,45.53076667,6.08165000,1418.00,2317.573029408939,1476.534670433722,1351,3,47.497,
5357,2019-05-27T11:38:44Z,45.53066667,6.08156667,1420.00,2318.573029408939,1477.534670433722,1352,3,47.509,
5358,2019-05-27T11:38:45Z,45.53055000,6.08151667,1421.00,2319.573029408939,1478.534670433722,1353,3,47.52,
5359,2019-05-27T11:38:46Z,45.53045000,6.08150000,1422.00,2320.573029408939,1479.534670433722,1354,3,47.528,
5360,2019-05-27T11:38:47Z,45.53031667,6.08141667,1420.00,2321.573029408939,1480.534670433722,1355,3,47.542,
5361,2019-05-27T11:38:48Z,45.53021667,6.08131667,1418.00,2322.573029408939,1481.534670433722,1356,3,47.555,
5362,2019-05-27T11:38:49Z,45.53011667,6.08121667,1413.00,2323.573029408939,1482.534670433722,1357,3,47.568,
5363,2019-05-27T11:38:50Z,45.53001667,6.08111667,1409.00,2324.573029408939,1483.534670433722,1358,3,47.581,
5364,2019-05-27T11:38:51Z,45.52990000,6.08101667,1408.00,2325.573029408939,1484.534670433722,1359,3,47.595,
5365,2019-05-27T11:38:52Z,45.52980000,6.08091667,1407.00,2326.573029408939,1485.534670433722,1360,3,47.608,
5366,2019-05-27T11:38:53Z,45.52970000,6.08081667,1407.00,2327.573029408939,1486.534670433722,1361,3,47.621,
5367,2019-05-27T11:38:54Z,45.52961667,6.08071667,1407.00,2328.573029408939,1487.534670433722,1362,3,47.633,
5368,2019-05-27T11:38:55Z,45.52951667,6.08061667,1406.00,2329.573029408939,1488.534670433722,1363,3,47.646,
5369,2019-05-27T11:38:56Z,45.52940000,6.08055000,1404.00,2330.573029408939,1489.534670433722,1364,3,47.658,
5370,2019-05-27T11:38:57Z,45.52926667,6.08045000,1401.00,2331.573029408939,1490.534670433722,1365,3,47.673,
5371,2019-05-27T11:38:58Z,45.52915000,6.08035000,1399.00,2332.573029408939,1491.534670433722,1366,3,47.687,
5372,2019-05-27T11:38:59Z,45.52901667,6.08025000,1397.00,2333.573029408939,1492.534670433722,1367,3,47.702,
5373,2019-05-27T11:39:00Z,45.52890000,6.08011667,1395.00,2334.573029408939,1493.534670433722,1368,3,47.718,
5374,2019-05-27T11:39:01Z,45.52880000,6.08001667,1395.00,2335.573029408939,1494.534670433722,1369,3,47.731,
5375,2019-05-27T11:39:02Z,45.52866667,6.07991667,1394.00,2336.573029408939,1495.534670433722,1370,3,47.747,
5376,2019-05-27T11:39:03Z,45.52856667,6.07981667,1393.00,2337.573029408939,1496.534670433722,1371,3,47.76,
5377,2019-05-27T11:39:04Z,45.52846667,6.07970000,1392.00,2338.573029408939,1497.534670433722,1372,3,47.774,
5378,2019-05-27T11:39:05Z,45.52836667,6.07956667,1388.00,2339.573029408939,1498.534670433722,1373,3,47.789,
5379,2019-05-27T11:39:06Z,45.52826667,6.07941667,1384.00,2340.573029408939,1499.534670433722,1374,3,47.805,
5380,2019-05-27T11:39:07Z,45.52816667,6.07931667,1382.00,2341.573029408939,1500.534670433722,1375,3,47.818,
5381,2019-05-27T11:39:08Z,45.52806667,6.07921667,1382.00,2342.573029408939,1501.534670433722,1376,3,47.831,
5382,2019-05-27T11:39:09Z,45.52796667,6.07911667,1382.00,2343.573029408939,1502.534670433722,1377,3,47.844,
5383,2019-05-27T11:39:10Z,45.52786667,6.07906667,1382.00,2344.573029408939,1503.534670433722,1378,3,47.854,
5384,2019-05-27T11:39:11Z,45.52776667,6.07900000,1382.00,2345.573029408939,1504.534670433722,1379,3,47.865,
5385,2019-05-27T11:39:12Z,45.52770000,6.07895000,1381.00,2346.573029408939,1505.534670433722,1380,3,47.872,
5386,2019-05-27T11:39:13Z,45.52760000,6.07891667,1378.00,2347.573029408939,1506.534670433722,1381,3,47.881,
5387,2019-05-27T11:39:14Z,45.52750000,6.07886667,1374.00,2348.573029408939,1507.534670433722,1382,3,47.891,
5388,2019-05-27T11:39:15Z,45.52740000,6.07876667,1369.00,2349.573029408939,1508.534670433722,1383,3,47.904,
5389,2019-05-27T11:39:16Z,45.52726667,6.07866667,1363.00,2350.573029408939,1509.534670433722,1384,3,47.919,
5390,2019-05-27T11:39:17Z,45.52716667,6.07856667,1359.00,2351.573029408939,1510.534670433722,1385,3,47.932,
5391,2019-05-27T11:39:18Z,45.52710000,6.07851667,1360.00,2352.573029408939,1511.534670433722,1386,3,47.94,
5392,2019-05-27T11:39:19Z,45.52701667,6.07850000,1364.00,2353.573029408939,1512.534670433722,1387,3,47.947,
5393,2019-05-27T11:39:20Z,45.52691667,6.07850000,1365.00,2354.573029408939,1513.534670433722,1388,3,47.954,
5394,2019-05-27T11:39:21Z,45.52685000,6.07850000,1364.00,2355.573029408939,1514.534670433722,1389,3,47.958,
5395,2019-05-27T11:39:22Z,45.52676667,6.07846667,1362.00,2356.573029408939,1515.534670433722,1390,3,47.966,
5396,2019-05-27T11:39:23Z,45.52666667,6.07845000,1359.00,2357.573029408939,1516.534670433722,1391,3,47.974,
5397,2019-05-27T11:39:24Z,45.52656667,6.07836667,1357.00,2358.573029408939,1517.534670433722,1392,3,47.986,
5398,2019-05-27T11:39:25Z,45.52646667,6.07831667,1356.00,2359.573029408939,1518.534670433722,1393,3,47.996,
5399,2019-05-27T11:39:26Z,45.52636667,6.07825000,1356.00,2360.573029408939,1519.534670433722,1394,3,48.007,
5400,2019-05-27T11:39:27Z,45.52626667,6.07816667,1357.00,2361.573029408939,1520.534670433722,1395,3,48.019,
5401,2019-05-27T11:39:28Z,45.52616667,6.07815000,1357.00,2362.573029408939,1521.534670433722,1396,3,48.027,
5402,2019-05-27T11:39:29Z,45.52606667,6.07811667,1359.00,2363.573029408939,1522.534670433722,1397,3,48.036,
5403,2019-05-27T11:39:30Z,45.52596667,6.07810000,1360.00,2364.573029408939,1523.534670433722,1398,3,48.044,
5404,2019-05-27T11:39:31Z,45.52586667,6.07806667,1362.00,2365.573029408939,1524.534670433722,1399,3,48.053,
5405,2019-05-27T11:39:32Z,45.52576667,6.07805000,1363.00,2366.573029408939,1525.534670433722,1400,3,48.061,
5406,2019-05-27T11:39:33Z,45.52565000,6.07801667,1365.00,2367.573029408939,1526.534670433722,1401,3,48.071,
5407,2019-05-27T11:39:34Z,45.52555000,6.07796667,1367.00,2368.573029408939,1527.534670433722,1402,3,48.081,
5408,2019-05-27T11:39:35Z,45.52545000,6.07791667,1370.00,2369.573029408939,1528.534670433722,1403,3,48.091,
5409,2019-05-27T11:39:36Z,45.52536667,6.07786667,1372.00,2370.573029408939,1529.534670433722,1404,3,48.1,
5410,2019-05-27T11:39:37Z,45.52530000,6.07781667,1375.00,2371.573029408939,1530.534670433722,1405,3,48.107,
5411,2019-05-27T11:39:38Z,45.52521667,6.07775000,1376.00,2372.573029408939,1531.534670433722,1406,3,48.117,
5412,2019-05-27T11:39:39Z,45.52515000,6.07766667,1377.00,2373.573029408939,1532.534670433722,1407,3,48.127,
5413,2019-05-27T11:39:40Z,45.52511667,6.07756667,1378.00,2374.573029408939,1533.534670433722,1408,3,48.135,
5414,2019-05-27T11:39:41Z,45.52506667,6.07746667,1378.00,2375.573029408939,1534.534670433722,1409,3,48.145,
5415,2019-05-27T11:39:42Z,45.52505000,6.07735000,1379.00,2376.573029408939,1535.534670433722,1410,3,48.153,
5416,2019-05-27T11:39:43Z,45.52501667,6.07725000,1379.00,2377.573029408939,1536.534670433722,1411,3,48.162,
5417,2019-05-27T11:39:44Z,45.52496667,6.07711667,1380.00,2378.573029408939,1537.534670433722,1412,3,48.173,
5418,2019-05-27T11:39:45Z,45.52496667,6.07701667,1381.00,2379.573029408939,1538.534670433722,1413,3,48.179,
5419,2019-05-27T11:39:46Z,45.52495000,6.07691667,1382.00,2380.573029408939,1539.534670433722,1414,3,48.186,
5420,2019-05-27T11:39:47Z,45.52491667,6.07681667,1383.00,2381.573029408939,1540.534670433722,1415,3,48.195,
5421,2019-05-27T11:39:48Z,45.52495000,6.07675000,1382.00,2382.573029408939,1541.534670433722,1416,3,48.197,
5422,2019-05-27T11:39:49Z,45.52500000,6.07666667,1380.00,2383.573029408939,1542.534670433722,1417,3,48.198,
5423,2019-05-27T11:39:50Z,45.52506667,6.07661667,1378.00,2384.573029408939,1543.534670433722,1418,3,48.197,
5424,2019-05-27T11:39:51Z,45.52511667,6.07656667,1376.00,2385.573029408939,1544.534670433722,1419,3,48.196,
5425,2019-05-27T11:39:52Z,45.52520000,6.07655000,1375.00,2386.573029408939,1545.534670433722,1420,3,48.191,
5426,2019-05-27T11:39:53Z,45.52526667,6.07651667,1376.00,2387.573029408939,1546.534670433722,1421,3,48.189,
5427,2019-05-27T11:39:54Z,45.52531667,6.07655000,1377.00,2388.573029408939,1547.534670433722,1422,3,48.183,
5428,2019-05-27T11:39:55Z,45.52536667,6.07660000,1379.00,2389.573029408939,1548.534670433722,1423,3,48.177,
5429,2019-05-27T11:39:56Z,45.52540000,6.07661667,1380.00,2390.573029408939,1549.534670433722,1424,3,48.174,
5430,2019-05-27T11:39:57Z,45.52541667,6.07666667,1381.00,2391.573029408939,1550.534670433722,1425,3,48.169,
5431,2019-05-27T11:39:58Z,45.52550000,6.07666667,1380.00,2392.573029408939,1551.534670433722,1426,3,48.164,
5432,2019-05-27T11:39:59Z,45.52555000,6.07666667,1379.00,2393.573029408939,1552.534670433722,1427,3,48.16,
5433,2019-05-27T11:40:00Z,45.52561667,6.07666667,1378.00,2394.573029408939,1553.534670433722,1428,3,48.156,
5434,2019-05-27T11:40:01Z,45.52566667,6.07666667,1378.00,2395.573029408939,1554.534670433722,1429,3,48.152,
5435,2019-05-27T11:40:02Z,45.52575000,6.07671667,1380.00,2396.573029408939,1555.534670433722,1430,3,48.143,
5436,2019-05-27T11:40:03Z,45.52580000,6.07675000,1382.00,2397.573029408939,1556.534670433722,1431,3,48.138,
5437,2019-05-27T11:40:04Z,45.52585000,6.07676667,1385.00,2398.573029408939,1557.534670433722,1432,3,48.133,
5438,2019-05-27T11:40:05Z,45.52590000,6.07681667,1386.00,2399.573029408939,1558.534670433722,1433,3,48.127,
5439,2019-05-27T11:40:06Z,45.52595000,6.07681667,1388.00,2400.573029408939,1559.534670433722,1434,3,48.123,
5440,2019-05-27T11:40:07Z,45.52600000,6.07681667,1389.00,2401.573029408939,1560.534670433722,1435,3,48.12,
5441,2019-05-27T11:40:08Z,45.52605000,6.07685000,1390.00,2402.573029408939,1561.534670433722,1436,3,48.114,
5442,2019-05-27T11:40:09Z,45.52611667,6.07686667,1391.00,2403.573029408939,1562.534670433722,1437,3,48.109,
5443,2019-05-27T11:40:10Z,45.52616667,6.07691667,1393.00,2404.573029408939,1563.534670433722,1438,3,48.102,
5444,2019-05-27T11:40:11Z,45.52621667,6.07696667,1394.00,2405.573029408939,1564.534670433722,1439,3,48.096,
5445,2019-05-27T11:40:12Z,45.52631667,6.07701667,1394.00,2406.573029408939,1565.534670433722,1440,3,48.086,
5446,2019-05-27T11:40:13Z,45.52640000,6.07706667,1394.00,2407.573029408939,1566.534670433722,1441,3,48.077,
5447,2019-05-27T11:40:14Z,45.52646667,6.07710000,1394.00,2408.573029408939,1567.534670433722,1442,3,48.07,
5448,2019-05-27T11:40:15Z,45.52656667,6.07711667,1394.00,2409.573029408939,1568.534670433722,1443,3,48.063,
5449,2019-05-27T11:40:16Z,45.52666667,6.07716667,1394.00,2410.573029408939,1569.534670433722,1444,3,48.053,
5450,2019-05-27T11:40:17Z,45.52676667,6.07720000,1395.00,2411.573029408939,1570.534670433722,1445,3,48.044,
5451,2019-05-27T11:40:18Z,45.52686667,6.07721667,1397.00,2412.573029408939,1571.534670433722,1446,3,48.036,
5452,2019-05-27T11:40:19Z,45.52696667,6.07726667,1398.00,2413.573029408939,1572.534670433722,1447,3,48.026,
5453,2019-05-27T11:40:20Z,45.52706667,6.07731667,1400.00,2414.573029408939,1573.534670433722,1448,3,48.016,
5454,2019-05-27T11:40:21Z,45.52716667,6.07740000,1401.00,2415.573029408939,1574.534670433722,1449,3,48.004,
5455,2019-05-27T11:40:22Z,45.52726667,6.07746667,1402.00,2416.573029408939,1575.534670433722,1450,3,47.993,
5456,2019-05-27T11:40:23Z,45.52736667,6.07755000,1402.00,2417.573029408939,1576.534670433722,1451,3,47.981,
5457,2019-05-27T11:40:24Z,45.52746667,6.07761667,1402.00,2418.573029408939,1577.534670433722,1452,3,47.97,
5458,2019-05-27T11:40:25Z,45.52760000,6.07771667,1403.00,2419.573029408939,1578.534670433722,1453,3,47.955,
5459,2019-05-27T11:40:26Z,45.52770000,6.07780000,1407.00,2420.573029408939,1579.534670433722,1454,3,47.943,
5460,2019-05-27T11:40:27Z,45.52776667,6.07786667,1411.00,2421.573029408939,1580.534670433722,1455,3,47.934,
5461,2019-05-27T11:40:28Z,45.52785000,6.07795000,1415.00,2422.573029408939,1581.534670433722,1456,3,47.923,
5462,2019-05-27T11:40:29Z,45.52790000,6.07801667,1418.00,2423.573029408939,1582.534670433722,1457,3,47.916,
5463,2019-05-27T11:40:30Z,45.52796667,6.07806667,1419.00,2424.573029408939,1583.534670433722,1458,3,47.908,
5464,2019-05-27T11:40:31Z,45.52805000,6.07815000,1420.00,2425.573029408939,1584.534670433722,1459,3,47.897,
5465,2019-05-27T11:40:32Z,45.52811667,6.07820000,1420.00,2426.573029408939,1585.534670433722,1460,3,47.89,
5466,2019-05-27T11:40:33Z,45.52821667,6.07825000,1422.00,2427.573029408939,1586.534670433722,1461,3,47.88,
5467,2019-05-27T11:40:34Z,45.52830000,6.07830000,1424.00,2428.573029408939,1587.534670433722,1462,3,47.871,
5468,2019-05-27T11:40:35Z,45.52836667,6.07835000,1426.00,2429.573029408939,1588.534670433722,1463,3,47.863,
5469,2019-05-27T11:40:36Z,45.52846667,6.07840000,1428.00,2430.573029408939,1589.534670433722,1464,3,47.854,
5470,2019-05-27T11:40:37Z,45.52855000,6.07845000,1430.00,2431.573029408939,1590.534670433722,1465,3,47.845,
5471,2019-05-27T11:40:38Z,45.52861667,6.07846667,1432.00,2432.573029408939,1591.534670433722,1466,3,47.839,
5472,2019-05-27T11:40:39Z,45.52871667,6.07846667,1434.00,2433.573029408939,1592.534670433722,1467,3,47.832,
5473,2019-05-27T11:40:40Z,45.52880000,6.07845000,1436.00,2434.573029408939,1593.534670433722,1468,3,47.828,
5474,2019-05-27T11:40:41Z,45.52885000,6.07840000,1439.00,2435.573029408939,1594.534670433722,1469,3,47.827,
5475,2019-05-27T11:40:42Z,45.52886667,6.07831667,1441.00,2436.573029408939,1595.534670433722,1470,3,47.831,
5476,2019-05-27T11:40:43Z,45.52886667,6.07825000,1445.00,2437.573029408939,1596.534670433722,1471,3,47.836,
5477,2019-05-27T11:40:44Z,45.52881667,6.07820000,1449.00,2438.573029408939,1597.534670433722,1472,3,47.842,
5478,2019-05-27T11:40:45Z,45.52871667,6.07820000,1453.00,2439.573029408939,1598.534670433722,1473,3,47.849,
5479,2019-05-27T11:40:46Z,45.52861667,6.07826667,1456.00,2440.573029408939,1599.534670433722,1474,3,47.852,
5480,2019-05-27T11:40:47Z,45.52855000,6.07841667,1458.00,2441.573029408939,1600.534670433722,1475,3,47.847,
5481,2019-05-27T11:40:48Z,45.52846667,6.07861667,1459.00,2442.573029408939,1601.534670433722,1476,3,47.84,
5482,2019-05-27T11:40:49Z,45.52840000,6.07881667,1463.00,2443.573029408939,1602.534670433722,1477,3,47.833,
5483,2019-05-27T11:40:50Z,45.52836667,6.07905000,1467.00,2444.573029408939,1603.534670433722,1478,3,47.82,
5484,2019-05-27T11:40:51Z,45.52841667,6.07921667,1472.00,2445.573029408939,1604.534670433722,1479,3,47.807,
5485,2019-05-27T11:40:52Z,45.52846667,6.07936667,1476.00,2446.573029408939,1605.534670433722,1480,3,47.794,
5486,2019-05-27T11:40:53Z,45.52855000,6.07945000,1477.00,2447.573029408939,1606.534670433722,1481,3,47.783,
5487,2019-05-27T11:40:54Z,45.52861667,6.07950000,1478.00,2448.573029408939,1607.534670433722,1482,3,47.776,
5488,2019-05-27T11:40:55Z,45.52871667,6.07951667,1480.00,2449.573029408939,1608.534670433722,1483,3,47.768,
5489,2019-05-27T11:40:56Z,45.52880000,6.07951667,1482.00,2450.573029408939,1609.534670433722,1484,3,47.762,
5490,2019-05-27T11:40:57Z,45.52885000,6.07951667,1485.00,2451.573029408939,1610.534670433722,1485,3,47.759,
5491,2019-05-27T11:40:58Z,45.52890000,6.07946667,1487.00,2452.573029408939,1611.534670433722,1486,3,47.758,
5492,2019-05-27T11:40:59Z,45.52891667,6.07940000,1489.00,2453.573029408939,1612.534670433722,1487,3,47.761,
5493,2019-05-27T11:41:00Z,45.52895000,6.07930000,1490.00,2454.573029408939,1613.534670433722,1488,3,47.765,
5494,2019-05-27T11:41:01Z,45.52896667,6.07921667,1493.00,2455.573029408939,1614.534670433722,1489,3,47.769,
5495,2019-05-27T11:41:02Z,45.52895000,6.07916667,1497.00,2456.573029408939,1615.534670433722,1490,3,47.773,
5496,2019-05-27T11:41:03Z,45.52891667,6.07915000,1499.00,2457.573029408939,1616.534670433722,1491,3,47.777,
5497,2019-05-27T11:41:04Z,45.52886667,6.07915000,1500.00,2458.573029408939,1617.534670433722,1492,3,47.78,
5498,2019-05-27T11:41:05Z,45.52876667,6.07915000,1499.00,2459.573029408939,1618.534670433722,1493,3,47.787,
5499,2019-05-27T11:41:06Z,45.52870000,6.07916667,1500.00,2460.573029408939,1619.534670433722,1494,3,47.791,
5500,2019-05-27T11:41:07Z,45.52861667,6.07916667,1501.00,2461.573029408939,1620.534670433722,1495,3,47.796,
5501,2019-05-27T11:41:08Z,45.52856667,6.07920000,1503.00,2462.573029408939,1621.534670433722,1496,3,47.798,
5502,2019-05-27T11:41:09Z,45.52850000,6.07920000,1504.00,2463.573029408939,1622.534670433722,1497,3,47.802,
5503,2019-05-27T11:41:10Z,45.52841667,6.07920000,1504.00,2464.573029408939,1623.534670433722,1498,3,47.808,
5504,2019-05-27T11:41:11Z,45.52836667,6.07921667,1504.00,2465.573029408939,1624.534670433722,1499,3,47.81,
5505,2019-05-27T11:41:12Z,45.52826667,6.07921667,1502.00,2466.573029408939,1625.534670433722,1500,3,47.817,
5506,2019-05-27T11:41:13Z,45.52820000,6.07921667,1500.00,2467.573029408939,1626.534670433722,1501,3,47.822,
5507,2019-05-27T11:41:14Z,45.52810000,6.07921667,1497.00,2468.573029408939,1627.534670433722,1502,3,47.829,
5508,2019-05-27T11:41:15Z,45.52801667,6.07920000,1495.00,2469.573029408939,1628.534670433722,1503,3,47.835,
5509,2019-05-27T11:41:16Z,45.52791667,6.07916667,1495.00,2470.573029408939,1629.534670433722,1504,3,47.844,
5510,2019-05-27T11:41:17Z,45.52781667,6.07916667,1498.00,2471.573029408939,1630.534670433722,1505,3,47.851,
5511,2019-05-27T11:41:18Z,45.52771667,6.07916667,1503.00,2472.573029408939,1631.534670433722,1506,3,47.858,
5512,2019-05-27T11:41:19Z,45.52765000,6.07916667,1505.00,2473.573029408939,1632.534670433722,1507,3,47.863,
5513,2019-05-27T11:41:20Z,45.52756667,6.07920000,1507.00,2474.573029408939,1633.534670433722,1508,3,47.866,
5514,2019-05-27T11:41:21Z,45.52745000,6.07921667,1506.00,2475.573029408939,1634.534670433722,1509,3,47.873,
5515,2019-05-27T11:41:22Z,45.52735000,6.07921667,1505.00,2476.573029408939,1635.534670433722,1510,3,47.88,
5516,2019-05-27T11:41:23Z,45.52721667,6.07916667,1505.00,2477.573029408939,1636.534670433722,1511,3,47.892,
5517,2019-05-27T11:41:24Z,45.52716667,6.07911667,1507.00,2478.573029408939,1637.534670433722,1512,3,47.899,
5518,2019-05-27T11:41:25Z,45.52710000,6.07906667,1510.00,2479.573029408939,1638.534670433722,1513,3,47.907,
5519,2019-05-27T11:41:26Z,45.52706667,6.07901667,1515.00,2480.573029408939,1639.534670433722,1514,3,47.912,
5520,2019-05-27T11:41:27Z,45.52701667,6.07896667,1519.00,2481.573029408939,1640.534670433722,1515,3,47.918,
5521,2019-05-27T11:41:28Z,45.52696667,6.07891667,1523.00,2482.573029408939,1641.534670433722,1516,3,47.925,
5522,2019-05-27T11:41:29Z,45.52691667,6.07881667,1526.00,2483.573029408939,1642.534670433722,1517,3,47.934,
5523,2019-05-27T11:41:30Z,45.52685000,6.07871667,1529.00,2484.573029408939,1643.534670433722,1518,3,47.945,
5524,2019-05-27T11:41:31Z,45.52680000,6.07861667,1534.00,2485.573029408939,1644.534670433722,1519,3,47.955,
5525,2019-05-27T11:41:32Z,45.52675000,6.07855000,1539.00,2486.573029408939,1645.534670433722,1520,3,47.962,
5526,2019-05-27T11:41:33Z,45.52671667,6.07845000,1544.00,2487.573029408939,1646.534670433722,1521,3,47.971,
5527,2019-05-27T11:41:34Z,45.52666667,6.07835000,1548.00,2488.573029408939,1647.534670433722,1522,3,47.98,
5528,2019-05-27T11:41:35Z,45.52661667,6.07825000,1552.00,2489.573029408939,1648.534670433722,1523,3,47.99,
5529,2019-05-27T11:41:36Z,45.52661667,6.07815000,1555.00,2490.573029408939,1649.534670433722,1524,3,47.996,
5530,2019-05-27T11:41:37Z,45.52656667,6.07806667,1559.00,2491.573029408939,1650.534670433722,1525,3,48.004,
5531,2019-05-27T11:41:38Z,45.52655000,6.07796667,1562.00,2492.573029408939,1651.534670433722,1526,3,48.012,
5532,2019-05-27T11:41:39Z,45.52651667,6.07791667,1566.00,2493.573029408939,1652.534670433722,1527,3,48.017,
5533,2019-05-27T11:41:40Z,45.52646667,6.07786667,1569.00,2494.573029408939,1653.534670433722,1528,3,48.024,
5534,2019-05-27T11:41:41Z,45.52641667,6.07785000,1572.00,2495.573029408939,1654.534670433722,1529,3,48.028,
5535,2019-05-27T11:41:42Z,45.52636667,6.07776667,1573.00,2496.573029408939,1655.534670433722,1530,3,48.037,
5536,2019-05-27T11:41:43Z,45.52631667,6.07770000,1574.00,2497.573029408939,1656.534670433722,1531,3,48.044,
5537,2019-05-27T11:41:44Z,45.52626667,6.07761667,1576.00,2498.573029408939,1657.534670433722,1532,3,48.053,
5538,2019-05-27T11:41:45Z,45.52625000,6.07751667,1577.00,2499.573029408939,1658.534670433722,1533,3,48.06,
5539,2019-05-27T11:41:46Z,45.52620000,6.07746667,1579.00,2500.573029408939,1659.534670433722,1534,3,48.066,
5540,2019-05-27T11:41:47Z,45.52611667,6.07740000,1580.00,2501.573029408939,1660.534670433722,1535,3,48.076,
5541,2019-05-27T11:41:48Z,45.52601667,6.07731667,1580.00,2502.573029408939,1661.534670433722,1536,3,48.088,
5542,2019-05-27T11:41:49Z,45.52591667,6.07726667,1581.00,2503.573029408939,1662.534670433722,1537,3,48.098,
5543,2019-05-27T11:41:50Z,45.52581667,6.07721667,1581.00,2504.573029408939,1663.534670433722,1538,3,48.108,
5544,2019-05-27T11:41:51Z,45.52571667,6.07716667,1582.00,2505.573029408939,1664.534670433722,1539,3,48.118,
5545,2019-05-27T11:41:52Z,45.52561667,6.07721667,1583.00,2506.573029408939,1665.534670433722,1540,3,48.122,
5546,2019-05-27T11:41:53Z,45.52551667,6.07725000,1585.00,2507.573029408939,1666.534670433722,1541,3,48.127,
5547,2019-05-27T11:41:54Z,45.52541667,6.07731667,1587.00,2508.573029408939,1667.534670433722,1542,3,48.13,
5548,2019-05-27T11:41:55Z,45.52531667,6.07741667,1589.00,2509.573029408939,1668.534670433722,1543,3,48.131,
5549,2019-05-27T11:41:56Z,45.52521667,6.07751667,1592.00,2510.573029408939,1669.534670433722,1544,3,48.131,
5550,2019-05-27T11:41:57Z,45.52511667,6.07766667,1597.00,2511.573029408939,1670.534670433722,1545,3,48.129,
5551,2019-05-27T11:41:58Z,45.52506667,6.07776667,1603.00,2512.573029408939,1671.534670433722,1546,3,48.127,
5552,2019-05-27T11:41:59Z,45.52501667,6.07790000,1609.00,2513.573029408939,1672.534670433722,1547,3,48.122,
5553,2019-05-27T11:42:00Z,45.52496667,6.07801667,1613.00,2514.573029408939,1673.534670433722,1548,3,48.119,
5554,2019-05-27T11:42:01Z,45.52496667,6.07815000,1617.00,2515.573029408939,1674.534670433722,1549,3,48.11,
5555,2019-05-27T11:42:02Z,45.52496667,6.07830000,1620.00,2516.573029408939,1675.534670433722,1550,3,48.101,
5556,2019-05-27T11:42:03Z,45.52496667,6.07845000,1625.00,2517.573029408939,1676.534670433722,1551,3,48.092,
5557,2019-05-27T11:42:04Z,45.52500000,6.07856667,1630.00,2518.573029408939,1677.534670433722,1552,3,48.083,
5558,2019-05-27T11:42:05Z,45.52501667,6.07866667,1634.00,2519.573029408939,1678.534670433722,1553,3,48.076,
5559,2019-05-27T11:42:06Z,45.52506667,6.07871667,1639.00,2520.573029408939,1679.534670433722,1554,3,48.069,
5560,2019-05-27T11:42:07Z,45.52511667,6.07871667,1642.00,2521.573029408939,1680.534670433722,1555,3,48.066,
5561,2019-05-27T11:42:08Z,45.52520000,6.07870000,1645.00,2522.573029408939,1681.534670433722,1556,3,48.061,
5562,2019-05-27T11:42:09Z,45.52521667,6.07861667,1648.00,2523.573029408939,1682.534670433722,1557,3,48.065,
5563,2019-05-27T11:42:10Z,45.52521667,6.07846667,1651.00,2524.573029408939,1683.534670433722,1558,3,48.074,
5564,2019-05-27T11:42:11Z,45.52520000,6.07836667,1653.00,2525.573029408939,1684.534670433722,1559,3,48.081,
5565,2019-05-27T11:42:12Z,45.52511667,6.07825000,1654.00,2526.573029408939,1685.534670433722,1560,3,48.094,
5566,2019-05-27T11:42:13Z,45.52500000,6.07820000,1656.00,2527.573029408939,1686.534670433722,1561,3,48.105,
5567,2019-05-27T11:42:14Z,45.52486667,6.07820000,1659.00,2528.573029408939,1687.534670433722,1562,3,48.114,
5568,2019-05-27T11:42:15Z,45.52475000,6.07826667,1664.00,2529.573029408939,1688.534670433722,1563,3,48.119,
5569,2019-05-27T11:42:16Z,45.52461667,6.07835000,1669.00,2530.573029408939,1689.534670433722,1564,3,48.123,
5570,2019-05-27T11:42:17Z,45.52451667,6.07846667,1673.00,2531.573029408939,1690.534670433722,1565,3,48.123,
5571,2019-05-27T11:42:18Z,45.52445000,6.07856667,1678.00,2532.573029408939,1691.534670433722,1566,3,48.121,
5572,2019-05-27T11:42:19Z,45.52436667,6.07871667,1683.00,2533.573029408939,1692.534670433722,1567,3,48.118,
5573,2019-05-27T11:42:20Z,45.52435000,6.07886667,1687.00,2534.573029408939,1693.534670433722,1568,3,48.11,
5574,2019-05-27T11:42:21Z,45.52435000,6.07901667,1691.00,2535.573029408939,1694.534670433722,1569,3,48.101,
5575,2019-05-27T11:42:22Z,45.52436667,6.07915000,1695.00,2536.573029408939,1695.534670433722,1570,3,48.092,
5576,2019-05-27T11:42:23Z,45.52441667,6.07921667,1699.00,2537.573029408939,1696.534670433722,1571,3,48.084,
5577,2019-05-27T11:42:24Z,45.52446667,6.07925000,1703.00,2538.573029408939,1697.534670433722,1572,3,48.079,
5578,2019-05-27T11:42:25Z,45.52451667,6.07921667,1706.00,2539.573029408939,1698.534670433722,1573,3,48.077,
5579,2019-05-27T11:42:26Z,45.52455000,6.07916667,1708.00,2540.573029408939,1699.534670433722,1574,3,48.078,
5580,2019-05-27T11:42:27Z,45.52451667,6.07906667,1710.00,2541.573029408939,1700.534670433722,1575,3,48.086,
5581,2019-05-27T11:42:28Z,45.52446667,6.07896667,1712.00,2542.573029408939,1701.534670433722,1576,3,48.096,
5582,2019-05-27T11:42:29Z,45.52440000,6.07890000,1714.00,2543.573029408939,1702.534670433722,1577,3,48.105,
5583,2019-05-27T11:42:30Z,45.52431667,6.07881667,1717.00,2544.573029408939,1703.534670433722,1578,3,48.116,
5584,2019-05-27T11:42:31Z,45.52420000,6.07876667,1720.00,2545.573029408939,1704.534670433722,1579,3,48.127,
5585,2019-05-27T11:42:32Z,45.52406667,6.07876667,1723.00,2546.573029408939,1705.534670433722,1580,3,48.136,
5586,2019-05-27T11:42:33Z,45.52395000,6.07881667,1726.00,2547.573029408939,1706.534670433722,1581,3,48.141,
5587,2019-05-27T11:42:34Z,45.52381667,6.07890000,1729.00,2548.573029408939,1707.534670433722,1582,3,48.146,
5588,2019-05-27T11:42:35Z,45.52371667,6.07896667,1733.00,2549.573029408939,1708.534670433722,1583,3,48.149,
5589,2019-05-27T11:42:36Z,45.52361667,6.07910000,1736.00,2550.573029408939,1709.534670433722,1584,3,48.148,
5590,2019-05-27T11:42:37Z,45.52351667,6.07921667,1741.00,2551.573029408939,1710.534670433722,1585,3,48.148,
5591,2019-05-27T11:42:38Z,45.52346667,6.07936667,1745.00,2552.573029408939,1711.534670433722,1586,3,48.142,
5592,2019-05-27T11:42:39Z,45.52345000,6.07950000,1748.00,2553.573029408939,1712.534670433722,1587,3,48.136,
5593,2019-05-27T11:42:40Z,45.52345000,6.07961667,1750.00,2554.573029408939,1713.534670433722,1588,3,48.129,
5594,2019-05-27T11:42:41Z,45.52346667,6.07975000,1752.00,2555.573029408939,1714.534670433722,1589,3,48.119,
5595,2019-05-27T11:42:42Z,45.52351667,6.07981667,1754.00,2556.573029408939,1715.534670433722,1590,3,48.112,
5596,2019-05-27T11:42:43Z,45.52356667,6.07981667,1758.00,2557.573029408939,1716.534670433722,1591,3,48.108,
5597,2019-05-27T11:42:44Z,45.52361667,6.07976667,1762.00,2558.573029408939,1717.534670433722,1592,3,48.108,
5598,2019-05-27T11:42:45Z,45.52361667,6.07966667,1764.00,2559.573029408939,1718.534670433722,1593,3,48.114,
5599,2019-05-27T11:42:46Z,45.52356667,6.07960000,1767.00,2560.573029408939,1719.534670433722,1594,3,48.121,
5600,2019-05-27T11:42:47Z,45.52350000,6.07951667,1770.00,2561.573029408939,1720.534670433722,1595,3,48.131,
5601,2019-05-27T11:42:48Z,45.52340000,6.07946667,1773.00,2562.573029408939,1721.534670433722,1596,3,48.141,
5602,2019-05-27T11:42:49Z,45.52326667,6.07941667,1775.00,2563.573029408939,1722.534670433722,1597,3,48.154,
5603,2019-05-27T11:42:50Z,45.52316667,6.07945000,1778.00,2564.573029408939,1723.534670433722,1598,3,48.159,
5604,2019-05-27T11:42:51Z,45.52301667,6.07950000,1781.00,2565.573029408939,1724.534670433722,1599,3,48.166,
5605,2019-05-27T11:42:52Z,45.52291667,6.07956667,1783.00,2566.573029408939,1725.534670433722,1600,3,48.17,
5606,2019-05-27T11:42:53Z,45.52281667,6.07966667,1785.00,2567.573029408939,1726.534670433722,1601,3,48.171,
5607,2019-05-27T11:42:54Z,45.52271667,6.07981667,1786.00,2568.573029408939,1727.534670433722,1602,3,48.169,
5608,2019-05-27T11:42:55Z,45.52261667,6.07996667,1787.00,2569.573029408939,1728.534670433722,1603,3,48.167,
5609,2019-05-27T11:42:56Z,45.52256667,6.08011667,1789.00,2570.573029408939,1729.534670433722,1604,3,48.162,
5610,2019-05-27T11:42:57Z,45.52255000,6.08030000,1791.00,2571.573029408939,1730.534670433722,1605,3,48.152,
5611,2019-05-27T11:42:58Z,45.52251667,6.08045000,1793.00,2572.573029408939,1731.534670433722,1606,3,48.145,
5612,2019-05-27T11:42:59Z,45.52255000,6.08056667,1794.00,2573.573029408939,1732.534670433722,1607,3,48.136,
5613,2019-05-27T11:43:00Z,45.52256667,6.08066667,1796.00,2574.573029408939,1733.534670433722,1608,3,48.129,
5614,2019-05-27T11:43:01Z,45.52261667,6.08070000,1797.00,2575.573029408939,1734.534670433722,1609,3,48.123,
5615,2019-05-27T11:43:02Z,45.52265000,6.08070000,1799.00,2576.573029408939,1735.534670433722,1610,3,48.121,
5616,2019-05-27T11:43:03Z,45.52266667,6.08066667,1799.00,2577.573029408939,1736.534670433722,1611,3,48.122,
5617,2019-05-27T11:43:04Z,45.52271667,6.08061667,1800.00,2578.573029408939,1737.534670433722,1612,3,48.121,
5618,2019-05-27T11:43:05Z,45.52275000,6.08056667,1803.00,2579.573029408939,1738.534670433722,1613,3,48.122,
5619,2019-05-27T11:43:06Z,45.52276667,6.08050000,1806.00,2580.573029408939,1739.534670433722,1614,3,48.124,
5620,2019-05-27T11:43:07Z,45.52275000,6.08041667,1808.00,2581.573029408939,1740.534670433722,1615,3,48.131,
5621,2019-05-27T11:43:08Z,45.52270000,6.08036667,1811.00,2582.573029408939,1741.534670433722,1616,3,48.137,
5622,2019-05-27T11:43:09Z,45.52266667,6.08026667,1812.00,2583.573029408939,1742.534670433722,1617,3,48.145,
5623,2019-05-27T11:43:10Z,45.52261667,6.08016667,1813.00,2584.573029408939,1743.534670433722,1618,3,48.155,
5624,2019-05-27T11:43:11Z,45.52256667,6.08006667,1815.00,2585.573029408939,1744.534670433722,1619,3,48.165,
5625,2019-05-27T11:43:12Z,45.52251667,6.07995000,1816.00,2586.573029408939,1745.534670433722,1620,3,48.175,
5626,2019-05-27T11:43:13Z,45.52246667,6.07981667,1819.00,2587.573029408939,1746.534670433722,1621,3,48.187,
5627,2019-05-27T11:43:14Z,45.52241667,6.07971667,1821.00,2588.573029408939,1747.534670433722,1622,3,48.196,
5628,2019-05-27T11:43:15Z,45.52235000,6.07961667,1825.00,2589.573029408939,1748.534670433722,1623,3,48.207,
5629,2019-05-27T11:43:16Z,45.52226667,6.07951667,1828.00,2590.573029408939,1749.534670433722,1624,3,48.219,
5630,2019-05-27T11:43:17Z,45.52221667,6.07946667,1831.00,2591.573029408939,1750.534670433722,1625,3,48.225,
5631,2019-05-27T11:43:18Z,45.52211667,6.07940000,1833.00,2592.573029408939,1751.534670433722,1626,3,48.237,
5632,2019-05-27T11:43:19Z,45.52205000,6.07931667,1835.00,2593.573029408939,1752.534670433722,1627,3,48.246,
5633,2019-05-27T11:43:20Z,45.52196667,6.07921667,1835.00,2594.573029408939,1753.534670433722,1628,3,48.258,
5634,2019-05-27T11:43:21Z,45.52185000,6.07911667,1836.00,2595.573029408939,1754.534670433722,1629,3,48.272,
5635,2019-05-27T11:43:22Z,45.52171667,6.07906667,1837.00,2596.573029408939,1755.534670433722,1630,3,48.285,
5636,2019-05-27T11:43:23Z,45.52161667,6.07900000,1839.00,2597.573029408939,1756.534670433722,1631,3,48.296,
5637,2019-05-27T11:43:24Z,45.52151667,6.07891667,1840.00,2598.573029408939,1757.534670433722,1632,3,48.308,
5638,2019-05-27T11:43:25Z,45.52141667,6.07885000,1840.00,2599.573029408939,1758.534670433722,1633,3,48.319,
5639,2019-05-27T11:43:26Z,45.52131667,6.07876667,1837.00,2600.573029408939,1759.534670433722,1634,3,48.332,
5640,2019-05-27T11:43:27Z,45.52116667,6.07866667,1834.00,2601.573029408939,1760.534670433722,1635,3,48.348,
5641,2019-05-27T11:43:28Z,45.52101667,6.07861667,1831.00,2602.573029408939,1761.534670433722,1636,3,48.362,
5642,2019-05-27T11:43:29Z,45.52086667,6.07856667,1830.00,2603.573029408939,1762.534670433722,1637,3,48.376,
5643,2019-05-27T11:43:30Z,45.52071667,6.07856667,1829.00,2604.573029408939,1763.534670433722,1638,3,48.386,
5644,2019-05-27T11:43:31Z,45.52056667,6.07855000,1828.00,2605.573029408939,1764.534670433722,1639,3,48.398,
5645,2019-05-27T11:43:32Z,45.52045000,6.07851667,1828.00,2606.573029408939,1765.534670433722,1640,3,48.409,
5646,2019-05-27T11:43:33Z,45.52030000,6.07851667,1826.00,2607.573029408939,1766.534670433722,1641,3,48.419,
5647,2019-05-27T11:43:34Z,45.52011667,6.07850000,1824.00,2608.573029408939,1767.534670433722,1642,3,48.434,
5648,2019-05-27T11:43:35Z,45.51996667,6.07845000,1820.00,2609.573029408939,1768.534670433722,1643,3,48.447,
5649,2019-05-27T11:43:36Z,45.51981667,6.07840000,1819.00,2610.573029408939,1769.534670433722,1644,3,48.461,
5650,2019-05-27T11:43:37Z,45.51966667,6.07835000,1818.00,2611.573029408939,1770.534670433722,1645,3,48.475,
5651,2019-05-27T11:43:38Z,45.51951667,6.07830000,1819.00,2612.573029408939,1771.534670433722,1646,3,48.489,
5652,2019-05-27T11:43:39Z,45.51936667,6.07826667,1820.00,2613.573029408939,1772.534670433722,1647,3,48.502,
5653,2019-05-27T11:43:40Z,45.51921667,6.07825000,1820.00,2614.573029408939,1773.534670433722,1648,3,48.513,
5654,2019-05-27T11:43:41Z,45.51906667,6.07825000,1819.00,2615.573029408939,1774.534670433722,1649,3,48.524,
5655,2019-05-27T11:43:42Z,45.51891667,6.07826667,1818.00,2616.573029408939,1775.534670433722,1650,3,48.534,
5656,2019-05-27T11:43:43Z,45.51876667,6.07825000,1815.00,2617.573029408939,1776.534670433722,1651,3,48.546,
5657,2019-05-27T11:43:44Z,45.51860000,6.07821667,1812.00,2618.573029408939,1777.534670433722,1652,3,48.56,
5658,2019-05-27T11:43:45Z,45.51840000,6.07821667,1807.00,2619.573029408939,1778.534670433722,1653,3,48.575,
5659,2019-05-27T11:43:46Z,45.51820000,6.07820000,1803.00,2620.573029408939,1779.534670433722,1654,3,48.59,
5660,2019-05-27T11:43:47Z,45.51800000,6.07816667,1799.00,2621.573029408939,1780.534670433722,1655,3,48.607,
5661,2019-05-27T11:43:48Z,45.51781667,6.07816667,1797.00,2622.573029408939,1781.534670433722,1656,3,48.62,
5662,2019-05-27T11:43:49Z,45.51765000,6.07815000,1797.00,2623.573029408939,1782.534670433722,1657,3,48.633,
5663,2019-05-27T11:43:50Z,45.51746667,6.07811667,1796.00,2624.573029408939,1783.534670433722,1658,3,48.649,
5664,2019-05-27T11:43:51Z,45.51730000,6.07806667,1794.00,2625.573029408939,1784.534670433722,1659,3,48.664,
5665,2019-05-27T11:43:52Z,45.51711667,6.07806667,1791.00,2626.573029408939,1785.534670433722,1660,3,48.677,
5666,2019-05-27T11:43:53Z,45.51691667,6.07806667,1787.00,2627.573029408939,1786.534670433722,1661,3,48.692,
5667,2019-05-27T11:43:54Z,45.51671667,6.07810000,1782.00,2628.573029408939,1787.534670433722,1662,3,48.705,
5668,2019-05-27T11:43:55Z,45.51651667,6.07811667,1778.00,2629.573029408939,1788.534670433722,1663,3,48.718,
5669,2019-05-27T11:43:56Z,45.51631667,6.07811667,1776.00,2630.573029408939,1789.534670433722,1664,3,48.733,
5670,2019-05-27T11:43:57Z,45.51615000,6.07810000,1774.00,2631.573029408939,1790.534670433722,1665,3,48.746,
5671,2019-05-27T11:43:58Z,45.51596667,6.07810000,1773.00,2632.573029408939,1791.534670433722,1666,3,48.76,
5672,2019-05-27T11:43:59Z,45.51576667,6.07811667,1772.00,2633.573029408939,1792.534670433722,1667,3,48.774,
5673,2019-05-27T11:44:00Z,45.51556667,6.07811667,1768.00,2634.573029408939,1793.534670433722,1668,3,48.788,
5674,2019-05-27T11:44:01Z,45.51540000,6.07816667,1764.00,2635.573029408939,1794.534670433722,1669,3,48.798,
5675,2019-05-27T11:44:02Z,45.51520000,6.07825000,1760.00,2636.573029408939,1795.534670433722,1670,3,48.808,
5676,2019-05-27T11:44:03Z,45.51501667,6.07831667,1758.00,2637.573029408939,1796.534670433722,1671,3,48.817,
5677,2019-05-27T11:44:04Z,45.51481667,6.07835000,1756.00,2638.573029408939,1797.534670433722,1672,3,48.83,
5678,2019-05-27T11:44:05Z,45.51461667,6.07836667,1755.00,2639.573029408939,1798.534670433722,1673,3,48.844,
5679,2019-05-27T11:44:06Z,45.51445000,6.07840000,1754.00,2640.573029408939,1799.534670433722,1674,3,48.855,
5680,2019-05-27T11:44:07Z,45.51426667,6.07845000,1753.00,2641.573029408939,1800.534670433722,1675,3,48.866,
5681,2019-05-27T11:44:08Z,45.51406667,6.07846667,1751.00,2642.573029408939,1801.534670433722,1676,3,48.879,
5682,2019-05-27T11:44:09Z,45.51390000,6.07851667,1747.00,2643.573029408939,1802.534670433722,1677,3,48.889,
5683,2019-05-27T11:44:10Z,45.51371667,6.07856667,1744.00,2644.573029408939,1803.534670433722,1678,3,48.9,
5684,2019-05-27T11:44:11Z,45.51351667,6.07861667,1742.00,2645.573029408939,1804.534670433722,1679,3,48.912,
5685,2019-05-27T11:44:12Z,45.51331667,6.07861667,1741.00,2646.573029408939,1805.534670433722,1680,3,48.927,
5686,2019-05-27T11:44:13Z,45.51315000,6.07865000,1740.00,2647.573029408939,1806.534670433722,1681,3,48.937,
5687,2019-05-27T11:44:14Z,45.51296667,6.07866667,1739.00,2648.573029408939,1807.534670433722,1682,3,48.949,
5688,2019-05-27T11:44:15Z,45.51280000,6.07871667,1737.00,2649.573029408939,1808.534670433722,1683,3,48.958,
5689,2019-05-27T11:44:16Z,45.51261667,6.07876667,1734.00,2650.573029408939,1809.534670433722,1684,3,48.969,
5690,2019-05-27T11:44:17Z,45.51245000,6.07881667,1730.00,2651.573029408939,1810.534670433722,1685,3,48.978,
5691,2019-05-27T11:44:18Z,45.51225000,6.07886667,1726.00,2652.573029408939,1811.534670433722,1686,3,48.989,
5692,2019-05-27T11:44:19Z,45.51206667,6.07891667,1722.00,2653.573029408939,1812.534670433722,1687,3,49.0,
5693,2019-05-27T11:44:20Z,45.51186667,6.07896667,1721.00,2654.573029408939,1813.534670433722,1688,3,49.011,
5694,2019-05-27T11:44:21Z,45.51171667,6.07900000,1721.00,2655.573029408939,1814.534670433722,1689,3,49.021,
5695,2019-05-27T11:44:22Z,45.51156667,6.07901667,1721.00,2656.573029408939,1815.534670433722,1690,3,49.031,
5696,2019-05-27T11:44:23Z,45.51140000,6.07906667,1721.00,2657.573029408939,1816.534670433722,1691,3,49.04,
5697,2019-05-27T11:44:24Z,45.51125000,6.07911667,1720.00,2658.573029408939,1817.534670433722,1692,3,49.048,
5698,2019-05-27T11:44:25Z,45.51110000,6.07915000,1720.00,2659.573029408939,1818.534670433722,1693,3,49.057,
5699,2019-05-27T11:44:26Z,45.51096667,6.07916667,1721.00,2660.573029408939,1819.534670433722,1694,3,49.066,
5700,2019-05-27T11:44:27Z,45.51081667,6.07916667,1722.00,2661.573029408939,1820.534670433722,1695,3,49.077,
5701,2019-05-27T11:44:28Z,45.51066667,6.07921667,1723.00,2662.573029408939,1821.534670433722,1696,3,49.085,
5702,2019-05-27T11:44:29Z,45.51055000,6.07921667,1724.00,2663.573029408939,1822.534670433722,1697,3,49.094,
5703,2019-05-27T11:44:30Z,45.51040000,6.07926667,1723.00,2664.573029408939,1823.534670433722,1698,3,49.102,
5704,2019-05-27T11:44:31Z,45.51025000,6.07930000,1724.00,2665.573029408939,1824.534670433722,1699,3,49.111,
5705,2019-05-27T11:44:32Z,45.51011667,6.07935000,1726.00,2666.573029408939,1825.534670433722,1700,3,49.118,
5706,2019-05-27T11:44:33Z,45.50996667,6.07940000,1728.00,2667.573029408939,1826.534670433722,1701,3,49.126,
5707,2019-05-27T11:44:34Z,45.50981667,6.07945000,1730.00,2668.573029408939,1827.534670433722,1702,3,49.134,
5708,2019-05-27T11:44:35Z,45.50970000,6.07946667,1733.00,2669.573029408939,1828.534670433722,1703,3,49.142,
5709,2019-05-27T11:44:36Z,45.50955000,6.07951667,1734.00,2670.573029408939,1829.534670433722,1704,3,49.15,
5710,2019-05-27T11:44:37Z,45.50941667,6.07956667,1736.00,2671.573029408939,1830.534670433722,1705,3,49.157,
5711,2019-05-27T11:44:38Z,45.50926667,6.07961667,1738.00,2672.573029408939,1831.534670433722,1706,3,49.165,
5712,2019-05-27T11:44:39Z,45.50916667,6.07966667,1739.00,2673.573029408939,1832.534670433722,1707,3,49.17,
5713,2019-05-27T11:44:40Z,45.50901667,6.07971667,1740.00,2674.573029408939,1833.534670433722,1708,3,49.178,
5714,2019-05-27T11:44:41Z,45.50891667,6.07976667,1741.00,2675.573029408939,1834.534670433722,1709,3,49.183,
5715,2019-05-27T11:44:42Z,45.50876667,6.07981667,1741.00,2676.573029408939,1835.534670433722,1710,3,49.191,
5716,2019-05-27T11:44:43Z,45.50861667,6.07981667,1741.00,2677.573029408939,1836.534670433722,1711,3,49.202,
5717,2019-05-27T11:44:44Z,45.50851667,6.07986667,1741.00,2678.573029408939,1837.534670433722,1712,3,49.207,
5718,2019-05-27T11:44:45Z,45.50836667,6.07986667,1741.00,2679.573029408939,1838.534670433722,1713,3,49.218,
5719,2019-05-27T11:44:46Z,45.50821667,6.07991667,1740.00,2680.573029408939,1839.534670433722,1714,3,49.226,
5720,2019-05-27T11:44:47Z,45.50806667,6.07995000,1738.00,2681.573029408939,1840.534670433722,1715,3,49.235,
5721,2019-05-27T11:44:48Z,45.50791667,6.08000000,1736.00,2682.573029408939,1841.534670433722,1716,3,49.244,
5722,2019-05-27T11:44:49Z,45.50776667,6.08001667,1736.00,2683.573029408939,1842.534670433722,1717,3,49.254,
5723,2019-05-27T11:44:50Z,45.50761667,6.08005000,1737.00,2684.573029408939,1843.534670433722,1718,3,49.263,
5724,2019-05-27T11:44:51Z,45.50750000,6.08006667,1740.00,2685.573029408939,1844.534670433722,1719,3,49.271,
5725,2019-05-27T11:44:52Z,45.50736667,6.08006667,1740.00,2686.573029408939,1845.534670433722,1720,3,49.281,
5726,2019-05-27T11:44:53Z,45.50726667,6.08006667,1740.00,2687.573029408939,1846.534670433722,1721,3,49.289,
5727,2019-05-27T11:44:54Z,45.50711667,6.08010000,1738.00,2688.573029408939,1847.534670433722,1722,3,49.298,
5728,2019-05-27T11:44:55Z,45.50696667,6.08015000,1733.00,2689.573029408939,1848.534670433722,1723,3,49.307,
5729,2019-05-27T11:44:56Z,45.50681667,6.08016667,1730.00,2690.573029408939,1849.534670433722,1724,3,49.317,
5730,2019-05-27T11:44:57Z,45.50666667,6.08021667,1729.00,2691.573029408939,1850.534670433722,1725,3,49.325,
5731,2019-05-27T11:44:58Z,45.50651667,6.08025000,1729.00,2692.573029408939,1851.534670433722,1726,3,49.335,
5732,2019-05-27T11:44:59Z,45.50640000,6.08026667,1728.00,2693.573029408939,1852.534670433722,1727,3,49.343,
5733,2019-05-27T11:45:00Z,45.50625000,6.08026667,1727.00,2694.573029408939,1853.534670433722,1728,3,49.354,
5734,2019-05-27T11:45:01Z,45.50611667,6.08026667,1727.00,2695.573029408939,1854.534670433722,1729,3,49.364,
5735,2019-05-27T11:45:02Z,45.50596667,6.08030000,1727.00,2696.573029408939,1855.534670433722,1730,3,49.374,
5736,2019-05-27T11:45:03Z,45.50585000,6.08031667,1728.00,2697.573029408939,1856.534670433722,1731,3,49.381,
5737,2019-05-27T11:45:04Z,45.50571667,6.08031667,1728.00,2698.573029408939,1857.534670433722,1732,3,49.392,
5738,2019-05-27T11:45:05Z,45.50560000,6.08036667,1729.00,2699.573029408939,1858.534670433722,1733,3,49.398,
5739,2019-05-27T11:45:06Z,45.50546667,6.08036667,1728.00,2700.573029408939,1859.534670433722,1734,3,49.408,
5740,2019-05-27T11:45:07Z,45.50535000,6.08040000,1727.00,2701.573029408939,1860.534670433722,1735,3,49.415,
5741,2019-05-27T11:45:08Z,45.50521667,6.08041667,1724.00,2702.573029408939,1861.534670433722,1736,3,49.424,
5742,2019-05-27T11:45:09Z,45.50506667,6.08045000,1721.00,2703.573029408939,1862.534670433722,1737,3,49.433,
5743,2019-05-27T11:45:10Z,45.50491667,6.08046667,1719.00,2704.573029408939,1863.534670433722,1738,3,49.444,
5744,2019-05-27T11:45:11Z,45.50476667,6.08051667,1717.00,2705.573029408939,1864.534670433722,1739,3,49.452,
5745,2019-05-27T11:45:12Z,45.50460000,6.08056667,1715.00,2706.573029408939,1865.534670433722,1740,3,49.462,
5746,2019-05-27T11:45:13Z,45.50441667,6.08061667,1713.00,2707.573029408939,1866.534670433722,1741,3,49.474,
5747,2019-05-27T11:45:14Z,45.50426667,6.08065000,1713.00,2708.573029408939,1867.534670433722,1742,3,49.483,
5748,2019-05-27T11:45:15Z,45.50411667,6.08070000,1714.00,2709.573029408939,1868.534670433722,1743,3,49.492,
5749,2019-05-27T11:45:16Z,45.50396667,6.08071667,1715.00,2710.573029408939,1869.534670433722,1744,3,49.502,
5750,2019-05-27T11:45:17Z,45.50381667,6.08076667,1716.00,2711.573029408939,1870.534670433722,1745,3,49.511,
5751,2019-05-27T11:45:18Z,45.50366667,6.08080000,1717.00,2712.573029408939,1871.534670433722,1746,3,49.521,
5752,2019-05-27T11:45:19Z,45.50356667,6.08081667,1718.00,2713.573029408939,1872.534670433722,1747,3,49.527,
5753,2019-05-27T11:45:20Z,45.50341667,6.08085000,1719.00,2714.573029408939,1873.534670433722,1748,3,49.537,
5754,2019-05-27T11:45:21Z,45.50326667,6.08086667,1720.00,2715.573029408939,1874.534670433722,1749,3,49.548,
5755,2019-05-27T11:45:22Z,45.50315000,6.08086667,1719.00,2716.573029408939,1875.534670433722,1750,3,49.557,
5756,2019-05-27T11:45:23Z,45.50300000,6.08086667,1718.00,2717.573029408939,1876.534670433722,1751,3,49.568,
5757,2019-05-27T11:45:24Z,45.50285000,6.08086667,1719.00,2718.573029408939,1877.534670433722,1752,3,49.58,
5758,2019-05-27T11:45:25Z,45.50271667,6.08086667,1720.00,2719.573029408939,1878.534670433722,1753,3,49.59,
5759,2019-05-27T11:45:26Z,45.50256667,6.08090000,1722.00,2720.573029408939,1879.534670433722,1754,3,49.6,
5760,2019-05-27T11:45:27Z,45.50245000,6.08090000,1723.00,2721.573029408939,1880.534670433722,1755,3,49.609,
5761,2019-05-27T11:45:28Z,45.50231667,6.08091667,1724.00,2722.573029408939,1881.534670433722,1756,3,49.618,
5762,2019-05-27T11:45:29Z,45.50216667,6.08091667,1723.00,2723.573029408939,1882.534670433722,1757,3,49.63,
5763,2019-05-27T11:45:30Z,45.50201667,6.08091667,1723.00,2724.573029408939,1883.534670433722,1758,3,49.641,
5764,2019-05-27T11:45:31Z,45.50186667,6.08095000,1723.00,2725.573029408939,1884.534670433722,1759,3,49.651,
5765,2019-05-27T11:45:32Z,45.50171667,6.08096667,1724.00,2726.573029408939,1885.534670433722,1760,3,49.662,
5766,2019-05-27T11:45:33Z,45.50161667,6.08101667,1726.00,2727.573029408939,1886.534670433722,1761,3,49.667,
5767,2019-05-27T11:45:34Z,45.50146667,6.08105000,1726.00,2728.573029408939,1887.534670433722,1762,3,49.676,
5768,2019-05-27T11:45:35Z,45.50135000,6.08106667,1726.00,2729.573029408939,1888.534670433722,1763,3,49.685,
5769,2019-05-27T11:45:36Z,45.50121667,6.08106667,1725.00,2730.573029408939,1889.534670433722,1764,3,49.695,
5770,2019-05-27T11:45:37Z,45.50105000,6.08110000,1722.00,2731.573029408939,1890.534670433722,1765,3,49.706,
5771,2019-05-27T11:45:38Z,45.50086667,6.08115000,1718.00,2732.573029408939,1891.534670433722,1766,3,49.717,
5772,2019-05-27T11:45:39Z,45.50070000,6.08116667,1715.00,2733.573029408939,1892.534670433722,1767,3,49.73,
5773,2019-05-27T11:45:40Z,45.50051667,6.08121667,1713.00,2734.573029408939,1893.534670433722,1768,3,49.741,
5774,2019-05-27T11:45:41Z,45.50035000,6.08125000,1713.00,2735.573029408939,1894.534670433722,1769,3,49.752,
5775,2019-05-27T11:45:42Z,45.50016667,6.08125000,1713.00,2736.573029408939,1895.534670433722,1770,3,49.766,
5776,2019-05-27T11:45:43Z,45.50001667,6.08126667,1713.00,2737.573029408939,1896.534670433722,1771,3,49.777,
5777,2019-05-27T11:45:44Z,45.49985000,6.08126667,1711.00,2738.573029408939,1897.534670433722,1772,3,49.79,
5778,2019-05-27T11:45:45Z,45.49966667,6.08130000,1708.00,2739.573029408939,1898.534670433722,1773,3,49.803,
5779,2019-05-27T11:45:46Z,45.49946667,6.08131667,1704.00,2740.573029408939,1899.534670433722,1774,3,49.818,
5780,2019-05-27T11:45:47Z,45.49926667,6.08131667,1700.00,2741.573029408939,1900.534670433722,1775,3,49.833,
5781,2019-05-27T11:45:48Z,45.49910000,6.08135000,1697.00,2742.573029408939,1901.534670433722,1776,3,49.845,
5782,2019-05-27T11:45:49Z,45.49891667,6.08136667,1697.00,2743.573029408939,1902.534670433722,1777,3,49.858,
5783,2019-05-27T11:45:50Z,45.49871667,6.08136667,1696.00,2744.573029408939,1903.534670433722,1778,3,49.874,
5784,2019-05-27T11:45:51Z,45.49856667,6.08141667,1695.00,2745.573029408939,1904.534670433722,1779,3,49.883,
5785,2019-05-27T11:45:52Z,45.49836667,6.08145000,1693.00,2746.573029408939,1905.534670433722,1780,3,49.897,
5786,2019-05-27T11:45:53Z,45.49820000,6.08150000,1691.00,2747.573029408939,1906.534670433722,1781,3,49.907,
5787,2019-05-27T11:45:54Z,45.49800000,6.08155000,1687.00,2748.573029408939,1907.534670433722,1782,3,49.92,
5788,2019-05-27T11:45:55Z,45.49781667,6.08161667,1685.00,2749.573029408939,1908.534670433722,1783,3,49.931,
5789,2019-05-27T11:45:56Z,45.49761667,6.08166667,1684.00,2750.573029408939,1909.534670433722,1784,3,49.944,
5790,2019-05-27T11:45:57Z,45.49745000,6.08175000,1684.00,2751.573029408939,1910.534670433722,1785,3,49.953,
5791,2019-05-27T11:45:58Z,45.49730000,6.08181667,1685.00,2752.573029408939,1911.534670433722,1786,3,49.961,
5792,2019-05-27T11:45:59Z,45.49715000,6.08186667,1686.00,2753.573029408939,1912.534670433722,1787,3,49.97,
5793,2019-05-27T11:46:00Z,45.49701667,6.08191667,1687.00,2754.573029408939,1913.534670433722,1788,3,49.978,
5794,2019-05-27T11:46:01Z,45.49686667,6.08195000,1687.00,2755.573029408939,1914.534670433722,1789,3,49.988,
5795,2019-05-27T11:46:02Z,45.49671667,6.08196667,1686.00,2756.573029408939,1915.534670433722,1790,3,49.999,
5796,2019-05-27T11:46:03Z,45.49656667,6.08200000,1685.00,2757.573029408939,1916.534670433722,1791,3,50.009,
5797,2019-05-27T11:46:04Z,45.49640000,6.08201667,1683.00,2758.573029408939,1917.534670433722,1792,3,50.021,
5798,2019-05-27T11:46:05Z,45.49621667,6.08201667,1682.00,2759.573029408939,1918.534670433722,1793,3,50.036,
5799,2019-05-27T11:46:06Z,45.49610000,6.08201667,1683.00,2760.573029408939,1919.534670433722,1794,3,50.045,
5800,2019-05-27T11:46:07Z,45.49596667,6.08201667,1685.00,2761.573029408939,1920.534670433722,1795,3,50.056,
5801,2019-05-27T11:46:08Z,45.49581667,6.08201667,1686.00,2762.573029408939,1921.534670433722,1796,3,50.068,
5802,2019-05-27T11:46:09Z,45.49570000,6.08205000,1686.00,2763.573029408939,1922.534670433722,1797,3,50.075,
5803,2019-05-27T11:46:10Z,45.49555000,6.08206667,1685.00,2764.573029408939,1923.534670433722,1798,3,50.086,
5804,2019-05-27T11:46:11Z,45.49540000,6.08210000,1683.00,2765.573029408939,1924.534670433722,1799,3,50.097,
5805,2019-05-27T11:46:12Z,45.49525000,6.08210000,1682.00,2766.573029408939,1925.534670433722,1800,3,50.109,
5806,2019-05-27T11:46:13Z,45.49510000,6.08210000,1683.00,2767.573029408939,1926.534670433722,1801,3,50.121,
5807,2019-05-27T11:46:14Z,45.49496667,6.08211667,1686.00,2768.573029408939,1927.534670433722,1802,3,50.13,
5808,2019-05-27T11:46:15Z,45.49486667,6.08211667,1688.00,2769.573029408939,1928.534670433722,1803,3,50.138,
5809,2019-05-27T11:46:16Z,45.49476667,6.08211667,1689.00,2770.573029408939,1929.534670433722,1804,3,50.146,
5810,2019-05-27T11:46:17Z,45.49465000,6.08215000,1686.00,2771.573029408939,1930.534670433722,1805,3,50.154,
5811,2019-05-27T11:46:18Z,45.49451667,6.08216667,1682.00,2772.573029408939,1931.534670433722,1806,3,50.164,
5812,2019-05-27T11:46:19Z,45.49435000,6.08216667,1678.00,2773.573029408939,1932.534670433722,1807,3,50.177,
5813,2019-05-27T11:46:20Z,45.49421667,6.08216667,1677.00,2774.573029408939,1933.534670433722,1808,3,50.188,
5814,2019-05-27T11:46:21Z,45.49410000,6.08216667,1679.00,2775.573029408939,1934.534670433722,1809,3,50.197,
5815,2019-05-27T11:46:22Z,45.49400000,6.08216667,1681.00,2776.573029408939,1935.534670433722,1810,3,50.205,
5816,2019-05-27T11:46:23Z,45.49390000,6.08216667,1680.00,2777.573029408939,1936.534670433722,1811,3,50.213,
5817,2019-05-27T11:46:24Z,45.49376667,6.08221667,1677.00,2778.573029408939,1937.534670433722,1812,3,50.221,
5818,2019-05-27T11:46:25Z,45.49361667,6.08226667,1673.00,2779.573029408939,1938.534670433722,1813,3,50.231,
5819,2019-05-27T11:46:26Z,45.49346667,6.08226667,1669.00,2780.573029408939,1939.534670433722,1814,3,50.243,
5820,2019-05-27T11:46:27Z,45.49331667,6.08230000,1668.00,2781.573029408939,1940.534670433722,1815,3,50.253,
5821,2019-05-27T11:46:28Z,45.49321667,6.08230000,1670.00,2782.573029408939,1941.534670433722,1816,3,50.261,
5822,2019-05-27T11:46:29Z,45.49311667,6.08230000,1672.00,2783.573029408939,1942.534670433722,1817,3,50.269,
5823,2019-05-27T11:46:30Z,45.49300000,6.08231667,1673.00,2784.573029408939,1943.534670433722,1818,3,50.278,
5824,2019-05-27T11:46:31Z,45.49286667,6.08231667,1672.00,2785.573029408939,1944.534670433722,1819,3,50.289,
5825,2019-05-27T11:46:32Z,45.49276667,6.08231667,1670.00,2786.573029408939,1945.534670433722,1820,3,50.297,
5826,2019-05-27T11:46:33Z,45.49261667,6.08235000,1668.00,2787.573029408939,1946.534670433722,1821,3,50.307,
5827,2019-05-27T11:46:34Z,45.49246667,6.08231667,1666.00,2788.573029408939,1947.534670433722,1822,3,50.321,
5828,2019-05-27T11:46:35Z,45.49231667,6.08231667,1666.00,2789.573029408939,1948.534670433722,1823,3,50.333,
5829,2019-05-27T11:46:36Z,45.49220000,6.08231667,1667.00,2790.573029408939,1949.534670433722,1824,3,50.343,
5830,2019-05-27T11:46:37Z,45.49206667,6.08231667,1668.00,2791.573029408939,1950.534670433722,1825,3,50.353,
5831,2019-05-27T11:46:38Z,45.49196667,6.08231667,1669.00,2792.573029408939,1951.534670433722,1826,3,50.361,
5832,2019-05-27T11:46:39Z,45.49181667,6.08231667,1668.00,2793.573029408939,1952.534670433722,1827,3,50.374,
5833,2019-05-27T11:46:40Z,45.49170000,6.08231667,1667.00,2794.573029408939,1953.534670433722,1828,3,50.383,
5834,2019-05-27T11:46:41Z,45.49156667,6.08231667,1664.00,2795.573029408939,1954.534670433722,1829,3,50.394,
5835,2019-05-27T11:46:42Z,45.49140000,6.08230000,1660.00,2796.573029408939,1955.534670433722,1830,3,50.408,
5836,2019-05-27T11:46:43Z,45.49121667,6.08226667,1657.00,2797.573029408939,1956.534670433722,1831,3,50.425,
5837,2019-05-27T11:46:44Z,45.49106667,6.08226667,1654.00,2798.573029408939,1957.534670433722,1832,3,50.437,
5838,2019-05-27T11:46:45Z,45.49090000,6.08225000,1654.00,2799.573029408939,1958.534670433722,1833,3,50.452,
5839,2019-05-27T11:46:46Z,45.49075000,6.08221667,1654.00,2800.573029408939,1959.534670433722,1834,3,50.466,
5840,2019-05-27T11:46:47Z,45.49061667,6.08221667,1654.00,2801.573029408939,1960.534670433722,1835,3,50.476,
5841,2019-05-27T11:46:48Z,45.49046667,6.08220000,1654.00,2802.573029408939,1961.534670433722,1836,3,50.49,
5842,2019-05-27T11:46:49Z,45.49031667,6.08220000,1654.00,2803.573029408939,1962.534670433722,1837,3,50.502,
5843,2019-05-27T11:46:50Z,45.49016667,6.08216667,1652.00,2804.573029408939,1963.534670433722,1838,3,50.516,
5844,2019-05-27T11:46:51Z,45.49001667,6.08216667,1650.00,2805.573029408939,1964.534670433722,1839,3,50.528,
5845,2019-05-27T11:46:52Z,45.48986667,6.08215000,1647.00,2806.573029408939,1965.534670433722,1840,3,50.541,
5846,2019-05-27T11:46:53Z,45.48970000,6.08211667,1645.00,2807.573029408939,1966.534670433722,1841,3,50.557,
5847,2019-05-27T11:46:54Z,45.48951667,6.08211667,1644.00,2808.573029408939,1967.534670433722,1842,3,50.572,
5848,2019-05-27T11:46:55Z,45.48936667,6.08210000,1643.00,2809.573029408939,1968.534670433722,1843,3,50.585,
5849,2019-05-27T11:46:56Z,45.48921667,6.08206667,1643.00,2810.573029408939,1969.534670433722,1844,3,50.599,
5850,2019-05-27T11:46:57Z,45.48906667,6.08201667,1642.00,2811.573029408939,1970.534670433722,1845,3,50.614,
5851,2019-05-27T11:46:58Z,45.48891667,6.08196667,1641.00,2812.573029408939,1971.534670433722,1846,3,50.629,
5852,2019-05-27T11:46:59Z,45.48876667,6.08191667,1639.00,2813.573029408939,1972.534670433722,1847,3,50.644,
5853,2019-05-27T11:47:00Z,45.48861667,6.08186667,1637.00,2814.573029408939,1973.534670433722,1848,3,50.658,
5854,2019-05-27T11:47:01Z,45.48845000,6.08181667,1634.00,2815.573029408939,1974.534670433722,1849,3,50.675,
5855,2019-05-27T11:47:02Z,45.48830000,6.08176667,1631.00,2816.573029408939,1975.534670433722,1850,3,50.69,
5856,2019-05-27T11:47:03Z,45.48811667,6.08171667,1630.00,2817.573029408939,1976.534670433722,1851,3,50.707,
5857,2019-05-27T11:47:04Z,45.48796667,6.08166667,1629.00,2818.573029408939,1977.534670433722,1852,3,50.722,
5858,2019-05-27T11:47:05Z,45.48781667,6.08161667,1629.00,2819.573029408939,1978.534670433722,1853,3,50.737,
5859,2019-05-27T11:47:06Z,45.48765000,6.08155000,1628.00,2820.573029408939,1979.534670433722,1854,3,50.755,
5860,2019-05-27T11:47:07Z,45.48746667,6.08150000,1626.00,2821.573029408939,1980.534670433722,1855,3,50.772,
5861,2019-05-27T11:47:08Z,45.48731667,6.08145000,1625.00,2822.573029408939,1981.534670433722,1856,3,50.787,
5862,2019-05-27T11:47:09Z,45.48715000,6.08141667,1624.00,2823.573029408939,1982.534670433722,1857,3,50.803,
5863,2019-05-27T11:47:10Z,45.48696667,6.08141667,1625.00,2824.573029408939,1983.534670433722,1858,3,50.818,
5864,2019-05-27T11:47:11Z,45.48681667,6.08140000,1626.00,2825.573029408939,1984.534670433722,1859,3,50.831,
5865,2019-05-27T11:47:12Z,45.48670000,6.08140000,1627.00,2826.573029408939,1985.534670433722,1860,3,50.841,
5866,2019-05-27T11:47:13Z,45.48656667,6.08136667,1628.00,2827.573029408939,1986.534670433722,1861,3,50.853,
5867,2019-05-27T11:47:14Z,45.48641667,6.08136667,1626.00,2828.573029408939,1987.534670433722,1862,3,50.866,
5868,2019-05-27T11:47:15Z,45.48626667,6.08140000,1624.00,2829.573029408939,1988.534670433722,1863,3,50.876,
5869,2019-05-27T11:47:16Z,45.48610000,6.08140000,1620.00,2830.573029408939,1989.534670433722,1864,3,50.89,
5870,2019-05-27T11:47:17Z,45.48591667,6.08136667,1618.00,2831.573029408939,1990.534670433722,1865,3,50.907,
5871,2019-05-27T11:47:18Z,45.48576667,6.08136667,1617.00,2832.573029408939,1991.534670433722,1866,3,50.919,
5872,2019-05-27T11:47:19Z,45.48565000,6.08136667,1618.00,2833.573029408939,1992.534670433722,1867,3,50.929,
5873,2019-05-27T11:47:20Z,45.48550000,6.08135000,1618.00,2834.573029408939,1993.534670433722,1868,3,50.942,
5874,2019-05-27T11:47:21Z,45.48535000,6.08135000,1618.00,2835.573029408939,1994.534670433722,1869,3,50.955,
5875,2019-05-27T11:47:22Z,45.48520000,6.08135000,1616.00,2836.573029408939,1995.534670433722,1870,3,50.967,
5876,2019-05-27T11:47:23Z,45.48505000,6.08135000,1612.00,2837.573029408939,1996.534670433722,1871,3,50.98,
5877,2019-05-27T11:47:24Z,45.48486667,6.08136667,1610.00,2838.573029408939,1997.534670433722,1872,3,50.994,
5878,2019-05-27T11:47:25Z,45.48471667,6.08136667,1607.00,2839.573029408939,1998.534670433722,1873,3,51.007,
5879,2019-05-27T11:47:26Z,45.48455000,6.08136667,1606.00,2840.573029408939,1999.534670433722,1874,3,51.02,
5880,2019-05-27T11:47:27Z,45.48440000,6.08140000,1606.00,2841.573029408939,2000.534670433722,1875,3,51.031,
5881,2019-05-27T11:47:28Z,45.48425000,6.08141667,1605.00,2842.573029408939,2001.534670433722,1876,3,51.043,
5882,2019-05-27T11:47:29Z,45.48410000,6.08141667,1602.00,2843.573029408939,2002.534670433722,1877,3,51.055,
5883,2019-05-27T11:47:30Z,45.48391667,6.08141667,1599.00,2844.573029408939,2003.534670433722,1878,3,51.07,
5884,2019-05-27T11:47:31Z,45.48376667,6.08145000,1595.00,2845.573029408939,2004.534670433722,1879,3,51.081,
5885,2019-05-27T11:47:32Z,45.48356667,6.08146667,1589.00,2846.573029408939,2005.534670433722,1880,3,51.097,
5886,2019-05-27T11:47:33Z,45.48336667,6.08146667,1585.00,2847.573029408939,2006.534670433722,1881,3,51.114,
5887,2019-05-27T11:47:34Z,45.48316667,6.08146667,1583.00,2848.573029408939,2007.534670433722,1882,3,51.13,
5888,2019-05-27T11:47:35Z,45.48301667,6.08146667,1582.00,2849.573029408939,2008.534670433722,1883,3,51.143,
5889,2019-05-27T11:47:36Z,45.48281667,6.08146667,1583.00,2850.573029408939,2009.534670433722,1884,3,51.16,
5890,2019-05-27T11:47:37Z,45.48266667,6.08150000,1583.00,2851.573029408939,2010.534670433722,1885,3,51.171,
5891,2019-05-27T11:47:38Z,45.48251667,6.08150000,1582.00,2852.573029408939,2011.534670433722,1886,3,51.183,
5892,2019-05-27T11:47:39Z,45.48235000,6.08150000,1581.00,2853.573029408939,2012.534670433722,1887,3,51.197,
5893,2019-05-27T11:47:40Z,45.48216667,6.08150000,1577.00,2854.573029408939,2013.534670433722,1888,3,51.212,
5894,2019-05-27T11:47:41Z,45.48196667,6.08151667,1574.00,2855.573029408939,2014.534670433722,1889,3,51.228,
5895,2019-05-27T11:47:42Z,45.48180000,6.08151667,1570.00,2856.573029408939,2015.534670433722,1890,3,51.242,
5896,2019-05-27T11:47:43Z,45.48161667,6.08150000,1568.00,2857.573029408939,2016.534670433722,1891,3,51.258,
5897,2019-05-27T11:47:44Z,45.48145000,6.08146667,1567.00,2858.573029408939,2017.534670433722,1892,3,51.274,
5898,2019-05-27T11:47:45Z,45.48126667,6.08141667,1565.00,2859.573029408939,2018.534670433722,1893,3,51.292,
5899,2019-05-27T11:47:46Z,45.48111667,6.08136667,1564.00,2860.573029408939,2019.534670433722,1894,3,51.307,
5900,2019-05-27T11:47:47Z,45.48095000,6.08135000,1563.00,2861.573029408939,2020.534670433722,1895,3,51.322,
5901,2019-05-27T11:47:48Z,45.48076667,6.08130000,1560.00,2862.573029408939,2021.534670433722,1896,3,51.34,
5902,2019-05-27T11:47:49Z,45.48061667,6.08126667,1558.00,2863.573029408939,2022.534670433722,1897,3,51.354,
5903,2019-05-27T11:47:50Z,45.48041667,6.08125000,1554.00,2864.573029408939,2023.534670433722,1898,3,51.372,
5904,2019-05-27T11:47:51Z,45.48025000,6.08121667,1550.00,2865.573029408939,2024.534670433722,1899,3,51.388,
5905,2019-05-27T11:47:52Z,45.48006667,6.08116667,1548.00,2866.573029408939,2025.534670433722,1900,3,51.406,
5906,2019-05-27T11:47:53Z,45.47990000,6.08116667,1547.00,2867.573029408939,2026.534670433722,1901,3,51.42,
5907,2019-05-27T11:47:54Z,45.47975000,6.08115000,1547.00,2868.573029408939,2027.534670433722,1902,3,51.433,
5908,2019-05-27T11:47:55Z,45.47960000,6.08111667,1545.00,2869.573029408939,2028.534670433722,1903,3,51.448,
5909,2019-05-27T11:47:56Z,45.47941667,6.08111667,1544.00,2870.573029408939,2029.534670433722,1904,3,51.463,
5910,2019-05-27T11:47:57Z,45.47926667,6.08110000,1540.00,2871.573029408939,2030.534670433722,1905,3,51.477,
5911,2019-05-27T11:47:58Z,45.47906667,6.08106667,1536.00,2872.573029408939,2031.534670433722,1906,3,51.495,
5912,2019-05-27T11:47:59Z,45.47891667,6.08101667,1533.00,2873.573029408939,2032.534670433722,1907,3,51.511,
5913,2019-05-27T11:48:00Z,45.47871667,6.08096667,1532.00,2874.573029408939,2033.534670433722,1908,3,51.53,
5914,2019-05-27T11:48:01Z,45.47856667,6.08090000,1531.00,2875.573029408939,2034.534670433722,1909,3,51.546,
5915,2019-05-27T11:48:02Z,45.47841667,6.08081667,1531.00,2876.573029408939,2035.534670433722,1910,3,51.563,
5916,2019-05-27T11:48:03Z,45.47826667,6.08076667,1531.00,2877.573029408939,2036.534670433722,1911,3,51.578,
5917,2019-05-27T11:48:04Z,45.47811667,6.08075000,1529.00,2878.573029408939,2037.534670433722,1912,3,51.592,
5918,2019-05-27T11:48:05Z,45.47796667,6.08071667,1527.00,2879.573029408939,2038.534670433722,1913,3,51.606,
5919,2019-05-27T11:48:06Z,45.47780000,6.08066667,1524.00,2880.573029408939,2039.534670433722,1914,3,51.623,
5920,2019-05-27T11:48:07Z,45.47761667,6.08066667,1521.00,2881.573029408939,2040.534670433722,1915,3,51.638,
5921,2019-05-27T11:48:08Z,45.47745000,6.08061667,1519.00,2882.573029408939,2041.534670433722,1916,3,51.655,
5922,2019-05-27T11:48:09Z,45.47726667,6.08060000,1517.00,2883.573029408939,2042.534670433722,1917,3,51.671,
5923,2019-05-27T11:48:10Z,45.47711667,6.08056667,1515.00,2884.573029408939,2043.534670433722,1918,3,51.686,
5924,2019-05-27T11:48:11Z,45.47695000,6.08055000,1515.00,2885.573029408939,2044.534670433722,1919,3,51.701,
5925,2019-05-27T11:48:12Z,45.47676667,6.08051667,1514.00,2886.573029408939,2045.534670433722,1920,3,51.718,
5926,2019-05-27T11:48:13Z,45.47661667,6.08046667,1513.00,2887.573029408939,2046.534670433722,1921,3,51.733,
5927,2019-05-27T11:48:14Z,45.47646667,6.08041667,1512.00,2888.573029408939,2047.534670433722,1922,3,51.749,
5928,2019-05-27T11:48:15Z,45.47631667,6.08036667,1510.00,2889.573029408939,2048.534670433722,1923,3,51.764,
5929,2019-05-27T11:48:16Z,45.47615000,6.08031667,1508.00,2890.573029408939,2049.534670433722,1924,3,51.781,
5930,2019-05-27T11:48:17Z,45.47600000,6.08030000,1507.00,2891.573029408939,2050.534670433722,1925,3,51.794,
5931,2019-05-27T11:48:18Z,45.47581667,6.08030000,1506.00,2892.573029408939,2051.534670433722,1926,3,51.81,
5932,2019-05-27T11:48:19Z,45.47566667,6.08026667,1505.00,2893.573029408939,2052.534670433722,1927,3,51.824,
5933,2019-05-27T11:48:20Z,45.47551667,6.08026667,1503.00,2894.573029408939,2053.534670433722,1928,3,51.837,
5934,2019-05-27T11:48:21Z,45.47535000,6.08021667,1501.00,2895.573029408939,2054.534670433722,1929,3,51.854,
5935,2019-05-27T11:48:22Z,45.47516667,6.08021667,1498.00,2896.573029408939,2055.534670433722,1930,3,51.869,
5936,2019-05-27T11:48:23Z,45.47501667,6.08016667,1497.00,2897.573029408939,2056.534670433722,1931,3,51.885,
5937,2019-05-27T11:48:24Z,45.47485000,6.08016667,1495.00,2898.573029408939,2057.534670433722,1932,3,51.899,
5938,2019-05-27T11:48:25Z,45.47466667,6.08015000,1493.00,2899.573029408939,2058.534670433722,1933,3,51.916,
5939,2019-05-27T11:48:26Z,45.47450000,6.08011667,1491.00,2900.573029408939,2059.534670433722,1934,3,51.931,
5940,2019-05-27T11:48:27Z,45.47431667,6.08011667,1489.00,2901.573029408939,2060.534670433722,1935,3,51.947,
5941,2019-05-27T11:48:28Z,45.47415000,6.08010000,1487.00,2902.573029408939,2061.534670433722,1936,3,51.962,
5942,2019-05-27T11:48:29Z,45.47396667,6.08006667,1486.00,2903.573029408939,2062.534670433722,1937,3,51.98,
5943,2019-05-27T11:48:30Z,45.47381667,6.08001667,1485.00,2904.573029408939,2063.534670433722,1938,3,51.995,
5944,2019-05-27T11:48:31Z,45.47366667,6.07996667,1484.00,2905.573029408939,2064.534670433722,1939,3,52.01,
5945,2019-05-27T11:48:32Z,45.47350000,6.07995000,1483.00,2906.573029408939,2065.534670433722,1940,3,52.025,
5946,2019-05-27T11:48:33Z,45.47331667,6.07991667,1482.00,2907.573029408939,2066.534670433722,1941,3,52.043,
5947,2019-05-27T11:48:34Z,45.47316667,6.07991667,1479.00,2908.573029408939,2067.534670433722,1942,3,52.056,
5948,2019-05-27T11:48:35Z,45.47296667,6.07990000,1476.00,2909.573029408939,2068.534670433722,1943,3,52.074,
5949,2019-05-27T11:48:36Z,45.47281667,6.07986667,1473.00,2910.573029408939,2069.534670433722,1944,3,52.088,
5950,2019-05-27T11:48:37Z,45.47261667,6.07986667,1471.00,2911.573029408939,2070.534670433722,1945,3,52.105,
5951,2019-05-27T11:48:38Z,45.47246667,6.07985000,1470.00,2912.573029408939,2071.534670433722,1946,3,52.119,
5952,2019-05-27T11:48:39Z,45.47230000,6.07985000,1470.00,2913.573029408939,2072.534670433722,1947,3,52.133,
5953,2019-05-27T11:48:40Z,45.47211667,6.07981667,1469.00,2914.573029408939,2073.534670433722,1948,3,52.151,
5954,2019-05-27T11:48:41Z,45.47196667,6.07981667,1468.00,2915.573029408939,2074.534670433722,1949,3,52.164,
5955,2019-05-27T11:48:42Z,45.47181667,6.07981667,1467.00,2916.573029408939,2075.534670433722,1950,3,52.177,
5956,2019-05-27T11:48:43Z,45.47165000,6.07981667,1465.00,2917.573029408939,2076.534670433722,1951,3,52.191,
5957,2019-05-27T11:48:44Z,45.47146667,6.07981667,1464.00,2918.573029408939,2077.534670433722,1952,3,52.207,
5958,2019-05-27T11:48:45Z,45.47130000,6.07980000,1462.00,2919.573029408939,2078.534670433722,1953,3,52.222,
5959,2019-05-27T11:48:46Z,45.47111667,6.07976667,1460.00,2920.573029408939,2079.534670433722,1954,3,52.239,
5960,2019-05-27T11:48:47Z,45.47095000,6.07976667,1458.00,2921.573029408939,2080.534670433722,1955,3,52.254,
5961,2019-05-27T11:48:48Z,45.47076667,6.07976667,1458.00,2922.573029408939,2081.534670433722,1956,3,52.27,
5962,2019-05-27T11:48:49Z,45.47061667,6.07975000,1460.00,2923.573029408939,2082.534670433722,1957,3,52.283,
5963,2019-05-27T11:48:50Z,45.47046667,6.07971667,1462.00,2924.573029408939,2083.534670433722,1958,3,52.298,
5964,2019-05-27T11:48:51Z,45.47031667,6.07970000,1462.00,2925.573029408939,2084.534670433722,1959,3,52.312,
5965,2019-05-27T11:48:52Z,45.47016667,6.07966667,1461.00,2926.573029408939,2085.534670433722,1960,3,52.326,
5966,2019-05-27T11:48:53Z,45.47000000,6.07966667,1459.00,2927.573029408939,2086.534670433722,1961,3,52.341,
5967,2019-05-27T11:48:54Z,45.46981667,6.07966667,1459.00,2928.573029408939,2087.534670433722,1962,3,52.357,
5968,2019-05-27T11:48:55Z,45.46966667,6.07966667,1461.00,2929.573029408939,2088.534670433722,1963,3,52.37,
5969,2019-05-27T11:48:56Z,45.46955000,6.07966667,1464.00,2930.573029408939,2089.534670433722,1964,3,52.38,
5970,2019-05-27T11:48:57Z,45.46941667,6.07966667,1465.00,2931.573029408939,2090.534670433722,1965,3,52.391,
5971,2019-05-27T11:48:58Z,45.46930000,6.07971667,1466.00,2932.573029408939,2091.534670433722,1966,3,52.398,
5972,2019-05-27T11:48:59Z,45.46916667,6.07971667,1466.00,2933.573029408939,2092.534670433722,1967,3,52.41,
5973,2019-05-27T11:49:00Z,45.46901667,6.07976667,1464.00,2934.573029408939,2093.534670433722,1968,3,52.42,
5974,2019-05-27T11:49:01Z,45.46885000,6.07976667,1462.00,2935.573029408939,2094.534670433722,1969,3,52.434,
5975,2019-05-27T11:49:02Z,45.46866667,6.07980000,1460.00,2936.573029408939,2095.534670433722,1970,3,52.448,
5976,2019-05-27T11:49:03Z,45.46851667,6.07981667,1460.00,2937.573029408939,2096.534670433722,1971,3,52.46,
5977,2019-05-27T11:49:04Z,45.46836667,6.07985000,1461.00,2938.573029408939,2097.534670433722,1972,3,52.471,
5978,2019-05-27T11:49:05Z,45.46821667,6.07986667,1463.00,2939.573029408939,2098.534670433722,1973,3,52.483,
5979,2019-05-27T11:49:06Z,45.46810000,6.07986667,1464.00,2940.573029408939,2099.534670433722,1974,3,52.493,
5980,2019-05-27T11:49:07Z,45.46796667,6.07990000,1466.00,2941.573029408939,2100.534670433722,1975,3,52.502,
5981,2019-05-27T11:49:08Z,45.46786667,6.07991667,1468.00,2942.573029408939,2101.534670433722,1976,3,52.51,
5982,2019-05-27T11:49:09Z,45.46776667,6.07991667,1469.00,2943.573029408939,2102.534670433722,1977,3,52.519,
5983,2019-05-27T11:49:10Z,45.46765000,6.07995000,1467.00,2944.573029408939,2103.534670433722,1978,3,52.527,
5984,2019-05-27T11:49:11Z,45.46751667,6.07995000,1464.00,2945.573029408939,2104.534670433722,1979,3,52.538,
5985,2019-05-27T11:49:12Z,45.46735000,6.07996667,1459.00,2946.573029408939,2105.534670433722,1980,3,52.552,
5986,2019-05-27T11:49:13Z,45.46716667,6.07996667,1454.00,2947.573029408939,2106.534670433722,1981,3,52.567,
5987,2019-05-27T11:49:14Z,45.46701667,6.07996667,1454.00,2948.573029408939,2107.534670433722,1982,3,52.58,
5988,2019-05-27T11:49:15Z,45.46690000,6.08001667,1456.00,2949.573029408939,2108.534670433722,1983,3,52.588,
5989,2019-05-27T11:49:16Z,45.46676667,6.08001667,1458.00,2950.573029408939,2109.534670433722,1984,3,52.599,
5990,2019-05-27T11:49:17Z,45.46665000,6.08006667,1458.00,2951.573029408939,2110.534670433722,1985,3,52.607,
5991,2019-05-27T11:49:18Z,45.46651667,6.08010000,1456.00,2952.573029408939,2111.534670433722,1,4,52.616,
5992,2019-05-27T11:49:19Z,45.46636667,6.08015000,1453.00,2953.573029408939,2112.534670433722,2,4,52.627,
5993,2019-05-27T11:49:20Z,45.46626667,6.08021667,1452.00,2954.573029408939,2113.534670433722,3,4,52.632,
5994,2019-05-27T11:49:21Z,45.46616667,6.08036667,1452.00,2955.573029408939,2114.534670433722,4,4,52.633,
5995,2019-05-27T11:49:22Z,45.46611667,6.08051667,1453.00,2956.573029408939,2115.534670433722,5,4,52.63,
5996,2019-05-27T11:49:23Z,45.46611667,6.08070000,1451.00,2957.573029408939,2116.534670433722,6,4,52.621,
5997,2019-05-27T11:49:24Z,45.46611667,6.08086667,1447.00,2958.573029408939,2117.534670433722,7,4,52.613,
5998,2019-05-27T11:49:25Z,45.46615000,6.08110000,1443.00,2959.573029408939,2118.534670433722,8,4,52.598,
5999,2019-05-27T11:49:26Z,45.46616667,6.08130000,1442.00,2960.573029408939,2119.534670433722,9,4,52.587,
6000,2019-05-27T11:49:27Z,45.46620000,6.08150000,1440.00,2961.573029408939,2120.534670433722,10,4,52.574,
6001,2019-05-27T11:49:28Z,45.46621667,6.08166667,1439.00,2962.573029408939,2121.534670433722,11,4,52.565,
6002,2019-05-27T11:49:29Z,45.46630000,6.08186667,1437.00,2963.573029408939,2122.534670433722,12,4,52.548,
6003,2019-05-27T11:49:30Z,45.46635000,6.08210000,1434.00,2964.573029408939,2123.534670433722,13,4,52.532,
6004,2019-05-27T11:49:31Z,45.46641667,6.08230000,1432.00,2965.573029408939,2124.534670433722,14,4,52.516,
6005,2019-05-27T11:49:32Z,45.46650000,6.08250000,1430.00,2966.573029408939,2125.534670433722,15,4,52.499,
6006,2019-05-27T11:49:33Z,45.46655000,6.08266667,1430.00,2967.573029408939,2126.534670433722,16,4,52.487,
6007,2019-05-27T11:49:34Z,45.46661667,6.08286667,1430.00,2968.573029408939,2127.534670433722,17,4,52.471,
6008,2019-05-27T11:49:35Z,45.46666667,6.08306667,1430.00,2969.573029408939,2128.534670433722,18,4,52.457,
6009,2019-05-27T11:49:36Z,45.46671667,6.08326667,1429.00,2970.573029408939,2129.534670433722,19,4,52.443,
6010,2019-05-27T11:49:37Z,45.46676667,6.08346667,1426.00,2971.573029408939,2130.534670433722,20,4,52.428,
6011,2019-05-27T11:49:38Z,45.46685000,6.08366667,1423.00,2972.573029408939,2131.534670433722,21,4,52.411,
6012,2019-05-27T11:49:39Z,45.46691667,6.08386667,1420.00,2973.573029408939,2132.534670433722,22,4,52.396,
6013,2019-05-27T11:49:40Z,45.46696667,6.08406667,1419.00,2974.573029408939,2133.534670433722,23,4,52.382,
6014,2019-05-27T11:49:41Z,45.46701667,6.08426667,1418.00,2975.573029408939,2134.534670433722,24,4,52.368,
6015,2019-05-27T11:49:42Z,45.46706667,6.08446667,1419.00,2976.573029408939,2135.534670433722,25,4,52.353,
6016,2019-05-27T11:49:43Z,45.46711667,6.08466667,1420.00,2977.573029408939,2136.534670433722,26,4,52.339,
6017,2019-05-27T11:49:44Z,45.46716667,6.08485000,1421.00,2978.573029408939,2137.534670433722,27,4,52.326,
6018,2019-05-27T11:49:45Z,45.46725000,6.08505000,1420.00,2979.573029408939,2138.534670433722,28,4,52.309,
6019,2019-05-27T11:49:46Z,45.46730000,6.08525000,1418.00,2980.573029408939,2139.534670433722,29,4,52.295,
6020,2019-05-27T11:49:47Z,45.46736667,6.08546667,1415.00,2981.573029408939,2140.534670433722,30,4,52.279,
6021,2019-05-27T11:49:48Z,45.46741667,6.08566667,1414.00,2982.573029408939,2141.534670433722,31,4,52.264,
6022,2019-05-27T11:49:49Z,45.46746667,6.08586667,1413.00,2983.573029408939,2142.534670433722,32,4,52.25,
6023,2019-05-27T11:49:50Z,45.46751667,6.08610000,1414.00,2984.573029408939,2143.534670433722,33,4,52.235,
6024,2019-05-27T11:49:51Z,45.46756667,6.08630000,1414.00,2985.573029408939,2144.534670433722,34,4,52.22,
6025,2019-05-27T11:49:52Z,45.46761667,6.08650000,1413.00,2986.573029408939,2145.534670433722,35,4,52.206,
6026,2019-05-27T11:49:53Z,45.46766667,6.08670000,1412.00,2987.573029408939,2146.534670433722,36,4,52.192,
6027,2019-05-27T11:49:54Z,45.46775000,6.08690000,1411.00,2988.573029408939,2147.534670433722,37,4,52.175,
6028,2019-05-27T11:49:55Z,45.46781667,6.08710000,1409.00,2989.573029408939,2148.534670433722,38,4,52.16,
6029,2019-05-27T11:49:56Z,45.46786667,6.08730000,1406.00,2990.573029408939,2149.534670433722,39,4,52.146,
6030,2019-05-27T11:49:57Z,45.46795000,6.08750000,1404.00,2991.573029408939,2150.534670433722,40,4,52.129,
6031,2019-05-27T11:49:58Z,45.46801667,6.08771667,1402.00,2992.573029408939,2151.534670433722,41,4,52.112,
6032,2019-05-27T11:49:59Z,45.46806667,6.08791667,1400.00,2993.573029408939,2152.534670433722,42,4,52.098,
6033,2019-05-27T11:50:00Z,45.46815000,6.08815000,1398.00,2994.573029408939,2153.534670433722,43,4,52.08,
6034,2019-05-27T11:50:01Z,45.46821667,6.08836667,1397.00,2995.573029408939,2154.534670433722,44,4,52.063,
6035,2019-05-27T11:50:02Z,45.46830000,6.08856667,1396.00,2996.573029408939,2155.534670433722,45,4,52.046,
6036,2019-05-27T11:50:03Z,45.46836667,6.08880000,1395.00,2997.573029408939,2156.534670433722,46,4,52.029,
6037,2019-05-27T11:50:04Z,45.46841667,6.08901667,1394.00,2998.573029408939,2157.534670433722,47,4,52.014,
6038,2019-05-27T11:50:05Z,45.46850000,6.08921667,1393.00,2999.573029408939,2158.534670433722,48,4,51.997,
6039,2019-05-27T11:50:06Z,45.46856667,6.08941667,1394.00,3000.573029408939,2159.534670433722,49,4,51.982,
6040,2019-05-27T11:50:07Z,45.46861667,6.08960000,1396.00,3001.573029408939,2160.534670433722,50,4,51.969,
6041,2019-05-27T11:50:08Z,45.46866667,6.08976667,1397.00,3002.573029408939,2161.534670433722,51,4,51.956,
6042,2019-05-27T11:50:09Z,45.46871667,6.08996667,1397.00,3003.573029408939,2162.534670433722,52,4,51.942,
6043,2019-05-27T11:50:10Z,45.46880000,6.09016667,1396.00,3004.573029408939,2163.534670433722,53,4,51.925,
6044,2019-05-27T11:50:11Z,45.46886667,6.09035000,1393.00,3005.573029408939,2164.534670433722,54,4,51.911,
6045,2019-05-27T11:50:12Z,45.46895000,6.09051667,1390.00,3006.573029408939,2165.534670433722,55,4,51.895,
6046,2019-05-27T11:50:13Z,45.46901667,6.09066667,1390.00,3007.573029408939,2166.534670433722,56,4,51.882,
6047,2019-05-27T11:50:14Z,45.46905000,6.09085000,1389.00,3008.573029408939,2167.534670433722,57,4,51.87,
6048,2019-05-27T11:50:15Z,45.46906667,6.09101667,1389.00,3009.573029408939,2168.534670433722,58,4,51.861,
6049,2019-05-27T11:50:16Z,45.46911667,6.09116667,1386.00,3010.573029408939,2169.534670433722,59,4,51.849,
6050,2019-05-27T11:50:17Z,45.46916667,6.09136667,1380.00,3011.573029408939,2170.534670433722,60,4,51.835,
6051,2019-05-27T11:50:18Z,45.46925000,6.09155000,1374.00,3012.573029408939,2171.534670433722,61,4,51.819,
6052,2019-05-27T11:50:19Z,45.46931667,6.09175000,1368.00,3013.573029408939,2172.534670433722,62,4,51.804,
6053,2019-05-27T11:50:20Z,45.46940000,6.09195000,1364.00,3014.573029408939,2173.534670433722,63,4,51.787,
6054,2019-05-27T11:50:21Z,45.46946667,6.09215000,1361.00,3015.573029408939,2174.534670433722,64,4,51.771,
6055,2019-05-27T11:50:22Z,45.46955000,6.09235000,1357.00,3016.573029408939,2175.534670433722,65,4,51.754,
6056,2019-05-27T11:50:23Z,45.46961667,6.09255000,1354.00,3017.573029408939,2176.534670433722,66,4,51.739,
6057,2019-05-27T11:50:24Z,45.46970000,6.09276667,1351.00,3018.573029408939,2177.534670433722,67,4,51.721,
6058,2019-05-27T11:50:25Z,45.46976667,6.09296667,1347.00,3019.573029408939,2178.534670433722,68,4,51.706,
6059,2019-05-27T11:50:26Z,45.46981667,6.09316667,1346.00,3020.573029408939,2179.534670433722,69,4,51.692,
6060,2019-05-27T11:50:27Z,45.46990000,6.09331667,1347.00,3021.573029408939,2180.534670433722,70,4,51.677,
6061,2019-05-27T11:50:28Z,45.46996667,6.09346667,1347.00,3022.573029408939,2181.534670433722,71,4,51.664,
6062,2019-05-27T11:50:29Z,45.47001667,6.09361667,1347.00,3023.573029408939,2182.534670433722,72,4,51.653,
6063,2019-05-27T11:50:30Z,45.47006667,6.09380000,1345.00,3024.573029408939,2183.534670433722,73,4,51.639,
6064,2019-05-27T11:50:31Z,45.47015000,6.09396667,1341.00,3025.573029408939,2184.534670433722,74,4,51.624,
6065,2019-05-27T11:50:32Z,45.47021667,6.09416667,1337.00,3026.573029408939,2185.534670433722,75,4,51.609,
6066,2019-05-27T11:50:33Z,45.47031667,6.09440000,1332.00,3027.573029408939,2186.534670433722,76,4,51.589,
6067,2019-05-27T11:50:34Z,45.47040000,6.09461667,1328.00,3028.573029408939,2187.534670433722,77,4,51.571,
6068,2019-05-27T11:50:35Z,45.47050000,6.09481667,1325.00,3029.573029408939,2188.534670433722,78,4,51.553,
6069,2019-05-27T11:50:36Z,45.47056667,6.09501667,1325.00,3030.573029408939,2189.534670433722,79,4,51.537,
6070,2019-05-27T11:50:37Z,45.47065000,6.09521667,1324.00,3031.573029408939,2190.534670433722,80,4,51.52,
6071,2019-05-27T11:50:38Z,45.47071667,6.09541667,1323.00,3032.573029408939,2191.534670433722,81,4,51.505,
6072,2019-05-27T11:50:39Z,45.47076667,6.09561667,1321.00,3033.573029408939,2192.534670433722,82,4,51.491,
6073,2019-05-27T11:50:40Z,45.47081667,6.09580000,1320.00,3034.573029408939,2193.534670433722,83,4,51.478,
6074,2019-05-27T11:50:41Z,45.47090000,6.09596667,1320.00,3035.573029408939,2194.534670433722,84,4,51.463,
6075,2019-05-27T11:50:42Z,45.47096667,6.09616667,1317.00,3036.573029408939,2195.534670433722,85,4,51.447,
6076,2019-05-27T11:50:43Z,45.47101667,6.09636667,1312.00,3037.573029408939,2196.534670433722,86,4,51.433,
6077,2019-05-27T11:50:44Z,45.47111667,6.09656667,1307.00,3038.573029408939,2197.534670433722,87,4,51.415,
6078,2019-05-27T11:50:45Z,45.47121667,6.09680000,1303.00,3039.573029408939,2198.534670433722,88,4,51.395,
6079,2019-05-27T11:50:46Z,45.47131667,6.09701667,1299.00,3040.573029408939,2199.534670433722,89,4,51.376,
6080,2019-05-27T11:50:47Z,45.47140000,6.09720000,1297.00,3041.573029408939,2200.534670433722,90,4,51.36,
6081,2019-05-27T11:50:48Z,45.47146667,6.09736667,1296.00,3042.573029408939,2201.534670433722,91,4,51.346,
6082,2019-05-27T11:50:49Z,45.47155000,6.09755000,1296.00,3043.573029408939,2202.534670433722,92,4,51.33,
6083,2019-05-27T11:50:50Z,45.47161667,6.09771667,1294.00,3044.573029408939,2203.534670433722,93,4,51.316,
6084,2019-05-27T11:50:51Z,45.47170000,6.09791667,1289.00,3045.573029408939,2204.534670433722,94,4,51.299,
6085,2019-05-27T11:50:52Z,45.47176667,6.09811667,1285.00,3046.573029408939,2205.534670433722,95,4,51.284,
6086,2019-05-27T11:50:53Z,45.47186667,6.09831667,1279.00,3047.573029408939,2206.534670433722,96,4,51.266,
6087,2019-05-27T11:50:54Z,45.47195000,6.09855000,1275.00,3048.573029408939,2207.534670433722,97,4,51.247,
6088,2019-05-27T11:50:55Z,45.47205000,6.09876667,1271.00,3049.573029408939,2208.534670433722,98,4,51.228,
6089,2019-05-27T11:50:56Z,45.47211667,6.09896667,1268.00,3050.573029408939,2209.534670433722,99,4,51.213,
6090,2019-05-27T11:50:57Z,45.47221667,6.09920000,1265.00,3051.573029408939,2210.534670433722,100,4,51.193,
6091,2019-05-27T11:50:58Z,45.47230000,6.09941667,1263.00,3052.573029408939,2211.534670433722,101,4,51.175,
6092,2019-05-27T11:50:59Z,45.47240000,6.09961667,1260.00,3053.573029408939,2212.534670433722,102,4,51.157,
6093,2019-05-27T11:51:00Z,45.47246667,6.09981667,1256.00,3054.573029408939,2213.534670433722,103,4,51.142,
6094,2019-05-27T11:51:01Z,45.47256667,6.10006667,1251.00,3055.573029408939,2214.534670433722,104,4,51.121,
6095,2019-05-27T11:51:02Z,45.47266667,6.10026667,1245.00,3056.573029408939,2215.534670433722,105,4,51.103,
6096,2019-05-27T11:51:03Z,45.47280000,6.10051667,1242.00,3057.573029408939,2216.534670433722,106,4,51.079,
6097,2019-05-27T11:51:04Z,45.47290000,6.10071667,1240.00,3058.573029408939,2217.534670433722,107,4,51.061,
6098,2019-05-27T11:51:05Z,45.47296667,6.10091667,1240.00,3059.573029408939,2218.534670433722,108,4,51.045,
6099,2019-05-27T11:51:06Z,45.47306667,6.10115000,1238.00,3060.573029408939,2219.534670433722,109,4,51.026,
6100,2019-05-27T11:51:07Z,45.47316667,6.10135000,1238.00,3061.573029408939,2220.534670433722,110,4,51.007,
6101,2019-05-27T11:51:08Z,45.47325000,6.10156667,1234.00,3062.573029408939,2221.534670433722,111,4,50.99,
6102,2019-05-27T11:51:09Z,45.47335000,6.10176667,1228.00,3063.573029408939,2222.534670433722,112,4,50.971,
6103,2019-05-27T11:51:10Z,45.47345000,6.10201667,1222.00,3064.573029408939,2223.534670433722,113,4,50.951,
6104,2019-05-27T11:51:11Z,45.47355000,6.10225000,1217.00,3065.573029408939,2224.534670433722,114,4,50.931,
6105,2019-05-27T11:51:12Z,45.47365000,6.10250000,1211.00,3066.573029408939,2225.534670433722,115,4,50.91,
6106,2019-05-27T11:51:13Z,45.47375000,6.10271667,1207.00,3067.573029408939,2226.534670433722,116,4,50.891,
6107,2019-05-27T11:51:14Z,45.47386667,6.10295000,1206.00,3068.573029408939,2227.534670433722,117,4,50.87,
6108,2019-05-27T11:51:15Z,45.47396667,6.10316667,1204.00,3069.573029408939,2228.534670433722,118,4,50.851,
6109,2019-05-27T11:51:16Z,45.47406667,6.10336667,1202.00,3070.573029408939,2229.534670433722,119,4,50.833,
6110,2019-05-27T11:51:17Z,45.47415000,6.10356667,1202.00,3071.573029408939,2230.534670433722,120,4,50.816,
6111,2019-05-27T11:51:18Z,45.47421667,6.10375000,1203.00,3072.573029408939,2231.534670433722,121,4,50.801,
6112,2019-05-27T11:51:19Z,45.47426667,6.10391667,1204.00,3073.573029408939,2232.534670433722,122,4,50.789,
6113,2019-05-27T11:51:20Z,45.47435000,6.10411667,1203.00,3074.573029408939,2233.534670433722,123,4,50.772,
6114,2019-05-27T11:51:21Z,45.47445000,6.10431667,1200.00,3075.573029408939,2234.534670433722,124,4,50.754,
6115,2019-05-27T11:51:22Z,45.47451667,6.10451667,1197.00,3076.573029408939,2235.534670433722,125,4,50.739,
6116,2019-05-27T11:51:23Z,45.47465000,6.10471667,1193.00,3077.573029408939,2236.534670433722,126,4,50.717,
6117,2019-05-27T11:51:24Z,45.47475000,6.10491667,1193.00,3078.573029408939,2237.534670433722,127,4,50.699,
6118,2019-05-27T11:51:25Z,45.47486667,6.10511667,1192.00,3079.573029408939,2238.534670433722,128,4,50.679,
6119,2019-05-27T11:51:26Z,45.47496667,6.10535000,1193.00,3080.573029408939,2239.534670433722,129,4,50.66,
6120,2019-05-27T11:51:27Z,45.47501667,6.10555000,1194.00,3081.573029408939,2240.534670433722,130,4,50.646,
6121,2019-05-27T11:51:28Z,45.47511667,6.10571667,1195.00,3082.573029408939,2241.534670433722,131,4,50.629,
6122,2019-05-27T11:51:29Z,45.47516667,6.10590000,1196.00,3083.573029408939,2242.534670433722,132,4,50.616,
6123,2019-05-27T11:51:30Z,45.47526667,6.10605000,1196.00,3084.573029408939,2243.534670433722,133,4,50.6,
6124,2019-05-27T11:51:31Z,45.47536667,6.10616667,1194.00,3085.573029408939,2244.534670433722,134,4,50.586,
6125,2019-05-27T11:51:32Z,45.47546667,6.10631667,1192.00,3086.573029408939,2245.534670433722,135,4,50.57,
6126,2019-05-27T11:51:33Z,45.47556667,6.10645000,1191.00,3087.573029408939,2246.534670433722,136,4,50.555,
6127,2019-05-27T11:51:34Z,45.47566667,6.10660000,1190.00,3088.573029408939,2247.534670433722,137,4,50.539,
6128,2019-05-27T11:51:35Z,45.47576667,6.10676667,1191.00,3089.573029408939,2248.534670433722,138,4,50.522,
6129,2019-05-27T11:51:36Z,45.47586667,6.10696667,1192.00,3090.573029408939,2249.534670433722,139,4,50.504,
6130,2019-05-27T11:51:37Z,45.47591667,6.10715000,1195.00,3091.573029408939,2250.534670433722,140,4,50.491,
6131,2019-05-27T11:51:38Z,45.47596667,6.10731667,1199.00,3092.573029408939,2251.534670433722,141,4,50.479,
6132,2019-05-27T11:51:39Z,45.47601667,6.10750000,1202.00,3093.573029408939,2252.534670433722,142,4,50.466,
6133,2019-05-27T11:51:40Z,45.47606667,6.10766667,1204.00,3094.573029408939,2253.534670433722,143,4,50.454,
6134,2019-05-27T11:51:41Z,45.47611667,6.10785000,1204.00,3095.573029408939,2254.534670433722,144,4,50.441,
6135,2019-05-27T11:51:42Z,45.47616667,6.10805000,1203.00,3096.573029408939,2255.534670433722,145,4,50.427,
6136,2019-05-27T11:51:43Z,45.47626667,6.10826667,1200.00,3097.573029408939,2256.534670433722,146,4,50.408,
6137,2019-05-27T11:51:44Z,45.47636667,6.10846667,1198.00,3098.573029408939,2257.534670433722,147,4,50.39,
6138,2019-05-27T11:51:45Z,45.47650000,6.10866667,1199.00,3099.573029408939,2258.534670433722,148,4,50.368,
6139,2019-05-27T11:51:46Z,45.47661667,6.10886667,1202.00,3100.573029408939,2259.534670433722,149,4,50.349,
6140,2019-05-27T11:51:47Z,45.47670000,6.10901667,1207.00,3101.573029408939,2260.534670433722,150,4,50.334,
6141,2019-05-27T11:51:48Z,45.47676667,6.10920000,1212.00,3102.573029408939,2261.534670433722,151,4,50.32,
6142,2019-05-27T11:51:49Z,45.47681667,6.10936667,1216.00,3103.573029408939,2262.534670433722,152,4,50.308,
6143,2019-05-27T11:51:50Z,45.47690000,6.10956667,1218.00,3104.573029408939,2263.534670433722,153,4,50.291,
6144,2019-05-27T11:51:51Z,45.47700000,6.10976667,1218.00,3105.573029408939,2264.534670433722,154,4,50.273,
6145,2019-05-27T11:51:52Z,45.47710000,6.10995000,1218.00,3106.573029408939,2265.534670433722,155,4,50.255,
6146,2019-05-27T11:51:53Z,45.47721667,6.11010000,1221.00,3107.573029408939,2266.534670433722,156,4,50.238,
6147,2019-05-27T11:51:54Z,45.47730000,6.11026667,1224.00,3108.573029408939,2267.534670433722,157,4,50.223,
6148,2019-05-27T11:51:55Z,45.47736667,6.11041667,1231.00,3109.573029408939,2268.534670433722,158,4,50.21,
6149,2019-05-27T11:51:56Z,45.47741667,6.11060000,1236.00,3110.573029408939,2269.534670433722,159,4,50.197,
6150,2019-05-27T11:51:57Z,45.47746667,6.11076667,1239.00,3111.573029408939,2270.534670433722,160,4,50.185,
6151,2019-05-27T11:51:58Z,45.47755000,6.11091667,1240.00,3112.573029408939,2271.534670433722,161,4,50.17,
6152,2019-05-27T11:51:59Z,45.47765000,6.11110000,1240.00,3113.573029408939,2272.534670433722,162,4,50.153,
6153,2019-05-27T11:52:00Z,45.47776667,6.11130000,1238.00,3114.573029408939,2273.534670433722,163,4,50.133,
6154,2019-05-27T11:52:01Z,45.47786667,6.11151667,1235.00,3115.573029408939,2274.534670433722,164,4,50.114,
6155,2019-05-27T11:52:02Z,45.47801667,6.11171667,1234.00,3116.573029408939,2275.534670433722,165,4,50.092,
6156,2019-05-27T11:52:03Z,45.47811667,6.11191667,1236.00,3117.573029408939,2276.534670433722,166,4,50.073,
6157,2019-05-27T11:52:04Z,45.47820000,6.11211667,1238.00,3118.573029408939,2277.534670433722,167,4,50.057,
6158,2019-05-27T11:52:05Z,45.47826667,6.11226667,1242.00,3119.573029408939,2278.534670433722,168,4,50.044,
6159,2019-05-27T11:52:06Z,45.47835000,6.11241667,1243.00,3120.573029408939,2279.534670433722,169,4,50.03,
6160,2019-05-27T11:52:07Z,45.47845000,6.11256667,1241.00,3121.573029408939,2280.534670433722,170,4,50.014,
6161,2019-05-27T11:52:08Z,45.47856667,6.11275000,1238.00,3122.573029408939,2281.534670433722,171,4,49.995,
6162,2019-05-27T11:52:09Z,45.47866667,6.11291667,1235.00,3123.573029408939,2282.534670433722,172,4,49.978,
6163,2019-05-27T11:52:10Z,45.47880000,6.11306667,1234.00,3124.573029408939,2283.534670433722,173,4,49.959,
6164,2019-05-27T11:52:11Z,45.47891667,6.11321667,1236.00,3125.573029408939,2284.534670433722,174,4,49.942,
6165,2019-05-27T11:52:12Z,45.47900000,6.11335000,1238.00,3126.573029408939,2285.534670433722,175,4,49.928,
6166,2019-05-27T11:52:13Z,45.47906667,6.11346667,1241.00,3127.573029408939,2286.534670433722,176,4,49.917,
6167,2019-05-27T11:52:14Z,45.47916667,6.11360000,1243.00,3128.573029408939,2287.534670433722,177,4,49.902,
6168,2019-05-27T11:52:15Z,45.47926667,6.11371667,1243.00,3129.573029408939,2288.534670433722,178,4,49.887,
6169,2019-05-27T11:52:16Z,45.47936667,6.11386667,1243.00,3130.573029408939,2289.534670433722,179,4,49.872,
6170,2019-05-27T11:52:17Z,45.47946667,6.11405000,1241.00,3131.573029408939,2290.534670433722,180,4,49.854,
6171,2019-05-27T11:52:18Z,45.47960000,6.11421667,1240.00,3132.573029408939,2291.534670433722,181,4,49.835,
6172,2019-05-27T11:52:19Z,45.47970000,6.11440000,1243.00,3133.573029408939,2292.534670433722,182,4,49.817,
6173,2019-05-27T11:52:20Z,45.47980000,6.11460000,1245.00,3134.573029408939,2293.534670433722,183,4,49.799,
6174,2019-05-27T11:52:21Z,45.47990000,6.11476667,1248.00,3135.573029408939,2294.534670433722,184,4,49.782,
6175,2019-05-27T11:52:22Z,45.47996667,6.11495000,1251.00,3136.573029408939,2295.534670433722,185,4,49.768,
6176,2019-05-27T11:52:23Z,45.48006667,6.11510000,1253.00,3137.573029408939,2296.534670433722,186,4,49.752,
6177,2019-05-27T11:52:24Z,45.48016667,6.11526667,1254.00,3138.573029408939,2297.534670433722,187,4,49.735,
6178,2019-05-27T11:52:25Z,45.48026667,6.11545000,1256.00,3139.573029408939,2298.534670433722,188,4,49.718,
6179,2019-05-27T11:52:26Z,45.48036667,6.11561667,1257.00,3140.573029408939,2299.534670433722,189,4,49.701,
6180,2019-05-27T11:52:27Z,45.48046667,6.11581667,1260.00,3141.573029408939,2300.534670433722,190,4,49.683,
6181,2019-05-27T11:52:28Z,45.48055000,6.11601667,1264.00,3142.573029408939,2301.534670433722,191,4,49.667,
6182,2019-05-27T11:52:29Z,45.48061667,6.11620000,1267.00,3143.573029408939,2302.534670433722,192,4,49.652,
6183,2019-05-27T11:52:30Z,45.48066667,6.11636667,1269.00,3144.573029408939,2303.534670433722,193,4,49.64,
6184,2019-05-27T11:52:31Z,45.48076667,6.11656667,1271.00,3145.573029408939,2304.534670433722,194,4,49.622,
6185,2019-05-27T11:52:32Z,45.48081667,6.11676667,1273.00,3146.573029408939,2305.534670433722,195,4,49.608,
6186,2019-05-27T11:52:33Z,45.48090000,6.11696667,1275.00,3147.573029408939,2306.534670433722,196,4,49.592,
6187,2019-05-27T11:52:34Z,45.48096667,6.11716667,1278.00,3148.573029408939,2307.534670433722,197,4,49.577,
6188,2019-05-27T11:52:35Z,45.48101667,6.11735000,1282.00,3149.573029408939,2308.534670433722,198,4,49.564,
6189,2019-05-27T11:52:36Z,45.48105000,6.11751667,1286.00,3150.573029408939,2309.534670433722,199,4,49.553,
6190,2019-05-27T11:52:37Z,45.48106667,6.11770000,1291.00,3151.573029408939,2310.534670433722,200,4,49.543,
6191,2019-05-27T11:52:38Z,45.48106667,6.11785000,1295.00,3152.573029408939,2311.534670433722,201,4,49.536,
6192,2019-05-27T11:52:39Z,45.48111667,6.11796667,1299.00,3153.573029408939,2312.534670433722,202,4,49.527,
6193,2019-05-27T11:52:40Z,45.48116667,6.11810000,1302.00,3154.573029408939,2313.534670433722,203,4,49.516,
6194,2019-05-27T11:52:41Z,45.48121667,6.11816667,1303.00,3155.573029408939,2314.534670433722,204,4,49.509,
6195,2019-05-27T11:52:42Z,45.48130000,6.11821667,1305.00,3156.573029408939,2315.534670433722,205,4,49.499,
6196,2019-05-27T11:52:43Z,45.48136667,6.11826667,1308.00,3157.573029408939,2316.534670433722,206,4,49.49,
6197,2019-05-27T11:52:44Z,45.48141667,6.11826667,1312.00,3158.573029408939,2317.534670433722,207,4,49.486,
6198,2019-05-27T11:52:45Z,45.48146667,6.11830000,1317.00,3159.573029408939,2318.534670433722,208,4,49.48,
6199,2019-05-27T11:52:46Z,45.48150000,6.11826667,1320.00,3160.573029408939,2319.534670433722,209,4,49.478,
6200,2019-05-27T11:52:47Z,45.48151667,6.11825000,1321.00,3161.573029408939,2320.534670433722,210,4,49.478,
6201,2019-05-27T11:52:48Z,45.48151667,6.11816667,1323.00,3162.573029408939,2321.534670433722,211,4,49.481,
6202,2019-05-27T11:52:49Z,45.48146667,6.11811667,1325.00,3163.573029408939,2322.534670433722,212,4,49.488,
6203,2019-05-27T11:52:50Z,45.48141667,6.11810000,1327.00,3164.573029408939,2323.534670433722,213,4,49.493,
6204,2019-05-27T11:52:51Z,45.48136667,6.11811667,1330.00,3165.573029408939,2324.534670433722,214,4,49.497,
6205,2019-05-27T11:52:52Z,45.48130000,6.11816667,1333.00,3166.573029408939,2325.534670433722,215,4,49.501,
6206,2019-05-27T11:52:53Z,45.48121667,6.11826667,1335.00,3167.573029408939,2326.534670433722,216,4,49.504,
6207,2019-05-27T11:52:54Z,45.48111667,6.11836667,1337.00,3168.573029408939,2327.534670433722,217,4,49.509,
6208,2019-05-27T11:52:55Z,45.48101667,6.11845000,1338.00,3169.573029408939,2328.534670433722,218,4,49.514,
6209,2019-05-27T11:52:56Z,45.48091667,6.11855000,1340.00,3170.573029408939,2329.534670433722,219,4,49.518,
6210,2019-05-27T11:52:57Z,45.48085000,6.11866667,1343.00,3171.573029408939,2330.534670433722,220,4,49.519,
6211,2019-05-27T11:52:58Z,45.48075000,6.11876667,1346.00,3172.573029408939,2331.534670433722,221,4,49.524,
6212,2019-05-27T11:52:59Z,45.48066667,6.11890000,1349.00,3173.573029408939,2332.534670433722,222,4,49.525,
6213,2019-05-27T11:53:00Z,45.48056667,6.11901667,1352.00,3174.573029408939,2333.534670433722,223,4,49.529,
6214,2019-05-27T11:53:01Z,45.48051667,6.11916667,1354.00,3175.573029408939,2334.534670433722,224,4,49.527,
6215,2019-05-27T11:53:02Z,45.48045000,6.11936667,1356.00,3176.573029408939,2335.534670433722,225,4,49.524,
6216,2019-05-27T11:53:03Z,45.48040000,6.11956667,1357.00,3177.573029408939,2336.534670433722,226,4,49.519,
6217,2019-05-27T11:53:04Z,45.48036667,6.11980000,1359.00,3178.573029408939,2337.534670433722,227,4,49.512,
6218,2019-05-27T11:53:05Z,45.48036667,6.12001667,1361.00,3179.573029408939,2338.534670433722,228,4,49.502,
6219,2019-05-27T11:53:06Z,45.48041667,6.12021667,1363.00,3180.573029408939,2339.534670433722,229,4,49.489,
6220,2019-05-27T11:53:07Z,45.48050000,6.12036667,1363.00,3181.573029408939,2340.534670433722,230,4,49.475,
6221,2019-05-27T11:53:08Z,45.48056667,6.12051667,1364.00,3182.573029408939,2341.534670433722,231,4,49.462,
6222,2019-05-27T11:53:09Z,45.48066667,6.12061667,1366.00,3183.573029408939,2342.534670433722,232,4,49.448,
6223,2019-05-27T11:53:10Z,45.48076667,6.12066667,1367.00,3184.573029408939,2343.534670433722,233,4,49.437,
6224,2019-05-27T11:53:11Z,45.48086667,6.12066667,1368.00,3185.573029408939,2344.534670433722,234,4,49.428,
6225,2019-05-27T11:53:12Z,45.48091667,6.12066667,1370.00,3186.573029408939,2345.534670433722,235,4,49.423,
6226,2019-05-27T11:53:13Z,45.48100000,6.12066667,1374.00,3187.573029408939,2346.534670433722,236,4,49.416,
6227,2019-05-27T11:53:14Z,45.48106667,6.12066667,1376.00,3188.573029408939,2347.534670433722,237,4,49.41,
6228,2019-05-27T11:53:15Z,45.48115000,6.12071667,1378.00,3189.573029408939,2348.534670433722,238,4,49.4,
6229,2019-05-27T11:53:16Z,45.48121667,6.12076667,1381.00,3190.573029408939,2349.534670433722,239,4,49.391,
6230,2019-05-27T11:53:17Z,45.48126667,6.12080000,1385.00,3191.573029408939,2350.534670433722,240,4,49.385,
6231,2019-05-27T11:53:18Z,45.48131667,6.12081667,1389.00,3192.573029408939,2351.534670433722,241,4,49.38,
6232,2019-05-27T11:53:19Z,45.48136667,6.12085000,1391.00,3193.573029408939,2352.534670433722,242,4,49.374,
6233,2019-05-27T11:53:20Z,45.48141667,6.12086667,1392.00,3194.573029408939,2353.534670433722,243,4,49.369,
6234,2019-05-27T11:53:21Z,45.48150000,6.12086667,1393.00,3195.573029408939,2354.534670433722,244,4,49.361,
6235,2019-05-27T11:53:22Z,45.48156667,6.12086667,1393.00,3196.573029408939,2355.534670433722,245,4,49.355,
6236,2019-05-27T11:53:23Z,45.48165000,6.12086667,1395.00,3197.573029408939,2356.534670433722,246,4,49.347,
6237,2019-05-27T11:53:24Z,45.48171667,6.12081667,1396.00,3198.573029408939,2357.534670433722,247,4,49.344,
6238,2019-05-27T11:53:25Z,45.48176667,6.12076667,1398.00,3199.573029408939,2358.534670433722,248,4,49.341,
6239,2019-05-27T11:53:26Z,45.48181667,6.12071667,1401.00,3200.573029408939,2359.534670433722,249,4,49.339,
6240,2019-05-27T11:53:27Z,45.48191667,6.12070000,1405.00,3201.573029408939,2360.534670433722,250,4,49.331,
6241,2019-05-27T11:53:28Z,45.48196667,6.12070000,1410.00,3202.573029408939,2361.534670433722,251,4,49.326,
6242,2019-05-27T11:53:29Z,45.48205000,6.12071667,1416.00,3203.573029408939,2362.534670433722,252,4,49.318,
6243,2019-05-27T11:53:30Z,45.48211667,6.12071667,1420.00,3204.573029408939,2363.534670433722,253,4,49.312,
6244,2019-05-27T11:53:31Z,45.48216667,6.12075000,1424.00,3205.573029408939,2364.534670433722,254,4,49.306,
6245,2019-05-27T11:53:32Z,45.48225000,6.12076667,1428.00,3206.573029408939,2365.534670433722,255,4,49.297,
6246,2019-05-27T11:53:33Z,45.48231667,6.12076667,1431.00,3207.573029408939,2366.534670433722,256,4,49.291,
6247,2019-05-27T11:53:34Z,45.48241667,6.12080000,1436.00,3208.573029408939,2367.534670433722,257,4,49.281,
6248,2019-05-27T11:53:35Z,45.48246667,6.12081667,1440.00,3209.573029408939,2368.534670433722,258,4,49.276,
6249,2019-05-27T11:53:36Z,45.48256667,6.12081667,1443.00,3210.573029408939,2369.534670433722,259,4,49.266,
6250,2019-05-27T11:53:37Z,45.48261667,6.12085000,1447.00,3211.573029408939,2370.534670433722,260,4,49.26,
6251,2019-05-27T11:53:38Z,45.48270000,6.12085000,1451.00,3212.573029408939,2371.534670433722,261,4,49.253,
6252,2019-05-27T11:53:39Z,45.48276667,6.12085000,1454.00,3213.573029408939,2372.534670433722,262,4,49.247,
6253,2019-05-27T11:53:40Z,45.48281667,6.12085000,1458.00,3214.573029408939,2373.534670433722,263,4,49.242,
6254,2019-05-27T11:53:41Z,45.48286667,6.12081667,1461.00,3215.573029408939,2374.534670433722,264,4,49.239,
6255,2019-05-27T11:53:42Z,45.48291667,6.12080000,1464.00,3216.573029408939,2375.534670433722,265,4,49.235,
6256,2019-05-27T11:53:43Z,45.48291667,6.12076667,1468.00,3217.573029408939,2376.534670433722,266,4,49.237,
6257,2019-05-27T11:53:44Z,45.48291667,6.12075000,1471.00,3218.573029408939,2377.534670433722,267,4,49.238,
6258,2019-05-27T11:53:45Z,45.48290000,6.12071667,1475.00,3219.573029408939,2378.534670433722,268,4,49.241,
6259,2019-05-27T11:53:46Z,45.48285000,6.12071667,1478.00,3220.573029408939,2379.534670433722,269,4,49.245,
6260,2019-05-27T11:53:47Z,45.48276667,6.12071667,1482.00,3221.573029408939,2380.534670433722,270,4,49.253,
6261,2019-05-27T11:53:48Z,45.48266667,6.12081667,1487.00,3222.573029408939,2381.534670433722,271,4,49.257,
6262,2019-05-27T11:53:49Z,45.48260000,6.12091667,1489.00,3223.573029408939,2382.534670433722,272,4,49.259,
6263,2019-05-27T11:53:50Z,45.48251667,6.12110000,1493.00,3224.573029408939,2383.534670433722,273,4,49.258,
6264,2019-05-27T11:53:51Z,45.48246667,6.12130000,1497.00,3225.573029408939,2384.534670433722,274,4,49.254,
6265,2019-05-27T11:53:52Z,45.48246667,6.12150000,1502.00,3226.573029408939,2385.534670433722,275,4,49.245,
6266,2019-05-27T11:53:53Z,45.48246667,6.12170000,1506.00,3227.573029408939,2386.534670433722,276,4,49.236,
6267,2019-05-27T11:53:54Z,45.48251667,6.12186667,1509.00,3228.573029408939,2387.534670433722,277,4,49.224,
6268,2019-05-27T11:53:55Z,45.48261667,6.12205000,1512.00,3229.573029408939,2388.534670433722,278,4,49.206,
6269,2019-05-27T11:53:56Z,45.48271667,6.12216667,1515.00,3230.573029408939,2389.534670433722,279,4,49.192,
6270,2019-05-27T11:53:57Z,45.48280000,6.12225000,1517.00,3231.573029408939,2390.534670433722,280,4,49.181,
6271,2019-05-27T11:53:58Z,45.48290000,6.12226667,1520.00,3232.573029408939,2391.534670433722,281,4,49.171,
6272,2019-05-27T11:53:59Z,45.48296667,6.12226667,1523.00,3233.573029408939,2392.534670433722,282,4,49.165,
6273,2019-05-27T11:54:00Z,45.48305000,6.12226667,1525.00,3234.573029408939,2393.534670433722,283,4,49.157,
6274,2019-05-27T11:54:01Z,45.48310000,6.12221667,1528.00,3235.573029408939,2394.534670433722,284,4,49.155,
6275,2019-05-27T11:54:02Z,45.48315000,6.12220000,1531.00,3236.573029408939,2395.534670433722,285,4,49.151,
6276,2019-05-27T11:54:03Z,45.48316667,6.12216667,1534.00,3237.573029408939,2396.534670433722,286,4,49.151,
6277,2019-05-27T11:54:04Z,45.48321667,6.12211667,1537.00,3238.573029408939,2397.534670433722,287,4,49.149,
6278,2019-05-27T11:54:05Z,45.48325000,6.12206667,1540.00,3239.573029408939,2398.534670433722,288,4,49.148,
6279,2019-05-27T11:54:06Z,45.48325000,6.12201667,1543.00,3240.573029408939,2399.534670433722,289,4,49.15,
6280,2019-05-27T11:54:07Z,45.48321667,6.12196667,1546.00,3241.573029408939,2400.534670433722,290,4,49.156,
6281,2019-05-27T11:54:08Z,45.48316667,6.12191667,1550.00,3242.573029408939,2401.534670433722,291,4,49.162,
6282,2019-05-27T11:54:09Z,45.48311667,6.12186667,1553.00,3243.573029408939,2402.534670433722,292,4,49.169,
6283,2019-05-27T11:54:10Z,45.48301667,6.12185000,1556.00,3244.573029408939,2403.534670433722,293,4,49.179,
6284,2019-05-27T11:54:11Z,45.48291667,6.12185000,1558.00,3245.573029408939,2404.534670433722,294,4,49.188,
6285,2019-05-27T11:54:12Z,45.48281667,6.12191667,1560.00,3246.573029408939,2405.534670433722,295,4,49.194,
6286,2019-05-27T11:54:13Z,45.48271667,6.12201667,1562.00,3247.573029408939,2406.534670433722,296,4,49.199,
6287,2019-05-27T11:54:14Z,45.48266667,6.12216667,1564.00,3248.573029408939,2407.534670433722,297,4,49.197,
6288,2019-05-27T11:54:15Z,45.48261667,6.12235000,1565.00,3249.573029408939,2408.534670433722,298,4,49.193,
6289,2019-05-27T11:54:16Z,45.48261667,6.12251667,1567.00,3250.573029408939,2409.534670433722,299,4,49.186,
6290,2019-05-27T11:54:17Z,45.48261667,6.12271667,1569.00,3251.573029408939,2410.534670433722,300,4,49.177,
6291,2019-05-27T11:54:18Z,45.48266667,6.12286667,1570.00,3252.573029408939,2411.534670433722,301,4,49.165,
6292,2019-05-27T11:54:19Z,45.48270000,6.12305000,1571.00,3253.573029408939,2412.534670433722,302,4,49.154,
6293,2019-05-27T11:54:20Z,45.48276667,6.12321667,1574.00,3254.573029408939,2413.534670433722,303,4,49.141,
6294,2019-05-27T11:54:21Z,45.48281667,6.12336667,1577.00,3255.573029408939,2414.534670433722,304,4,49.129,
6295,2019-05-27T11:54:22Z,45.48290000,6.12350000,1582.00,3256.573029408939,2415.534670433722,305,4,49.116,
6296,2019-05-27T11:54:23Z,45.48295000,6.12361667,1586.00,3257.573029408939,2416.534670433722,306,4,49.106,
6297,2019-05-27T11:54:24Z,45.48301667,6.12371667,1590.00,3258.573029408939,2417.534670433722,307,4,49.096,
6298,2019-05-27T11:54:25Z,45.48310000,6.12376667,1593.00,3259.573029408939,2418.534670433722,308,4,49.086,
6299,2019-05-27T11:54:26Z,45.48316667,6.12381667,1596.00,3260.573029408939,2419.534670433722,309,4,49.077,
6300,2019-05-27T11:54:27Z,45.48326667,6.12385000,1597.00,3261.573029408939,2420.534670433722,310,4,49.067,
6301,2019-05-27T11:54:28Z,45.48335000,6.12385000,1599.00,3262.573029408939,2421.534670433722,311,4,49.059,
6302,2019-05-27T11:54:29Z,45.48341667,6.12381667,1601.00,3263.573029408939,2422.534670433722,312,4,49.055,
6303,2019-05-27T11:54:30Z,45.48346667,6.12380000,1603.00,3264.573029408939,2423.534670433722,313,4,49.051,
6304,2019-05-27T11:54:31Z,45.48351667,6.12376667,1605.00,3265.573029408939,2424.534670433722,314,4,49.048,
6305,2019-05-27T11:54:32Z,45.48355000,6.12371667,1608.00,3266.573029408939,2425.534670433722,315,4,49.047,
6306,2019-05-27T11:54:33Z,45.48355000,6.12366667,1610.00,3267.573029408939,2426.534670433722,316,4,49.049,
6307,2019-05-27T11:54:34Z,45.48355000,6.12361667,1611.00,3268.573029408939,2427.534670433722,317,4,49.051,
6308,2019-05-27T11:54:35Z,45.48351667,6.12356667,1612.00,3269.573029408939,2428.534670433722,318,4,49.057,
6309,2019-05-27T11:54:36Z,45.48350000,6.12350000,1614.00,3270.573029408939,2429.534670433722,319,4,49.061,
6310,2019-05-27T11:54:37Z,45.48341667,6.12345000,1616.00,3271.573029408939,2430.534670433722,320,4,49.071,
6311,2019-05-27T11:54:38Z,45.48336667,6.12341667,1619.00,3272.573029408939,2431.534670433722,321,4,49.077,
6312,2019-05-27T11:54:39Z,45.48326667,6.12341667,1623.00,3273.573029408939,2432.534670433722,322,4,49.086,
6313,2019-05-27T11:54:40Z,45.48320000,6.12341667,1627.00,3274.573029408939,2433.534670433722,323,4,49.092,
6314,2019-05-27T11:54:41Z,45.48311667,6.12350000,1631.00,3275.573029408939,2434.534670433722,324,4,49.096,
6315,2019-05-27T11:54:42Z,45.48301667,6.12360000,1634.00,3276.573029408939,2435.534670433722,325,4,49.101,
6316,2019-05-27T11:54:43Z,45.48295000,6.12371667,1637.00,3277.573029408939,2436.534670433722,326,4,49.102,
6317,2019-05-27T11:54:44Z,45.48290000,6.12391667,1639.00,3278.573029408939,2437.534670433722,327,4,49.097,
6318,2019-05-27T11:54:45Z,45.48286667,6.12410000,1639.00,3279.573029408939,2438.534670433722,328,4,49.092,
6319,2019-05-27T11:54:46Z,45.48286667,6.12430000,1641.00,3280.573029408939,2439.534670433722,329,4,49.083,
6320,2019-05-27T11:54:47Z,45.48290000,6.12446667,1643.00,3281.573029408939,2440.534670433722,330,4,49.073,
6321,2019-05-27T11:54:48Z,45.48295000,6.12461667,1646.00,3282.573029408939,2441.534670433722,331,4,49.062,
6322,2019-05-27T11:54:49Z,45.48301667,6.12471667,1649.00,3283.573029408939,2442.534670433722,332,4,49.051,
6323,2019-05-27T11:54:50Z,45.48306667,6.12480000,1652.00,3284.573029408939,2443.534670433722,333,4,49.043,
6324,2019-05-27T11:54:51Z,45.48315000,6.12485000,1654.00,3285.573029408939,2444.534670433722,334,4,49.033,
6325,2019-05-27T11:54:52Z,45.48321667,6.12486667,1655.00,3286.573029408939,2445.534670433722,335,4,49.026,
6326,2019-05-27T11:54:53Z,45.48330000,6.12490000,1658.00,3287.573029408939,2446.534670433722,336,4,49.017,
6327,2019-05-27T11:54:54Z,45.48336667,6.12491667,1660.00,3288.573029408939,2447.534670433722,337,4,49.01,
6328,2019-05-27T11:54:55Z,45.48341667,6.12491667,1663.00,3289.573029408939,2448.534670433722,338,4,49.006,
6329,2019-05-27T11:54:56Z,45.48350000,6.12490000,1665.00,3290.573029408939,2449.534670433722,339,4,48.999,
6330,2019-05-27T11:54:57Z,45.48356667,6.12490000,1667.00,3291.573029408939,2450.534670433722,340,4,48.993,
6331,2019-05-27T11:54:58Z,45.48361667,6.12491667,1668.00,3292.573029408939,2451.534670433722,341,4,48.987,
6332,2019-05-27T11:54:59Z,45.48370000,6.12491667,1669.00,3293.573029408939,2452.534670433722,342,4,48.98,
6333,2019-05-27T11:55:00Z,45.48376667,6.12496667,1670.00,3294.573029408939,2453.534670433722,343,4,48.972,
6334,2019-05-27T11:55:01Z,45.48386667,6.12505000,1671.00,3295.573029408939,2454.534670433722,344,4,48.959,
6335,2019-05-27T11:55:02Z,45.48395000,6.12511667,1672.00,3296.573029408939,2455.534670433722,345,4,48.948,
6336,2019-05-27T11:55:03Z,45.48405000,6.12521667,1674.00,3297.573029408939,2456.534670433722,346,4,48.935,
6337,2019-05-27T11:55:04Z,45.48415000,6.12530000,1676.00,3298.573029408939,2457.534670433722,347,4,48.922,
6338,2019-05-27T11:55:05Z,45.48421667,6.12536667,1678.00,3299.573029408939,2458.534670433722,348,4,48.913,
6339,2019-05-27T11:55:06Z,45.48435000,6.12545000,1680.00,3300.573029408939,2459.534670433722,349,4,48.897,
6340,2019-05-27T11:55:07Z,45.48445000,6.12551667,1680.00,3301.573029408939,2460.534670433722,350,4,48.885,
6341,2019-05-27T11:55:08Z,45.48455000,6.12561667,1681.00,3302.573029408939,2461.534670433722,351,4,48.871,
6342,2019-05-27T11:55:09Z,45.48461667,6.12571667,1682.00,3303.573029408939,2462.534670433722,352,4,48.861,
6343,2019-05-27T11:55:10Z,45.48471667,6.12585000,1682.00,3304.573029408939,2463.534670433722,353,4,48.845,
6344,2019-05-27T11:55:11Z,45.48476667,6.12596667,1683.00,3305.573029408939,2464.534670433722,354,4,48.836,
6345,2019-05-27T11:55:12Z,45.48481667,6.12606667,1684.00,3306.573029408939,2465.534670433722,355,4,48.827,
6346,2019-05-27T11:55:13Z,45.48486667,6.12615000,1685.00,3307.573029408939,2466.534670433722,356,4,48.818,
6347,2019-05-27T11:55:14Z,45.48491667,6.12621667,1685.00,3308.573029408939,2467.534670433722,357,4,48.811,
6348,2019-05-27T11:55:15Z,45.48500000,6.12626667,1685.00,3309.573029408939,2468.534670433722,358,4,48.801,
6349,2019-05-27T11:55:16Z,45.48505000,6.12636667,1683.00,3310.573029408939,2469.534670433722,359,4,48.792,
6350,2019-05-27T11:55:17Z,45.48511667,6.12650000,1680.00,3311.573029408939,2470.534670433722,360,4,48.78,
6351,2019-05-27T11:55:18Z,45.48516667,6.12665000,1676.00,3312.573029408939,2471.534670433722,361,4,48.769,
6352,2019-05-27T11:55:19Z,45.48525000,6.12680000,1672.00,3313.573029408939,2472.534670433722,362,4,48.755,
6353,2019-05-27T11:55:20Z,45.48531667,6.12695000,1670.00,3314.573029408939,2473.534670433722,363,4,48.742,
6354,2019-05-27T11:55:21Z,45.48536667,6.12706667,1670.00,3315.573029408939,2474.534670433722,364,4,48.732,
6355,2019-05-27T11:55:22Z,45.48541667,6.12721667,1670.00,3316.573029408939,2475.534670433722,365,4,48.721,
6356,2019-05-27T11:55:23Z,45.48546667,6.12740000,1668.00,3317.573029408939,2476.534670433722,366,4,48.708,
6357,2019-05-27T11:55:24Z,45.48555000,6.12755000,1667.00,3318.573029408939,2477.534670433722,367,4,48.694,
6358,2019-05-27T11:55:25Z,45.48560000,6.12770000,1666.00,3319.573029408939,2478.534670433722,368,4,48.683,
6359,2019-05-27T11:55:26Z,45.48566667,6.12786667,1665.00,3320.573029408939,2479.534670433722,369,4,48.669,
6360,2019-05-27T11:55:27Z,45.48571667,6.12801667,1665.00,3321.573029408939,2480.534670433722,370,4,48.658,
6361,2019-05-27T11:55:28Z,45.48575000,6.12816667,1664.00,3322.573029408939,2481.534670433722,371,4,48.648,
6362,2019-05-27T11:55:29Z,45.48580000,6.12835000,1663.00,3323.573029408939,2482.534670433722,372,4,48.636,
6363,2019-05-27T11:55:30Z,45.48586667,6.12851667,1661.00,3324.573029408939,2483.534670433722,373,4,48.622,
6364,2019-05-27T11:55:31Z,45.48591667,6.12866667,1659.00,3325.573029408939,2484.534670433722,374,4,48.611,
6365,2019-05-27T11:55:32Z,45.48596667,6.12885000,1657.00,3326.573029408939,2485.534670433722,375,4,48.598,
6366,2019-05-27T11:55:33Z,45.48605000,6.12901667,1656.00,3327.573029408939,2486.534670433722,376,4,48.583,
6367,2019-05-27T11:55:34Z,45.48610000,6.12916667,1655.00,3328.573029408939,2487.534670433722,377,4,48.572,
6368,2019-05-27T11:55:35Z,45.48615000,6.12930000,1654.00,3329.573029408939,2488.534670433722,378,4,48.562,
6369,2019-05-27T11:55:36Z,45.48620000,6.12945000,1653.00,3330.573029408939,2489.534670433722,379,4,48.551,
6370,2019-05-27T11:55:37Z,45.48625000,6.12960000,1651.00,3331.573029408939,2490.534670433722,380,4,48.539,
6371,2019-05-27T11:55:38Z,45.48631667,6.12975000,1646.00,3332.573029408939,2491.534670433722,381,4,48.527,
6372,2019-05-27T11:55:39Z,45.48636667,6.12991667,1642.00,3333.573029408939,2492.534670433722,382,4,48.515,
6373,2019-05-27T11:55:40Z,45.48646667,6.13010000,1637.00,3334.573029408939,2493.534670433722,383,4,48.498,
6374,2019-05-27T11:55:41Z,45.48655000,6.13026667,1631.00,3335.573029408939,2494.534670433722,384,4,48.483,
6375,2019-05-27T11:55:42Z,45.48665000,6.13046667,1626.00,3336.573029408939,2495.534670433722,385,4,48.465,
6376,2019-05-27T11:55:43Z,45.48675000,6.13065000,1622.00,3337.573029408939,2496.534670433722,386,4,48.447,
6377,2019-05-27T11:55:44Z,45.48681667,6.13081667,1620.00,3338.573029408939,2497.534670433722,387,4,48.434,
6378,2019-05-27T11:55:45Z,45.48690000,6.13096667,1620.00,3339.573029408939,2498.534670433722,388,4,48.42,
6379,2019-05-27T11:55:46Z,45.48696667,6.13110000,1620.00,3340.573029408939,2499.534670433722,389,4,48.408,
6380,2019-05-27T11:55:47Z,45.48705000,6.13125000,1619.00,3341.573029408939,2500.534670433722,390,4,48.394,
6381,2019-05-27T11:55:48Z,45.48711667,6.13141667,1616.00,3342.573029408939,2501.534670433722,391,4,48.38,
6382,2019-05-27T11:55:49Z,45.48721667,6.13160000,1612.00,3343.573029408939,2502.534670433722,392,4,48.363,
6383,2019-05-27T11:55:50Z,45.48730000,6.13176667,1610.00,3344.573029408939,2503.534670433722,393,4,48.348,
6384,2019-05-27T11:55:51Z,45.48740000,6.13190000,1609.00,3345.573029408939,2504.534670433722,394,4,48.333,
6385,2019-05-27T11:55:52Z,45.48750000,6.13201667,1609.00,3346.573029408939,2505.534670433722,395,4,48.319,
6386,2019-05-27T11:55:53Z,45.48756667,6.13215000,1610.00,3347.573029408939,2506.534670433722,396,4,48.307,
6387,2019-05-27T11:55:54Z,45.48765000,6.13226667,1611.00,3348.573029408939,2507.534670433722,397,4,48.294,
6388,2019-05-27T11:55:55Z,45.48770000,6.13240000,1612.00,3349.573029408939,2508.534670433722,398,4,48.284,
6389,2019-05-27T11:55:56Z,45.48776667,6.13255000,1611.00,3350.573029408939,2509.534670433722,399,4,48.271,
6390,2019-05-27T11:55:57Z,45.48781667,6.13270000,1609.00,3351.573029408939,2510.534670433722,400,4,48.26,
6391,2019-05-27T11:55:58Z,45.48790000,6.13285000,1608.00,3352.573029408939,2511.534670433722,401,4,48.246,
6392,2019-05-27T11:55:59Z,45.48796667,6.13301667,1606.00,3353.573029408939,2512.534670433722,402,4,48.232,
6393,2019-05-27T11:56:00Z,45.48805000,6.13316667,1605.00,3354.573029408939,2513.534670433722,403,4,48.218,
6394,2019-05-27T11:56:01Z,45.48811667,6.13335000,1605.00,3355.573029408939,2514.534670433722,404,4,48.204,
6395,2019-05-27T11:56:02Z,45.48816667,6.13351667,1603.00,3356.573029408939,2515.534670433722,405,4,48.192,
6396,2019-05-27T11:56:03Z,45.48825000,6.13370000,1603.00,3357.573029408939,2516.534670433722,406,4,48.176,
6397,2019-05-27T11:56:04Z,45.48831667,6.13385000,1605.00,3358.573029408939,2517.534670433722,407,4,48.164,
6398,2019-05-27T11:56:05Z,45.48835000,6.13396667,1609.00,3359.573029408939,2518.534670433722,408,4,48.156,
6399,2019-05-27T11:56:06Z,45.48836667,6.13406667,1611.00,3360.573029408939,2519.534670433722,409,4,48.15,
6400,2019-05-27T11:56:07Z,45.48841667,6.13416667,1612.00,3361.573029408939,2520.534670433722,410,4,48.141,
6401,2019-05-27T11:56:08Z,45.48846667,6.13426667,1610.00,3362.573029408939,2521.534670433722,411,4,48.132,
6402,2019-05-27T11:56:09Z,45.48851667,6.13441667,1606.00,3363.573029408939,2522.534670433722,412,4,48.121,
6403,2019-05-27T11:56:10Z,45.48861667,6.13460000,1601.00,3364.573029408939,2523.534670433722,413,4,48.104,
6404,2019-05-27T11:56:11Z,45.48870000,6.13480000,1597.00,3365.573029408939,2524.534670433722,414,4,48.087,
6405,2019-05-27T11:56:12Z,45.48876667,6.13496667,1597.00,3366.573029408939,2525.534670433722,415,4,48.074,
6406,2019-05-27T11:56:13Z,45.48881667,6.13510000,1602.00,3367.573029408939,2526.534670433722,416,4,48.063,
6407,2019-05-27T11:56:14Z,45.48886667,6.13520000,1607.00,3368.573029408939,2527.534670433722,417,4,48.055,
6408,2019-05-27T11:56:15Z,45.48890000,6.13530000,1608.00,3369.573029408939,2528.534670433722,418,4,48.047,
6409,2019-05-27T11:56:16Z,45.48891667,6.13541667,1608.00,3370.573029408939,2529.534670433722,419,4,48.041,
6410,2019-05-27T11:56:17Z,45.48895000,6.13555000,1606.00,3371.573029408939,2530.534670433722,420,4,48.032,
6411,2019-05-27T11:56:18Z,45.48896667,6.13571667,1602.00,3372.573029408939,2531.534670433722,421,4,48.023,
6412,2019-05-27T11:56:19Z,45.48901667,6.13590000,1597.00,3373.573029408939,2532.534670433722,422,4,48.011,
6413,2019-05-27T11:56:20Z,45.48910000,6.13606667,1592.00,3374.573029408939,2533.534670433722,423,4,47.996,
6414,2019-05-27T11:56:21Z,45.48916667,6.13625000,1589.00,3375.573029408939,2534.534670433722,424,4,47.982,
6415,2019-05-27T11:56:22Z,45.48925000,6.13636667,1589.00,3376.573029408939,2535.534670433722,425,4,47.969,
6416,2019-05-27T11:56:23Z,45.48931667,6.13651667,1590.00,3377.573029408939,2536.534670433722,426,4,47.956,
6417,2019-05-27T11:56:24Z,45.48935000,6.13666667,1591.00,3378.573029408939,2537.534670433722,427,4,47.947,
6418,2019-05-27T11:56:25Z,45.48936667,6.13681667,1590.00,3379.573029408939,2538.534670433722,428,4,47.939,
6419,2019-05-27T11:56:26Z,45.48941667,6.13696667,1588.00,3380.573029408939,2539.534670433722,429,4,47.928,
6420,2019-05-27T11:56:27Z,45.48946667,6.13715000,1584.00,3381.573029408939,2540.534670433722,430,4,47.915,
6421,2019-05-27T11:56:28Z,45.48955000,6.13731667,1579.00,3382.573029408939,2541.534670433722,431,4,47.9,
6422,2019-05-27T11:56:29Z,45.48961667,6.13751667,1575.00,3383.573029408939,2542.534670433722,432,4,47.886,
6423,2019-05-27T11:56:30Z,45.48970000,6.13771667,1571.00,3384.573029408939,2543.534670433722,433,4,47.869,
6424,2019-05-27T11:56:31Z,45.48976667,6.13791667,1569.00,3385.573029408939,2544.534670433722,434,4,47.855,
6425,2019-05-27T11:56:32Z,45.48981667,6.13811667,1568.00,3386.573029408939,2545.534670433722,435,4,47.841,
6426,2019-05-27T11:56:33Z,45.48986667,6.13830000,1567.00,3387.573029408939,2546.534670433722,436,4,47.829,
6427,2019-05-27T11:56:34Z,45.48991667,6.13846667,1566.00,3388.573029408939,2547.534670433722,437,4,47.817,
6428,2019-05-27T11:56:35Z,45.48996667,6.13866667,1564.00,3389.573029408939,2548.534670433722,438,4,47.804,
6429,2019-05-27T11:56:36Z,45.49001667,6.13881667,1561.00,3390.573029408939,2549.534670433722,439,4,47.793,
6430,2019-05-27T11:56:37Z,45.49010000,6.13901667,1558.00,3391.573029408939,2550.534670433722,440,4,47.777,
6431,2019-05-27T11:56:38Z,45.49016667,6.13921667,1555.00,3392.573029408939,2551.534670433722,441,4,47.762,
6432,2019-05-27T11:56:39Z,45.49025000,6.13941667,1551.00,3393.573029408939,2552.534670433722,442,4,47.746,
6433,2019-05-27T11:56:40Z,45.49031667,6.13960000,1549.00,3394.573029408939,2553.534670433722,443,4,47.732,
6434,2019-05-27T11:56:41Z,45.49036667,6.13980000,1547.00,3395.573029408939,2554.534670433722,444,4,47.719,
6435,2019-05-27T11:56:42Z,45.49041667,6.13996667,1545.00,3396.573029408939,2555.534670433722,445,4,47.707,
6436,2019-05-27T11:56:43Z,45.49046667,6.14016667,1544.00,3397.573029408939,2556.534670433722,446,4,47.694,
6437,2019-05-27T11:56:44Z,45.49051667,6.14035000,1542.00,3398.573029408939,2557.534670433722,447,4,47.682,
6438,2019-05-27T11:56:45Z,45.49056667,6.14051667,1540.00,3399.573029408939,2558.534670433722,448,4,47.67,
6439,2019-05-27T11:56:46Z,45.49061667,6.14071667,1536.00,3400.573029408939,2559.534670433722,449,4,47.657,
6440,2019-05-27T11:56:47Z,45.49070000,6.14090000,1533.00,3401.573029408939,2560.534670433722,450,4,47.641,
6441,2019-05-27T11:56:48Z,45.49076667,6.14106667,1528.00,3402.573029408939,2561.534670433722,451,4,47.628,
6442,2019-05-27T11:56:49Z,45.49081667,6.14126667,1525.00,3403.573029408939,2562.534670433722,452,4,47.615,
6443,2019-05-27T11:56:50Z,45.49090000,6.14145000,1522.00,3404.573029408939,2563.534670433722,453,4,47.599,
6444,2019-05-27T11:56:51Z,45.49095000,6.14161667,1522.00,3405.573029408939,2564.534670433722,454,4,47.588,
6445,2019-05-27T11:56:52Z,45.49100000,6.14180000,1521.00,3406.573029408939,2565.534670433722,455,4,47.575,
6446,2019-05-27T11:56:53Z,45.49105000,6.14196667,1518.00,3407.573029408939,2566.534670433722,456,4,47.564,
6447,2019-05-27T11:56:54Z,45.49110000,6.14216667,1515.00,3408.573029408939,2567.534670433722,457,4,47.551,
6448,2019-05-27T11:56:55Z,45.49115000,6.14236667,1510.00,3409.573029408939,2568.534670433722,458,4,47.538,
6449,2019-05-27T11:56:56Z,45.49121667,6.14260000,1505.00,3410.573029408939,2569.534670433722,459,4,47.522,
6450,2019-05-27T11:56:57Z,45.49126667,6.14280000,1501.00,3411.573029408939,2570.534670433722,460,4,47.509,
6451,2019-05-27T11:56:58Z,45.49136667,6.14300000,1498.00,3412.573029408939,2571.534670433722,461,4,47.491,
6452,2019-05-27T11:56:59Z,45.49141667,6.14320000,1496.00,3413.573029408939,2572.534670433722,462,4,47.478,
6453,2019-05-27T11:57:00Z,45.49150000,6.14336667,1494.00,3414.573029408939,2573.534670433722,463,4,47.463,
6454,2019-05-27T11:57:01Z,45.49156667,6.14355000,1492.00,3415.573029408939,2574.534670433722,464,4,47.449,
6455,2019-05-27T11:57:02Z,45.49161667,6.14371667,1491.00,3416.573029408939,2575.534670433722,465,4,47.438,
6456,2019-05-27T11:57:03Z,45.49166667,6.14386667,1489.00,3417.573029408939,2576.534670433722,466,4,47.427,
6457,2019-05-27T11:57:04Z,45.49175000,6.14406667,1485.00,3418.573029408939,2577.534670433722,467,4,47.411,
6458,2019-05-27T11:57:05Z,45.49181667,6.14425000,1480.00,3419.573029408939,2578.534670433722,468,4,47.397,
6459,2019-05-27T11:57:06Z,45.49190000,6.14441667,1474.00,3420.573029408939,2579.534670433722,469,4,47.382,
6460,2019-05-27T11:57:07Z,45.49196667,6.14461667,1469.00,3421.573029408939,2580.534670433722,470,4,47.367,
6461,2019-05-27T11:57:08Z,45.49206667,6.14476667,1466.00,3422.573029408939,2581.534670433722,471,4,47.352,
6462,2019-05-27T11:57:09Z,45.49211667,6.14496667,1464.00,3423.573029408939,2582.534670433722,472,4,47.339,
6463,2019-05-27T11:57:10Z,45.49221667,6.14511667,1463.00,3424.573029408939,2583.534670433722,473,4,47.323,
6464,2019-05-27T11:57:11Z,45.49226667,6.14530000,1460.00,3425.573029408939,2584.534670433722,474,4,47.311,
6465,2019-05-27T11:57:12Z,45.49235000,6.14546667,1458.00,3426.573029408939,2585.534670433722,475,4,47.296,
6466,2019-05-27T11:57:13Z,45.49241667,6.14565000,1454.00,3427.573029408939,2586.534670433722,476,4,47.282,
6467,2019-05-27T11:57:14Z,45.49250000,6.14581667,1451.00,3428.573029408939,2587.534670433722,477,4,47.268,
6468,2019-05-27T11:57:15Z,45.49256667,6.14600000,1447.00,3429.573029408939,2588.534670433722,478,4,47.254,
6469,2019-05-27T11:57:16Z,45.49265000,6.14616667,1444.00,3430.573029408939,2589.534670433722,479,4,47.239,
6470,2019-05-27T11:57:17Z,45.49271667,6.14635000,1440.00,3431.573029408939,2590.534670433722,480,4,47.225,
6471,2019-05-27T11:57:18Z,45.49280000,6.14651667,1437.00,3432.573029408939,2591.534670433722,481,4,47.211,
6472,2019-05-27T11:57:19Z,45.49286667,6.14671667,1432.00,3433.573029408939,2592.534670433722,482,4,47.196,
6473,2019-05-27T11:57:20Z,45.49296667,6.14690000,1428.00,3434.573029408939,2593.534670433722,483,4,47.179,
6474,2019-05-27T11:57:21Z,45.49306667,6.14706667,1424.00,3435.573029408939,2594.534670433722,484,4,47.163,
6475,2019-05-27T11:57:22Z,45.49316667,6.14721667,1422.00,3436.573029408939,2595.534670433722,485,4,47.147,
6476,2019-05-27T11:57:23Z,45.49321667,6.14736667,1424.00,3437.573029408939,2596.534670433722,486,4,47.136,
6477,2019-05-27T11:57:24Z,45.49330000,6.14751667,1424.00,3438.573029408939,2597.534670433722,487,4,47.122,
6478,2019-05-27T11:57:25Z,45.49336667,6.14766667,1422.00,3439.573029408939,2598.534670433722,488,4,47.11,
6479,2019-05-27T11:57:26Z,45.49341667,6.14785000,1420.00,3440.573029408939,2599.534670433722,489,4,47.098,
6480,2019-05-27T11:57:27Z,45.49350000,6.14801667,1418.00,3441.573029408939,2600.534670433722,490,4,47.083,
6481,2019-05-27T11:57:28Z,45.49356667,6.14820000,1417.00,3442.573029408939,2601.534670433722,491,4,47.069,
6482,2019-05-27T11:57:29Z,45.49366667,6.14835000,1416.00,3443.573029408939,2602.534670433722,492,4,47.054,
6483,2019-05-27T11:57:30Z,45.49371667,6.14846667,1416.00,3444.573029408939,2603.534670433722,493,4,47.044,
6484,2019-05-27T11:57:31Z,45.49380000,6.14865000,1416.00,3445.573029408939,2604.534670433722,494,4,47.029,
6485,2019-05-27T11:57:32Z,45.49386667,6.14881667,1414.00,3446.573029408939,2605.534670433722,495,4,47.016,
6486,2019-05-27T11:57:33Z,45.49396667,6.14896667,1412.00,3447.573029408939,2606.534670433722,496,4,47.0,
6487,2019-05-27T11:57:34Z,45.49405000,6.14915000,1411.00,3448.573029408939,2607.534670433722,497,4,46.985,
6488,2019-05-27T11:57:35Z,45.49411667,6.14931667,1411.00,3449.573029408939,2608.534670433722,498,4,46.972,
6489,2019-05-27T11:57:36Z,45.49420000,6.14946667,1412.00,3450.573029408939,2609.534670433722,499,4,46.958,
6490,2019-05-27T11:57:37Z,45.49425000,6.14961667,1413.00,3451.573029408939,2610.534670433722,500,4,46.947,
6491,2019-05-27T11:57:38Z,45.49431667,6.14976667,1413.00,3452.573029408939,2611.534670433722,501,4,46.935,
6492,2019-05-27T11:57:39Z,45.49436667,6.14995000,1411.00,3453.573029408939,2612.534670433722,502,4,46.922,
6493,2019-05-27T11:57:40Z,45.49445000,6.15011667,1410.00,3454.573029408939,2613.534670433722,503,4,46.908,
6494,2019-05-27T11:57:41Z,45.49451667,6.15030000,1409.00,3455.573029408939,2614.534670433722,504,4,46.894,
6495,2019-05-27T11:57:42Z,45.49456667,6.15046667,1409.00,3456.573029408939,2615.534670433722,505,4,46.883,
6496,2019-05-27T11:57:43Z,45.49465000,6.15065000,1411.00,3457.573029408939,2616.534670433722,506,4,46.867,
6497,2019-05-27T11:57:44Z,45.49470000,6.15081667,1411.00,3458.573029408939,2617.534670433722,507,4,46.856,
6498,2019-05-27T11:57:45Z,45.49475000,6.15100000,1412.00,3459.573029408939,2618.534670433722,508,4,46.844,
6499,2019-05-27T11:57:46Z,45.49480000,6.15116667,1413.00,3460.573029408939,2619.534670433722,509,4,46.832,
6500,2019-05-27T11:57:47Z,45.49481667,6.15136667,1413.00,3461.573029408939,2620.534670433722,510,4,46.823,
6501,2019-05-27T11:57:48Z,45.49486667,6.15156667,1413.00,3462.573029408939,2621.534670433722,511,4,46.81,
6502,2019-05-27T11:57:49Z,45.49491667,6.15176667,1411.00,3463.573029408939,2622.534670433722,512,4,46.797,
6503,2019-05-27T11:57:50Z,45.49500000,6.15195000,1409.00,3464.573029408939,2623.534670433722,513,4,46.782,
6504,2019-05-27T11:57:51Z,45.49506667,6.15211667,1409.00,3465.573029408939,2624.534670433722,514,4,46.769,
6505,2019-05-27T11:57:52Z,45.49511667,6.15230000,1411.00,3466.573029408939,2625.534670433722,515,4,46.757,
6506,2019-05-27T11:57:53Z,45.49511667,6.15241667,1415.00,3467.573029408939,2626.534670433722,516,4,46.752,
6507,2019-05-27T11:57:54Z,45.49511667,6.15255000,1417.00,3468.573029408939,2627.534670433722,517,4,46.747,
6508,2019-05-27T11:57:55Z,45.49511667,6.15266667,1417.00,3469.573029408939,2628.534670433722,518,4,46.742,
6509,2019-05-27T11:57:56Z,45.49511667,6.15280000,1414.00,3470.573029408939,2629.534670433722,519,4,46.737,
6510,2019-05-27T11:57:57Z,45.49516667,6.15295000,1409.00,3471.573029408939,2630.534670433722,520,4,46.726,
6511,2019-05-27T11:57:58Z,45.49521667,6.15311667,1403.00,3472.573029408939,2631.534670433722,521,4,46.715,
6512,2019-05-27T11:57:59Z,45.49526667,6.15335000,1396.00,3473.573029408939,2632.534670433722,522,4,46.701,
6513,2019-05-27T11:58:00Z,45.49535000,6.15355000,1392.00,3474.573029408939,2633.534670433722,523,4,46.685,
6514,2019-05-27T11:58:01Z,45.49540000,6.15371667,1393.00,3475.573029408939,2634.534670433722,524,4,46.673,
6515,2019-05-27T11:58:02Z,45.49541667,6.15386667,1395.00,3476.573029408939,2635.534670433722,525,4,46.666,
6516,2019-05-27T11:58:03Z,45.49546667,6.15401667,1395.00,3477.573029408939,2636.534670433722,526,4,46.655,
6517,2019-05-27T11:58:04Z,45.49551667,6.15416667,1394.00,3478.573029408939,2637.534670433722,527,4,46.644,
6518,2019-05-27T11:58:05Z,45.49556667,6.15431667,1391.00,3479.573029408939,2638.534670433722,528,4,46.634,
6519,2019-05-27T11:58:06Z,45.49561667,6.15451667,1387.00,3480.573029408939,2639.534670433722,529,4,46.621,
6520,2019-05-27T11:58:07Z,45.49566667,6.15471667,1383.00,3481.573029408939,2640.534670433722,530,4,46.608,
6521,2019-05-27T11:58:08Z,45.49571667,6.15491667,1382.00,3482.573029408939,2641.534670433722,531,4,46.596,
6522,2019-05-27T11:58:09Z,45.49576667,6.15506667,1383.00,3483.573029408939,2642.534670433722,532,4,46.585,
6523,2019-05-27T11:58:10Z,45.49586667,6.15516667,1385.00,3484.573029408939,2643.534670433722,533,4,46.572,
6524,2019-05-27T11:58:11Z,45.49591667,6.15521667,1387.00,3485.573029408939,2644.534670433722,534,4,46.565,
6525,2019-05-27T11:58:12Z,45.49600000,6.15525000,1387.00,3486.573029408939,2645.534670433722,535,4,46.555,
6526,2019-05-27T11:58:13Z,45.49605000,6.15530000,1386.00,3487.573029408939,2646.534670433722,536,4,46.549,
6527,2019-05-27T11:58:14Z,45.49610000,6.15536667,1383.00,3488.573029408939,2647.534670433722,537,4,46.541,
6528,2019-05-27T11:58:15Z,45.49616667,6.15551667,1377.00,3489.573029408939,2648.534670433722,538,4,46.529,
6529,2019-05-27T11:58:16Z,45.49625000,6.15566667,1371.00,3490.573029408939,2649.534670433722,539,4,46.515,
6530,2019-05-27T11:58:17Z,45.49631667,6.15586667,1366.00,3491.573029408939,2650.534670433722,540,4,46.501,
6531,2019-05-27T11:58:18Z,45.49636667,6.15601667,1365.00,3492.573029408939,2651.534670433722,541,4,46.49,
6532,2019-05-27T11:58:19Z,45.49641667,6.15616667,1366.00,3493.573029408939,2652.534670433722,542,4,46.48,
6533,2019-05-27T11:58:20Z,45.49645000,6.15631667,1366.00,3494.573029408939,2653.534670433722,543,4,46.471,
6534,2019-05-27T11:58:21Z,45.49646667,6.15646667,1366.00,3495.573029408939,2654.534670433722,544,4,46.463,
6535,2019-05-27T11:58:22Z,45.49651667,6.15661667,1364.00,3496.573029408939,2655.534670433722,545,4,46.452,
6536,2019-05-27T11:58:23Z,45.49656667,6.15680000,1361.00,3497.573029408939,2656.534670433722,546,4,46.44,
6537,2019-05-27T11:58:24Z,45.49661667,6.15696667,1357.00,3498.573029408939,2657.534670433722,547,4,46.429,
6538,2019-05-27T11:58:25Z,45.49670000,6.15716667,1354.00,3499.573029408939,2658.534670433722,548,4,46.413,
6539,2019-05-27T11:58:26Z,45.49676667,6.15736667,1351.00,3500.573029408939,2659.534670433722,549,4,46.399,
6540,2019-05-27T11:58:27Z,45.49686667,6.15756667,1348.00,3501.573029408939,2660.534670433722,550,4,46.382,
6541,2019-05-27T11:58:28Z,45.49691667,6.15776667,1346.00,3502.573029408939,2661.534670433722,551,4,46.369,
6542,2019-05-27T11:58:29Z,45.49700000,6.15796667,1345.00,3503.573029408939,2662.534670433722,552,4,46.354,
6543,2019-05-27T11:58:30Z,45.49706667,6.15816667,1344.00,3504.573029408939,2663.534670433722,553,4,46.339,
6544,2019-05-27T11:58:31Z,45.49711667,6.15835000,1343.00,3505.573029408939,2664.534670433722,554,4,46.327,
6545,2019-05-27T11:58:32Z,45.49720000,6.15851667,1342.00,3506.573029408939,2665.534670433722,555,4,46.312,
6546,2019-05-27T11:58:33Z,45.49726667,6.15870000,1340.00,3507.573029408939,2666.534670433722,556,4,46.299,
6547,2019-05-27T11:58:34Z,45.49731667,6.15890000,1338.00,3508.573029408939,2667.534670433722,557,4,46.286,
6548,2019-05-27T11:58:35Z,45.49736667,6.15910000,1335.00,3509.573029408939,2668.534670433722,558,4,46.273,
6549,2019-05-27T11:58:36Z,45.49745000,6.15930000,1332.00,3510.573029408939,2669.534670433722,559,4,46.257,
6550,2019-05-27T11:58:37Z,45.49751667,6.15950000,1330.00,3511.573029408939,2670.534670433722,560,4,46.242,
6551,2019-05-27T11:58:38Z,45.49756667,6.15971667,1329.00,3512.573029408939,2671.534670433722,561,4,46.229,
6552,2019-05-27T11:58:39Z,45.49761667,6.15991667,1327.00,3513.573029408939,2672.534670433722,562,4,46.216,
6553,2019-05-27T11:58:40Z,45.49766667,6.16011667,1325.00,3514.573029408939,2673.534670433722,563,4,46.203,
6554,2019-05-27T11:58:41Z,45.49771667,6.16031667,1324.00,3515.573029408939,2674.534670433722,564,4,46.19,
6555,2019-05-27T11:58:42Z,45.49776667,6.16051667,1323.00,3516.573029408939,2675.534670433722,565,4,46.177,
6556,2019-05-27T11:58:43Z,45.49781667,6.16066667,1325.00,3517.573029408939,2676.534670433722,566,4,46.167,
6557,2019-05-27T11:58:44Z,45.49786667,6.16081667,1328.00,3518.573029408939,2677.534670433722,567,4,46.156,
6558,2019-05-27T11:58:45Z,45.49790000,6.16095000,1330.00,3519.573029408939,2678.534670433722,568,4,46.147,
6559,2019-05-27T11:58:46Z,45.49791667,6.16110000,1330.00,3520.573029408939,2679.534670433722,569,4,46.14,
6560,2019-05-27T11:58:47Z,45.49796667,6.16126667,1328.00,3521.573029408939,2680.534670433722,570,4,46.128,
6561,2019-05-27T11:58:48Z,45.49801667,6.16145000,1325.00,3522.573029408939,2681.534670433722,571,4,46.116,
6562,2019-05-27T11:58:49Z,45.49806667,6.16165000,1322.00,3523.573029408939,2682.534670433722,572,4,46.103,
6563,2019-05-27T11:58:50Z,45.49811667,6.16186667,1321.00,3524.573029408939,2683.534670433722,573,4,46.09,
6564,2019-05-27T11:58:51Z,45.49816667,6.16205000,1322.00,3525.573029408939,2684.534670433722,574,4,46.078,
6565,2019-05-27T11:58:52Z,45.49816667,6.16221667,1324.00,3526.573029408939,2685.534670433722,575,4,46.071,
6566,2019-05-27T11:58:53Z,45.49821667,6.16236667,1326.00,3527.573029408939,2686.534670433722,576,4,46.06,
6567,2019-05-27T11:58:54Z,45.49825000,6.16251667,1325.00,3528.573029408939,2687.534670433722,577,4,46.051,
6568,2019-05-27T11:58:55Z,45.49831667,6.16266667,1322.00,3529.573029408939,2688.534670433722,578,4,46.039,
6569,2019-05-27T11:58:56Z,45.49836667,6.16285000,1318.00,3530.573029408939,2689.534670433722,579,4,46.026,
6570,2019-05-27T11:58:57Z,45.49845000,6.16305000,1313.00,3531.573029408939,2690.534670433722,580,4,46.011,
6571,2019-05-27T11:58:58Z,45.49851667,6.16325000,1311.00,3532.573029408939,2691.534670433722,581,4,45.996,
6572,2019-05-27T11:58:59Z,45.49856667,6.16341667,1311.00,3533.573029408939,2692.534670433722,582,4,45.985,
6573,2019-05-27T11:59:00Z,45.49861667,6.16360000,1312.00,3534.573029408939,2693.534670433722,583,4,45.973,
6574,2019-05-27T11:59:01Z,45.49866667,6.16376667,1313.00,3535.573029408939,2694.534670433722,584,4,45.961,
6575,2019-05-27T11:59:02Z,45.49871667,6.16391667,1314.00,3536.573029408939,2695.534670433722,585,4,45.951,
6576,2019-05-27T11:59:03Z,45.49876667,6.16406667,1313.00,3537.573029408939,2696.534670433722,586,4,45.94,
6577,2019-05-27T11:59:04Z,45.49885000,6.16425000,1312.00,3538.573029408939,2697.534670433722,587,4,45.925,
6578,2019-05-27T11:59:05Z,45.49891667,6.16441667,1310.00,3539.573029408939,2698.534670433722,588,4,45.912,
6579,2019-05-27T11:59:06Z,45.49896667,6.16460000,1308.00,3540.573029408939,2699.534670433722,589,4,45.9,
6580,2019-05-27T11:59:07Z,45.49906667,6.16476667,1307.00,3541.573029408939,2700.534670433722,590,4,45.883,
6581,2019-05-27T11:59:08Z,45.49911667,6.16495000,1307.00,3542.573029408939,2701.534670433722,591,4,45.871,
6582,2019-05-27T11:59:09Z,45.49916667,6.16511667,1308.00,3543.573029408939,2702.534670433722,592,4,45.86,
6583,2019-05-27T11:59:10Z,45.49921667,6.16526667,1307.00,3544.573029408939,2703.534670433722,593,4,45.849,
6584,2019-05-27T11:59:11Z,45.49926667,6.16546667,1307.00,3545.573029408939,2704.534670433722,594,4,45.837,
6585,2019-05-27T11:59:12Z,45.49931667,6.16565000,1304.00,3546.573029408939,2705.534670433722,595,4,45.825,
6586,2019-05-27T11:59:13Z,45.49936667,6.16585000,1301.00,3547.573029408939,2706.534670433722,596,4,45.812,
6587,2019-05-27T11:59:14Z,45.49946667,6.16605000,1295.00,3548.573029408939,2707.534670433722,597,4,45.795,
6588,2019-05-27T11:59:15Z,45.49956667,6.16626667,1290.00,3549.573029408939,2708.534670433722,598,4,45.777,
6589,2019-05-27T11:59:16Z,45.49965000,6.16650000,1287.00,3550.573029408939,2709.534670433722,599,4,45.759,
6590,2019-05-27T11:59:17Z,45.49971667,6.16671667,1288.00,3551.573029408939,2710.534670433722,600,4,45.745,
6591,2019-05-27T11:59:18Z,45.49980000,6.16690000,1290.00,3552.573029408939,2711.534670433722,601,4,45.729,
6592,2019-05-27T11:59:19Z,45.49986667,6.16705000,1292.00,3553.573029408939,2712.534670433722,602,4,45.717,
6593,2019-05-27T11:59:20Z,45.49996667,6.16716667,1293.00,3554.573029408939,2713.534670433722,603,4,45.703,
6594,2019-05-27T11:59:21Z,45.50005000,6.16731667,1291.00,3555.573029408939,2714.534670433722,604,4,45.689,
6595,2019-05-27T11:59:22Z,45.50011667,6.16750000,1287.00,3556.573029408939,2715.534670433722,605,4,45.676,
6596,2019-05-27T11:59:23Z,45.50021667,6.16770000,1281.00,3557.573029408939,2716.534670433722,606,4,45.658,
6597,2019-05-27T11:59:24Z,45.50031667,6.16790000,1276.00,3558.573029408939,2717.534670433722,607,4,45.641,
6598,2019-05-27T11:59:25Z,45.50040000,6.16811667,1272.00,3559.573029408939,2718.534670433722,608,4,45.624,
6599,2019-05-27T11:59:26Z,45.50046667,6.16831667,1272.00,3560.573029408939,2719.534670433722,609,4,45.61,
6600,2019-05-27T11:59:27Z,45.50055000,6.16850000,1272.00,3561.573029408939,2720.534670433722,610,4,45.595,
6601,2019-05-27T11:59:28Z,45.50061667,6.16870000,1271.00,3562.573029408939,2721.534670433722,611,4,45.581,
6602,2019-05-27T11:59:29Z,45.50066667,6.16886667,1270.00,3563.573029408939,2722.534670433722,612,4,45.57,
6603,2019-05-27T11:59:30Z,45.50075000,6.16906667,1268.00,3564.573029408939,2723.534670433722,613,4,45.554,
6604,2019-05-27T11:59:31Z,45.50081667,6.16926667,1263.00,3565.573029408939,2724.534670433722,614,4,45.54,
6605,2019-05-27T11:59:32Z,45.50091667,6.16946667,1258.00,3566.573029408939,2725.534670433722,615,4,45.522,
6606,2019-05-27T11:59:33Z,45.50100000,6.16966667,1255.00,3567.573029408939,2726.534670433722,616,4,45.507,
6607,2019-05-27T11:59:34Z,45.50110000,6.16986667,1254.00,3568.573029408939,2727.534670433722,617,4,45.489,
6608,2019-05-27T11:59:35Z,45.50116667,6.17005000,1253.00,3569.573029408939,2728.534670433722,618,4,45.476,
6609,2019-05-27T11:59:36Z,45.50125000,6.17021667,1253.00,3570.573029408939,2729.534670433722,619,4,45.461,
6610,2019-05-27T11:59:37Z,45.50131667,6.17040000,1252.00,3571.573029408939,2730.534670433722,620,4,45.448,
6611,2019-05-27T11:59:38Z,45.50140000,6.17056667,1251.00,3572.573029408939,2731.534670433722,621,4,45.433,
6612,2019-05-27T11:59:39Z,45.50145000,6.17071667,1251.00,3573.573029408939,2732.534670433722,622,4,45.423,
6613,2019-05-27T11:59:40Z,45.50151667,6.17090000,1249.00,3574.573029408939,2733.534670433722,623,4,45.409,
6614,2019-05-27T11:59:41Z,45.50160000,6.17106667,1246.00,3575.573029408939,2734.534670433722,624,4,45.395,
6615,2019-05-27T11:59:42Z,45.50166667,6.17126667,1242.00,3576.573029408939,2735.534670433722,625,4,45.381,
6616,2019-05-27T11:59:43Z,45.50175000,6.17145000,1238.00,3577.573029408939,2736.534670433722,626,4,45.366,
6617,2019-05-27T11:59:44Z,45.50181667,6.17165000,1235.00,3578.573029408939,2737.534670433722,627,4,45.352,
6618,2019-05-27T11:59:45Z,45.50191667,6.17185000,1232.00,3579.573029408939,2738.534670433722,628,4,45.335,
6619,2019-05-27T11:59:46Z,45.50196667,6.17201667,1231.00,3580.573029408939,2739.534670433722,629,4,45.323,
6620,2019-05-27T11:59:47Z,45.50205000,6.17221667,1230.00,3581.573029408939,2740.534670433722,630,4,45.308,
6621,2019-05-27T11:59:48Z,45.50211667,6.17240000,1229.00,3582.573029408939,2741.534670433722,631,4,45.294,
6622,2019-05-27T11:59:49Z,45.50221667,6.17256667,1226.00,3583.573029408939,2742.534670433722,632,4,45.278,
6623,2019-05-27T11:59:50Z,45.50235000,6.17275000,1222.00,3584.573029408939,2743.534670433722,633,4,45.258,
6624,2019-05-27T11:59:51Z,45.50245000,6.17295000,1218.00,3585.573029408939,2744.534670433722,634,4,45.241,
6625,2019-05-27T11:59:52Z,45.50255000,6.17311667,1215.00,3586.573029408939,2745.534670433722,635,4,45.225,
6626,2019-05-27T11:59:53Z,45.50265000,6.17331667,1213.00,3587.573029408939,2746.534670433722,636,4,45.208,
6627,2019-05-27T11:59:54Z,45.50271667,6.17351667,1213.00,3588.573029408939,2747.534670433722,637,4,45.194,
6628,2019-05-27T11:59:55Z,45.50280000,6.17370000,1212.00,3589.573029408939,2748.534670433722,638,4,45.179,
6629,2019-05-27T11:59:56Z,45.50286667,6.17386667,1211.00,3590.573029408939,2749.534670433722,639,4,45.166,
6630,2019-05-27T11:59:57Z,45.50296667,6.17406667,1209.00,3591.573029408939,2750.534670433722,640,4,45.149,
6631,2019-05-27T11:59:58Z,45.50306667,6.17425000,1205.00,3592.573029408939,2751.534670433722,641,4,45.132,
6632,2019-05-27T11:59:59Z,45.50320000,6.17445000,1201.00,3593.573029408939,2752.534670433722,642,4,45.112,
6633,2019-05-27T12:00:00Z,45.50330000,6.17465000,1198.00,3594.573029408939,2753.534670433722,643,4,45.095,
6634,2019-05-27T12:00:01Z,45.50340000,6.17485000,1197.00,3595.573029408939,2754.534670433722,644,4,45.077,
6635,2019-05-27T12:00:02Z,45.50346667,6.17505000,1196.00,3596.573029408939,2755.534670433722,645,4,45.063,
6636,2019-05-27T12:00:03Z,45.50355000,6.17525000,1196.00,3597.573029408939,2756.534670433722,646,4,45.048,
6637,2019-05-27T12:00:04Z,45.50361667,6.17541667,1196.00,3598.573029408939,2757.534670433722,647,4,45.035,
6638,2019-05-27T12:00:05Z,45.50366667,6.17561667,1194.00,3599.573029408939,2758.534670433722,648,4,45.023,
6639,2019-05-27T12:00:06Z,45.50376667,6.17581667,1191.00,3600.573029408939,2759.534670433722,649,4,45.006,
6640,2019-05-27T12:00:07Z,45.50386667,6.17601667,1188.00,3601.573029408939,2760.534670433722,650,4,44.989,
6641,2019-05-27T12:00:08Z,45.50396667,6.17621667,1183.00,3602.573029408939,2761.534670433722,651,4,44.971,
6642,2019-05-27T12:00:09Z,45.50406667,6.17641667,1179.00,3603.573029408939,2762.534670433722,652,4,44.954,
6643,2019-05-27T12:00:10Z,45.50415000,6.17661667,1177.00,3604.573029408939,2763.534670433722,653,4,44.939,
6644,2019-05-27T12:00:11Z,45.50421667,6.17681667,1176.00,3605.573029408939,2764.534670433722,654,4,44.925,
6645,2019-05-27T12:00:12Z,45.50426667,6.17705000,1175.00,3606.573029408939,2765.534670433722,655,4,44.911,
6646,2019-05-27T12:00:13Z,45.50435000,6.17721667,1173.00,3607.573029408939,2766.534670433722,656,4,44.897,
6647,2019-05-27T12:00:14Z,45.50441667,6.17741667,1170.00,3608.573029408939,2767.534670433722,657,4,44.883,
6648,2019-05-27T12:00:15Z,45.50451667,6.17761667,1167.00,3609.573029408939,2768.534670433722,658,4,44.866,
6649,2019-05-27T12:00:16Z,45.50460000,6.17785000,1164.00,3610.573029408939,2769.534670433722,659,4,44.849,
6650,2019-05-27T12:00:17Z,45.50470000,6.17806667,1159.00,3611.573029408939,2770.534670433722,660,4,44.832,
6651,2019-05-27T12:00:18Z,45.50476667,6.17826667,1156.00,3612.573029408939,2771.534670433722,661,4,44.818,
6652,2019-05-27T12:00:19Z,45.50485000,6.17846667,1153.00,3613.573029408939,2772.534670433722,662,4,44.802,
6653,2019-05-27T12:00:20Z,45.50491667,6.17870000,1153.00,3614.573029408939,2773.534670433722,663,4,44.787,
6654,2019-05-27T12:00:21Z,45.50501667,6.17891667,1151.00,3615.573029408939,2774.534670433722,664,4,44.77,
6655,2019-05-27T12:00:22Z,45.50510000,6.17911667,1148.00,3616.573029408939,2775.534670433722,665,4,44.754,
6656,2019-05-27T12:00:23Z,45.50516667,6.17931667,1145.00,3617.573029408939,2776.534670433722,666,4,44.74,
6657,2019-05-27T12:00:24Z,45.50526667,6.17955000,1143.00,3618.573029408939,2777.534670433722,667,4,44.722,
6658,2019-05-27T12:00:25Z,45.50535000,6.17976667,1140.00,3619.573029408939,2778.534670433722,668,4,44.706,
6659,2019-05-27T12:00:26Z,45.50541667,6.17996667,1138.00,3620.573029408939,2779.534670433722,669,4,44.692,
6660,2019-05-27T12:00:27Z,45.50550000,6.18016667,1135.00,3621.573029408939,2780.534670433722,670,4,44.677,
6661,2019-05-27T12:00:28Z,45.50560000,6.18040000,1134.00,3622.573029408939,2781.534670433722,671,4,44.659,
6662,2019-05-27T12:00:29Z,45.50566667,6.18061667,1131.00,3623.573029408939,2782.534670433722,672,4,44.644,
6663,2019-05-27T12:00:30Z,45.50576667,6.18081667,1128.00,3624.573029408939,2783.534670433722,673,4,44.627,
6664,2019-05-27T12:00:31Z,45.50585000,6.18106667,1126.00,3625.573029408939,2784.534670433722,674,4,44.61,
6665,2019-05-27T12:00:32Z,45.50591667,6.18130000,1125.00,3626.573029408939,2785.534670433722,675,4,44.595,
6666,2019-05-27T12:00:33Z,45.50600000,6.18151667,1123.00,3627.573029408939,2786.534670433722,676,4,44.579,
6667,2019-05-27T12:00:34Z,45.50606667,6.18171667,1122.00,3628.573029408939,2787.534670433722,677,4,44.566,
6668,2019-05-27T12:00:35Z,45.50615000,6.18195000,1122.00,3629.573029408939,2788.534670433722,678,4,44.549,
6669,2019-05-27T12:00:36Z,45.50621667,6.18211667,1121.00,3630.573029408939,2789.534670433722,679,4,44.537,
6670,2019-05-27T12:00:37Z,45.50626667,6.18231667,1120.00,3631.573029408939,2790.534670433722,680,4,44.525,
6671,2019-05-27T12:00:38Z,45.50635000,6.18251667,1119.00,3632.573029408939,2791.534670433722,681,4,44.509,
6672,2019-05-27T12:00:39Z,45.50641667,6.18270000,1116.00,3633.573029408939,2792.534670433722,682,4,44.496,
6673,2019-05-27T12:00:40Z,45.50650000,6.18286667,1112.00,3634.573029408939,2793.534670433722,683,4,44.482,
6674,2019-05-27T12:00:41Z,45.50656667,6.18306667,1109.00,3635.573029408939,2794.534670433722,684,4,44.469,
6675,2019-05-27T12:00:42Z,45.50666667,6.18325000,1106.00,3636.573029408939,2795.534670433722,685,4,44.452,
6676,2019-05-27T12:00:43Z,45.50675000,6.18345000,1102.00,3637.573029408939,2796.534670433722,686,4,44.437,
6677,2019-05-27T12:00:44Z,45.50681667,6.18365000,1100.00,3638.573029408939,2797.534670433722,687,4,44.423,
6678,2019-05-27T12:00:45Z,45.50686667,6.18381667,1099.00,3639.573029408939,2798.534670433722,688,4,44.412,
6679,2019-05-27T12:00:46Z,45.50691667,6.18401667,1096.00,3640.573029408939,2799.534670433722,689,4,44.401,
6680,2019-05-27T12:00:47Z,45.50700000,6.18420000,1094.00,3641.573029408939,2800.534670433722,690,4,44.386,
6681,2019-05-27T12:00:48Z,45.50706667,6.18436667,1091.00,3642.573029408939,2801.534670433722,691,4,44.373,
6682,2019-05-27T12:00:49Z,45.50716667,6.18456667,1087.00,3643.573029408939,2802.534670433722,692,4,44.357,
6683,2019-05-27T12:00:50Z,45.50725000,6.18476667,1081.00,3644.573029408939,2803.534670433722,693,4,44.341,
6684,2019-05-27T12:00:51Z,45.50731667,6.18500000,1077.00,3645.573029408939,2804.534670433722,694,4,44.327,
6685,2019-05-27T12:00:52Z,45.50736667,6.18521667,1074.00,3646.573029408939,2805.534670433722,695,4,44.314,
6686,2019-05-27T12:00:53Z,45.50746667,6.18541667,1070.00,3647.573029408939,2806.534670433722,696,4,44.297,
6687,2019-05-27T12:00:54Z,45.50751667,6.18561667,1069.00,3648.573029408939,2807.534670433722,697,4,44.285,
6688,2019-05-27T12:00:55Z,45.50760000,6.18581667,1068.00,3649.573029408939,2808.534670433722,698,4,44.27,
6689,2019-05-27T12:00:56Z,45.50766667,6.18601667,1067.00,3650.573029408939,2809.534670433722,699,4,44.257,
6690,2019-05-27T12:00:57Z,45.50771667,6.18621667,1065.00,3651.573029408939,2810.534670433722,700,4,44.245,
6691,2019-05-27T12:00:58Z,45.50780000,6.18640000,1062.00,3652.573029408939,2811.534670433722,701,4,44.23,
6692,2019-05-27T12:00:59Z,45.50786667,6.18661667,1058.00,3653.573029408939,2812.534670433722,702,4,44.216,
6693,2019-05-27T12:01:00Z,45.50791667,6.18681667,1053.00,3654.573029408939,2813.534670433722,703,4,44.205,
6694,2019-05-27T12:01:01Z,45.50801667,6.18705000,1050.00,3655.573029408939,2814.534670433722,704,4,44.187,
6695,2019-05-27T12:01:02Z,45.50810000,6.18726667,1045.00,3656.573029408939,2815.534670433722,705,4,44.171,
6696,2019-05-27T12:01:03Z,45.50816667,6.18746667,1044.00,3657.573029408939,2816.534670433722,706,4,44.157,
6697,2019-05-27T12:01:04Z,45.50825000,6.18770000,1042.00,3658.573029408939,2817.534670433722,707,4,44.141,
6698,2019-05-27T12:01:05Z,45.50830000,6.18790000,1042.00,3659.573029408939,2818.534670433722,708,4,44.13,
6699,2019-05-27T12:01:06Z,45.50836667,6.18806667,1041.00,3660.573029408939,2819.534670433722,709,4,44.117,
6700,2019-05-27T12:01:07Z,45.50845000,6.18825000,1039.00,3661.573029408939,2820.534670433722,710,4,44.103,
6701,2019-05-27T12:01:08Z,45.50851667,6.18841667,1036.00,3662.573029408939,2821.534670433722,711,4,44.09,
6702,2019-05-27T12:01:09Z,45.50860000,6.18861667,1029.00,3663.573029408939,2822.534670433722,712,4,44.075,
6703,2019-05-27T12:01:10Z,45.50870000,6.18885000,1023.00,3664.573029408939,2823.534670433722,713,4,44.058,
6704,2019-05-27T12:01:11Z,45.50876667,6.18906667,1016.00,3665.573029408939,2824.534670433722,714,4,44.044,
6705,2019-05-27T12:01:12Z,45.50886667,6.18930000,1013.00,3666.573029408939,2825.534670433722,715,4,44.026,
6706,2019-05-27T12:01:13Z,45.50895000,6.18951667,1011.00,3667.573029408939,2826.534670433722,716,4,44.01,
6707,2019-05-27T12:01:14Z,45.50901667,6.18971667,1010.00,3668.573029408939,2827.534670433722,717,4,43.997,
6708,2019-05-27T12:01:15Z,45.50906667,6.18991667,1008.00,3669.573029408939,2828.534670433722,718,4,43.985,
6709,2019-05-27T12:01:16Z,45.50915000,6.19015000,1006.00,3670.573029408939,2829.534670433722,719,4,43.969,
6710,2019-05-27T12:01:17Z,45.50921667,6.19036667,1004.00,3671.573029408939,2830.534670433722,720,4,43.955,
6711,2019-05-27T12:01:18Z,45.50930000,6.19056667,1002.00,3672.573029408939,2831.534670433722,721,4,43.94,
6712,2019-05-27T12:01:19Z,45.50936667,6.19076667,999.00,3673.573029408939,2832.534670433722,722,4,43.927,
6713,2019-05-27T12:01:20Z,45.50941667,6.19096667,997.00,3674.573029408939,2833.534670433722,723,4,43.916,
6714,2019-05-27T12:01:21Z,45.50950000,6.19116667,995.00,3675.573029408939,2834.534670433722,724,4,43.901,
6715,2019-05-27T12:01:22Z,45.50956667,6.19140000,993.00,3676.573029408939,2835.534670433722,725,4,43.886,
6716,2019-05-27T12:01:23Z,45.50961667,6.19161667,990.00,3677.573029408939,2836.534670433722,726,4,43.874,
6717,2019-05-27T12:01:24Z,45.50971667,6.19181667,987.00,3678.573029408939,2837.534670433722,727,4,43.858,
6718,2019-05-27T12:01:25Z,45.50980000,6.19205000,984.00,3679.573029408939,2838.534670433722,728,4,43.842,
6719,2019-05-27T12:01:26Z,45.50986667,6.19226667,982.00,3680.573029408939,2839.534670433722,729,4,43.828,
6720,2019-05-27T12:01:27Z,45.50991667,6.19246667,980.00,3681.573029408939,2840.534670433722,730,4,43.816,
6721,2019-05-27T12:01:28Z,45.51000000,6.19266667,978.00,3682.573029408939,2841.534670433722,731,4,43.801,
6722,2019-05-27T12:01:29Z,45.51006667,6.19290000,975.00,3683.573029408939,2842.534670433722,732,4,43.787,
6723,2019-05-27T12:01:30Z,45.51011667,6.19311667,973.00,3684.573029408939,2843.534670433722,733,4,43.775,
6724,2019-05-27T12:01:31Z,45.51020000,6.19331667,970.00,3685.573029408939,2844.534670433722,734,4,43.76,
6725,2019-05-27T12:01:32Z,45.51026667,6.19356667,966.00,3686.573029408939,2845.534670433722,735,4,43.746,
6726,2019-05-27T12:01:33Z,45.51031667,6.19380000,963.00,3687.573029408939,2846.534670433722,736,4,43.733,
6727,2019-05-27T12:01:34Z,45.51041667,6.19401667,960.00,3688.573029408939,2847.534670433722,737,4,43.716,
6728,2019-05-27T12:01:35Z,45.51050000,6.19425000,958.00,3689.573029408939,2848.534670433722,738,4,43.7,
6729,2019-05-27T12:01:36Z,45.51056667,6.19445000,956.00,3690.573029408939,2849.534670433722,739,4,43.687,
6730,2019-05-27T12:01:37Z,45.51061667,6.19466667,955.00,3691.573029408939,2850.534670433722,740,4,43.675,
6731,2019-05-27T12:01:38Z,45.51070000,6.19485000,954.00,3692.573029408939,2851.534670433722,741,4,43.661,
6732,2019-05-27T12:01:39Z,45.51076667,6.19505000,952.00,3693.573029408939,2852.534670433722,742,4,43.648,
6733,2019-05-27T12:01:40Z,45.51081667,6.19525000,949.00,3694.573029408939,2853.534670433722,743,4,43.637,
6734,2019-05-27T12:01:41Z,45.51090000,6.19545000,944.00,3695.573029408939,2854.534670433722,744,4,43.622,
6735,2019-05-27T12:01:42Z,45.51096667,6.19566667,940.00,3696.573029408939,2855.534670433722,745,4,43.608,
6736,2019-05-27T12:01:43Z,45.51101667,6.19586667,936.00,3697.573029408939,2856.534670433722,746,4,43.597,
6737,2019-05-27T12:01:44Z,45.51106667,6.19606667,934.00,3698.573029408939,2857.534670433722,747,4,43.586,
6738,2019-05-27T12:01:45Z,45.51116667,6.19626667,931.00,3699.573029408939,2858.534670433722,748,4,43.569,
6739,2019-05-27T12:01:46Z,45.51121667,6.19645000,928.00,3700.573029408939,2859.534670433722,749,4,43.559,
6740,2019-05-27T12:01:47Z,45.51131667,6.19665000,925.00,3701.573029408939,2860.534670433722,750,4,43.542,
6741,2019-05-27T12:01:48Z,45.51136667,6.19685000,921.00,3702.573029408939,2861.534670433722,751,4,43.531,
6742,2019-05-27T12:01:49Z,45.51146667,6.19705000,919.00,3703.573029408939,2862.534670433722,752,4,43.515,
6743,2019-05-27T12:01:50Z,45.51155000,6.19721667,916.00,3704.573029408939,2863.534670433722,753,4,43.501,
6744,2019-05-27T12:01:51Z,45.51161667,6.19741667,912.00,3705.573029408939,2864.534670433722,754,4,43.488,
6745,2019-05-27T12:01:52Z,45.51171667,6.19761667,909.00,3706.573029408939,2865.534670433722,755,4,43.472,
6746,2019-05-27T12:01:53Z,45.51181667,6.19780000,906.00,3707.573029408939,2866.534670433722,756,4,43.456,
6747,2019-05-27T12:01:54Z,45.51190000,6.19796667,904.00,3708.573029408939,2867.534670433722,757,4,43.442,
6748,2019-05-27T12:01:55Z,45.51196667,6.19816667,901.00,3709.573029408939,2868.534670433722,758,4,43.429,
6749,2019-05-27T12:01:56Z,45.51206667,6.19835000,898.00,3710.573029408939,2869.534670433722,759,4,43.414,
6750,2019-05-27T12:01:57Z,45.51215000,6.19851667,895.00,3711.573029408939,2870.534670433722,760,4,43.4,
6751,2019-05-27T12:01:58Z,45.51225000,6.19871667,893.00,3712.573029408939,2871.534670433722,761,4,43.384,
6752,2019-05-27T12:01:59Z,45.51231667,6.19890000,890.00,3713.573029408939,2872.534670433722,762,4,43.371,
6753,2019-05-27T12:02:00Z,45.51241667,6.19910000,888.00,3714.573029408939,2873.534670433722,763,4,43.355,
6754,2019-05-27T12:02:01Z,45.51251667,6.19926667,887.00,3715.573029408939,2874.534670433722,764,4,43.34,
6755,2019-05-27T12:02:02Z,45.51261667,6.19946667,885.00,3716.573029408939,2875.534670433722,765,4,43.324,
6756,2019-05-27T12:02:03Z,45.51270000,6.19966667,884.00,3717.573029408939,2876.534670433722,766,4,43.309,
6757,2019-05-27T12:02:04Z,45.51276667,6.19986667,883.00,3718.573029408939,2877.534670433722,767,4,43.296,
6758,2019-05-27T12:02:05Z,45.51286667,6.20005000,883.00,3719.573029408939,2878.534670433722,768,4,43.281,
6759,2019-05-27T12:02:06Z,45.51295000,6.20021667,881.00,3720.573029408939,2879.534670433722,769,4,43.267,
6760,2019-05-27T12:02:07Z,45.51305000,6.20041667,880.00,3721.573029408939,2880.534670433722,770,4,43.251,
6761,2019-05-27T12:02:08Z,45.51315000,6.20060000,877.00,3722.573029408939,2881.534670433722,771,4,43.235,
6762,2019-05-27T12:02:09Z,45.51325000,6.20080000,875.00,3723.573029408939,2882.534670433722,772,4,43.219,
6763,2019-05-27T12:02:10Z,45.51335000,6.20096667,873.00,3724.573029408939,2883.534670433722,773,4,43.204,
6764,2019-05-27T12:02:11Z,45.51346667,6.20116667,871.00,3725.573029408939,2884.534670433722,774,4,43.186,
6765,2019-05-27T12:02:12Z,45.51356667,6.20135000,870.00,3726.573029408939,2885.534670433722,775,4,43.17,
6766,2019-05-27T12:02:13Z,45.51366667,6.20151667,870.00,3727.573029408939,2886.534670433722,776,4,43.155,
6767,2019-05-27T12:02:14Z,45.51376667,6.20171667,871.00,3728.573029408939,2887.534670433722,777,4,43.139,
6768,2019-05-27T12:02:15Z,45.51386667,6.20190000,871.00,3729.573029408939,2888.534670433722,778,4,43.123,
6769,2019-05-27T12:02:16Z,45.51395000,6.20206667,871.00,3730.573029408939,2889.534670433722,779,4,43.11,
6770,2019-05-27T12:02:17Z,45.51401667,6.20225000,871.00,3731.573029408939,2890.534670433722,780,4,43.098,
6771,2019-05-27T12:02:18Z,45.51411667,6.20245000,870.00,3732.573029408939,2891.534670433722,781,4,43.082,
6772,2019-05-27T12:02:19Z,45.51421667,6.20265000,867.00,3733.573029408939,2892.534670433722,782,4,43.065,
6773,2019-05-27T12:02:20Z,45.51435000,6.20285000,865.00,3734.573029408939,2893.534670433722,783,4,43.046,
6774,2019-05-27T12:02:21Z,45.51445000,6.20301667,864.00,3735.573029408939,2894.534670433722,784,4,43.031,
6775,2019-05-27T12:02:22Z,45.51451667,6.20321667,864.00,3736.573029408939,2895.534670433722,785,4,43.018,
6776,2019-05-27T12:02:23Z,45.51461667,6.20340000,863.00,3737.573029408939,2896.534670433722,786,4,43.003,
6777,2019-05-27T12:02:24Z,45.51470000,6.20360000,861.00,3738.573029408939,2897.534670433722,787,4,42.988,
6778,2019-05-27T12:02:25Z,45.51475000,6.20376667,861.00,3739.573029408939,2898.534670433722,788,4,42.978,
6779,2019-05-27T12:02:26Z,45.51481667,6.20391667,862.00,3740.573029408939,2899.534670433722,789,4,42.967,
6780,2019-05-27T12:02:27Z,45.51486667,6.20406667,863.00,3741.573029408939,2900.534670433722,790,4,42.958,
6781,2019-05-27T12:02:28Z,45.51491667,6.20421667,862.00,3742.573029408939,2901.534670433722,791,4,42.948,
6782,2019-05-27T12:02:29Z,45.51500000,6.20435000,861.00,3743.573029408939,2902.534670433722,792,4,42.936,
6783,2019-05-27T12:02:30Z,45.51506667,6.20451667,858.00,3744.573029408939,2903.534670433722,793,4,42.924,
6784,2019-05-27T12:02:31Z,45.51515000,6.20466667,855.00,3745.573029408939,2904.534670433722,794,4,42.911,
6785,2019-05-27T12:02:32Z,45.51525000,6.20481667,851.00,3746.573029408939,2905.534670433722,795,4,42.897,
6786,2019-05-27T12:02:33Z,45.51535000,6.20495000,848.00,3747.573029408939,2906.534670433722,796,4,42.883,
6787,2019-05-27T12:02:34Z,45.51546667,6.20510000,846.00,3748.573029408939,2907.534670433722,797,4,42.866,
6788,2019-05-27T12:02:35Z,45.51556667,6.20525000,845.00,3749.573029408939,2908.534670433722,798,4,42.852,
6789,2019-05-27T12:02:36Z,45.51565000,6.20540000,846.00,3750.573029408939,2909.534670433722,799,4,42.839,
6790,2019-05-27T12:02:37Z,45.51571667,6.20551667,847.00,3751.573029408939,2910.534670433722,800,4,42.829,
6791,2019-05-27T12:02:38Z,45.51581667,6.20565000,847.00,3752.573029408939,2911.534670433722,801,4,42.815,
6792,2019-05-27T12:02:39Z,45.51591667,6.20576667,846.00,3753.573029408939,2912.534670433722,802,4,42.801,
6793,2019-05-27T12:02:40Z,45.51601667,6.20591667,844.00,3754.573029408939,2913.534670433722,803,4,42.787,
6794,2019-05-27T12:02:41Z,45.51611667,6.20606667,843.00,3755.573029408939,2914.534670433722,804,4,42.772,
6795,2019-05-27T12:02:42Z,45.51625000,6.20625000,845.00,3756.573029408939,2915.534670433722,805,4,42.753,
6796,2019-05-27T12:02:43Z,45.51635000,6.20640000,849.00,3757.573029408939,2916.534670433722,806,4,42.739,
6797,2019-05-27T12:02:44Z,45.51641667,6.20651667,852.00,3758.573029408939,2917.534670433722,807,4,42.728,
6798,2019-05-27T12:02:45Z,45.51646667,6.20661667,853.00,3759.573029408939,2918.534670433722,808,4,42.72,
6799,2019-05-27T12:02:46Z,45.51655000,6.20671667,852.00,3760.573029408939,2919.534670433722,809,4,42.709,
6800,2019-05-27T12:02:47Z,45.51661667,6.20685000,849.00,3761.573029408939,2920.534670433722,810,4,42.698,
6801,2019-05-27T12:02:48Z,45.51671667,6.20696667,845.00,3762.573029408939,2921.534670433722,811,4,42.685,
6802,2019-05-27T12:02:49Z,45.51681667,6.20711667,841.00,3763.573029408939,2922.534670433722,812,4,42.67,
6803,2019-05-27T12:02:50Z,45.51695000,6.20726667,838.00,3764.573029408939,2923.534670433722,813,4,42.652,
6804,2019-05-27T12:02:51Z,45.51705000,6.20741667,838.00,3765.573029408939,2924.534670433722,814,4,42.638,
6805,2019-05-27T12:02:52Z,45.51711667,6.20756667,840.00,3766.573029408939,2925.534670433722,815,4,42.627,
6806,2019-05-27T12:02:53Z,45.51721667,6.20770000,842.00,3767.573029408939,2926.534670433722,816,4,42.613,
6807,2019-05-27T12:02:54Z,45.51726667,6.20780000,842.00,3768.573029408939,2927.534670433722,817,4,42.605,
6808,2019-05-27T12:02:55Z,45.51736667,6.20791667,842.00,3769.573029408939,2928.534670433722,818,4,42.591,
6809,2019-05-27T12:02:56Z,45.51745000,6.20801667,841.00,3770.573029408939,2929.534670433722,819,4,42.58,
6810,2019-05-27T12:02:57Z,45.51755000,6.20816667,838.00,3771.573029408939,2930.534670433722,820,4,42.565,
6811,2019-05-27T12:02:58Z,45.51765000,6.20830000,837.00,3772.573029408939,2931.534670433722,821,4,42.551,
6812,2019-05-27T12:02:59Z,45.51775000,6.20845000,837.00,3773.573029408939,2932.534670433722,822,4,42.536,
6813,2019-05-27T12:03:00Z,45.51781667,6.20856667,838.00,3774.573029408939,2933.534670433722,823,4,42.526,
6814,2019-05-27T12:03:01Z,45.51791667,6.20871667,839.00,3775.573029408939,2934.534670433722,824,4,42.511,
6815,2019-05-27T12:03:02Z,45.51801667,6.20885000,839.00,3776.573029408939,2935.534670433722,825,4,42.496,
6816,2019-05-27T12:03:03Z,45.51810000,6.20901667,838.00,3777.573029408939,2936.534670433722,826,4,42.483,
6817,2019-05-27T12:03:04Z,45.51820000,6.20916667,837.00,3778.573029408939,2937.534670433722,827,4,42.468,
6818,2019-05-27T12:03:05Z,45.51826667,6.20931667,836.00,3779.573029408939,2938.534670433722,828,4,42.457,
6819,2019-05-27T12:03:06Z,45.51836667,6.20946667,835.00,3780.573029408939,2939.534670433722,829,4,42.442,
6820,2019-05-27T12:03:07Z,45.51846667,6.20961667,834.00,3781.573029408939,2940.534670433722,830,4,42.427,
6821,2019-05-27T12:03:08Z,45.51860000,6.20975000,833.00,3782.573029408939,2941.534670433722,831,4,42.409,
6822,2019-05-27T12:03:09Z,45.51871667,6.20986667,829.00,3783.573029408939,2942.534670433722,832,4,42.394,
6823,2019-05-27T12:03:10Z,45.51881667,6.21001667,830.00,3784.573029408939,2943.534670433722,833,4,42.379,
6824,2019-05-27T12:03:11Z,45.51891667,6.21015000,829.00,3785.573029408939,2944.534670433722,834,4,42.365,
6825,2019-05-27T12:03:12Z,45.51901667,6.21026667,829.00,3786.573029408939,2945.534670433722,835,4,42.351,
6826,2019-05-27T12:03:13Z,45.51911667,6.21035000,828.00,3787.573029408939,2946.534670433722,836,4,42.338,
6827,2019-05-27T12:03:14Z,45.51925000,6.21045000,825.00,3788.573029408939,2947.534670433722,837,4,42.322,
6828,2019-05-27T12:03:15Z,45.51936667,6.21055000,822.00,3789.573029408939,2948.534670433722,838,4,42.307,
6829,2019-05-27T12:03:16Z,45.51950000,6.21066667,819.00,3790.573029408939,2949.534670433722,839,4,42.29,
6830,2019-05-27T12:03:17Z,45.51961667,6.21080000,818.00,3791.573029408939,2950.534670433722,840,4,42.274,
6831,2019-05-27T12:03:18Z,45.51975000,6.21091667,817.00,3792.573029408939,2951.534670433722,841,4,42.256,
6832,2019-05-27T12:03:19Z,45.51985000,6.21101667,818.00,3793.573029408939,2952.534670433722,842,4,42.243,
6833,2019-05-27T12:03:20Z,45.51996667,6.21111667,820.00,3794.573029408939,2953.534670433722,843,4,42.228,
6834,2019-05-27T12:03:21Z,45.52006667,6.21120000,821.00,3795.573029408939,2954.534670433722,844,4,42.215,
6835,2019-05-27T12:03:22Z,45.52016667,6.21126667,821.00,3796.573029408939,2955.534670433722,845,4,42.203,
6836,2019-05-27T12:03:23Z,45.52026667,6.21136667,822.00,3797.573029408939,2956.534670433722,846,4,42.19,
6837,2019-05-27T12:03:24Z,45.52036667,6.21146667,823.00,3798.573029408939,2957.534670433722,847,4,42.177,
6838,2019-05-27T12:03:25Z,45.52046667,6.21156667,823.00,3799.573029408939,2958.534670433722,848,4,42.163,
6839,2019-05-27T12:03:26Z,45.52056667,6.21166667,823.00,3800.573029408939,2959.534670433722,849,4,42.15,
6840,2019-05-27T12:03:27Z,45.52066667,6.21181667,823.00,3801.573029408939,2960.534670433722,850,4,42.135,
6841,2019-05-27T12:03:28Z,45.52076667,6.21191667,822.00,3802.573029408939,2961.534670433722,851,4,42.122,
6842,2019-05-27T12:03:29Z,45.52086667,6.21205000,822.00,3803.573029408939,2962.534670433722,852,4,42.108,
6843,2019-05-27T12:03:30Z,45.52100000,6.21216667,821.00,3804.573029408939,2963.534670433722,853,4,42.091,
6844,2019-05-27T12:03:31Z,45.52111667,6.21230000,820.00,3805.573029408939,2964.534670433722,854,4,42.075,
6845,2019-05-27T12:03:32Z,45.52121667,6.21241667,821.00,3806.573029408939,2965.534670433722,855,4,42.061,
6846,2019-05-27T12:03:33Z,45.52135000,6.21256667,823.00,3807.573029408939,2966.534670433722,856,4,42.043,
6847,2019-05-27T12:03:34Z,45.52145000,6.21271667,825.00,3808.573029408939,2967.534670433722,857,4,42.028,
6848,2019-05-27T12:03:35Z,45.52155000,6.21285000,826.00,3809.573029408939,2968.534670433722,858,4,42.014,
6849,2019-05-27T12:03:36Z,45.52161667,6.21295000,827.00,3810.573029408939,2969.534670433722,859,4,42.004,
6850,2019-05-27T12:03:37Z,45.52171667,6.21306667,827.00,3811.573029408939,2970.534670433722,860,4,41.99,
6851,2019-05-27T12:03:38Z,45.52185000,6.21316667,826.00,3812.573029408939,2971.534670433722,861,4,41.974,
6852,2019-05-27T12:03:39Z,45.52195000,6.21326667,825.00,3813.573029408939,2972.534670433722,862,4,41.961,
6853,2019-05-27T12:03:40Z,45.52205000,6.21340000,825.00,3814.573029408939,2973.534670433722,863,4,41.946,
6854,2019-05-27T12:03:41Z,45.52215000,6.21351667,827.00,3815.573029408939,2974.534670433722,864,4,41.933,
6855,2019-05-27T12:03:42Z,45.52225000,6.21361667,829.00,3816.573029408939,2975.534670433722,865,4,41.919,
6856,2019-05-27T12:03:43Z,45.52231667,6.21371667,832.00,3817.573029408939,2976.534670433722,866,4,41.91,
6857,2019-05-27T12:03:44Z,45.52241667,6.21381667,833.00,3818.573029408939,2977.534670433722,867,4,41.896,
6858,2019-05-27T12:03:45Z,45.52251667,6.21391667,833.00,3819.573029408939,2978.534670433722,868,4,41.883,
6859,2019-05-27T12:03:46Z,45.52261667,6.21401667,833.00,3820.573029408939,2979.534670433722,869,4,41.87,
6860,2019-05-27T12:03:47Z,45.52271667,6.21410000,833.00,3821.573029408939,2980.534670433722,870,4,41.857,
6861,2019-05-27T12:03:48Z,45.52285000,6.21416667,833.00,3822.573029408939,2981.534670433722,871,4,41.842,
6862,2019-05-27T12:03:49Z,45.52296667,6.21421667,831.00,3823.573029408939,2982.534670433722,872,4,41.828,
6863,2019-05-27T12:03:50Z,45.52306667,6.21430000,831.00,3824.573029408939,2983.534670433722,873,4,41.815,
6864,2019-05-27T12:03:51Z,45.52316667,6.21436667,831.00,3825.573029408939,2984.534670433722,874,4,41.803,
6865,2019-05-27T12:03:52Z,45.52330000,6.21450000,831.00,3826.573029408939,2985.534670433722,875,4,41.785,
6866,2019-05-27T12:03:53Z,45.52340000,6.21461667,831.00,3827.573029408939,2986.534670433722,876,4,41.772,
6867,2019-05-27T12:03:54Z,45.52351667,6.21476667,830.00,3828.573029408939,2987.534670433722,877,4,41.755,
6868,2019-05-27T12:03:55Z,45.52361667,6.21486667,830.00,3829.573029408939,2988.534670433722,878,4,41.742,
6869,2019-05-27T12:03:56Z,45.52371667,6.21500000,829.00,3830.573029408939,2989.534670433722,879,4,41.728,
6870,2019-05-27T12:03:57Z,45.52381667,6.21510000,829.00,3831.573029408939,2990.534670433722,880,4,41.715,
6871,2019-05-27T12:03:58Z,45.52390000,6.21521667,827.00,3832.573029408939,2991.534670433722,881,4,41.703,
6872,2019-05-27T12:03:59Z,45.52401667,6.21535000,824.00,3833.573029408939,2992.534670433722,882,4,41.687,
6873,2019-05-27T12:04:00Z,45.52411667,6.21546667,823.00,3834.573029408939,2993.534670433722,883,4,41.673,
6874,2019-05-27T12:04:01Z,45.52421667,6.21560000,823.00,3835.573029408939,2994.534670433722,884,4,41.659,
6875,2019-05-27T12:04:02Z,45.52431667,6.21571667,825.00,3836.573029408939,2995.534670433722,885,4,41.645,
6876,2019-05-27T12:04:03Z,45.52436667,6.21581667,828.00,3837.573029408939,2996.534670433722,886,4,41.637,
6877,2019-05-27T12:04:04Z,45.52445000,6.21591667,831.00,3838.573029408939,2997.534670433722,887,4,41.626,
6878,2019-05-27T12:04:05Z,45.52451667,6.21601667,831.00,3839.573029408939,2998.534670433722,888,4,41.616,
6879,2019-05-27T12:04:06Z,45.52461667,6.21611667,831.00,3840.573029408939,2999.534670433722,889,4,41.603,
6880,2019-05-27T12:04:07Z,45.52471667,6.21625000,830.00,3841.573029408939,3000.534670433722,890,4,41.589,
6881,2019-05-27T12:04:08Z,45.52481667,6.21636667,828.00,3842.573029408939,3001.534670433722,891,4,41.575,
6882,2019-05-27T12:04:09Z,45.52491667,6.21650000,827.00,3843.573029408939,3002.534670433722,892,4,41.561,
6883,2019-05-27T12:04:10Z,45.52501667,6.21661667,827.00,3844.573029408939,3003.534670433722,893,4,41.547,
6884,2019-05-27T12:04:11Z,45.52510000,6.21671667,827.00,3845.573029408939,3004.534670433722,894,4,41.536,
6885,2019-05-27T12:04:12Z,45.52516667,6.21685000,827.00,3846.573029408939,3005.534670433722,895,4,41.525,
6886,2019-05-27T12:04:13Z,45.52526667,6.21696667,826.00,3847.573029408939,3006.534670433722,896,4,41.511,
6887,2019-05-27T12:04:14Z,45.52536667,6.21710000,823.00,3848.573029408939,3007.534670433722,897,4,41.497,
6888,2019-05-27T12:04:15Z,45.52550000,6.21725000,823.00,3849.573029408939,3008.534670433722,898,4,41.479,
6889,2019-05-27T12:04:16Z,45.52561667,6.21740000,822.00,3850.573029408939,3009.534670433722,899,4,41.463,
6890,2019-05-27T12:04:17Z,45.52571667,6.21755000,823.00,3851.573029408939,3010.534670433722,900,4,41.448,
6891,2019-05-27T12:04:18Z,45.52581667,6.21770000,823.00,3852.573029408939,3011.534670433722,901,4,41.434,
6892,2019-05-27T12:04:19Z,45.52591667,6.21785000,823.00,3853.573029408939,3012.534670433722,902,4,41.419,
6893,2019-05-27T12:04:20Z,45.52601667,6.21800000,822.00,3854.573029408939,3013.534670433722,903,4,41.404,
6894,2019-05-27T12:04:21Z,45.52611667,6.21816667,819.00,3855.573029408939,3014.534670433722,904,4,41.389,
6895,2019-05-27T12:04:22Z,45.52625000,6.21835000,814.00,3856.573029408939,3015.534670433722,905,4,41.37,
6896,2019-05-27T12:04:23Z,45.52636667,6.21851667,812.00,3857.573029408939,3016.534670433722,906,4,41.354,
6897,2019-05-27T12:04:24Z,45.52646667,6.21870000,809.00,3858.573029408939,3017.534670433722,907,4,41.338,
6898,2019-05-27T12:04:25Z,45.52656667,6.21886667,807.00,3859.573029408939,3018.534670433722,908,4,41.323,
6899,2019-05-27T12:04:26Z,45.52666667,6.21901667,806.00,3860.573029408939,3019.534670433722,909,4,41.309,
6900,2019-05-27T12:04:27Z,45.52675000,6.21916667,806.00,3861.573029408939,3020.534670433722,910,4,41.296,
6901,2019-05-27T12:04:28Z,45.52681667,6.21931667,805.00,3862.573029408939,3021.534670433722,911,4,41.285,
6902,2019-05-27T12:04:29Z,45.52691667,6.21946667,803.00,3863.573029408939,3022.534670433722,912,4,41.27,
6903,2019-05-27T12:04:30Z,45.52701667,6.21965000,800.00,3864.573029408939,3023.534670433722,913,4,41.255,
6904,2019-05-27T12:04:31Z,45.52715000,6.21981667,796.00,3865.573029408939,3024.534670433722,914,4,41.236,
6905,2019-05-27T12:04:32Z,45.52726667,6.21996667,793.00,3866.573029408939,3025.534670433722,915,4,41.22,
6906,2019-05-27T12:04:33Z,45.52736667,6.22011667,792.00,3867.573029408939,3026.534670433722,916,4,41.206,
6907,2019-05-27T12:04:34Z,45.52746667,6.22025000,791.00,3868.573029408939,3027.534670433722,917,4,41.191,
6908,2019-05-27T12:04:35Z,45.52755000,6.22036667,789.00,3869.573029408939,3028.534670433722,918,4,41.18,
6909,2019-05-27T12:04:36Z,45.52765000,6.22051667,787.00,3870.573029408939,3029.534670433722,919,4,41.165,
6910,2019-05-27T12:04:37Z,45.52776667,6.22066667,784.00,3871.573029408939,3030.534670433722,920,4,41.149,
6911,2019-05-27T12:04:38Z,45.52786667,6.22080000,780.00,3872.573029408939,3031.534670433722,921,4,41.135,
6912,2019-05-27T12:04:39Z,45.52800000,6.22091667,778.00,3873.573029408939,3032.534670433722,1,5,41.118,
6913,2019-05-27T12:04:40Z,45.52810000,6.22106667,778.00,3874.573029408939,3033.534670433722,2,5,41.103,
6914,2019-05-27T12:04:41Z,45.52820000,6.22120000,778.00,3875.573029408939,3034.534670433722,3,5,41.089,
6915,2019-05-27T12:04:42Z,45.52826667,6.22131667,778.00,3876.573029408939,3035.534670433722,4,5,41.079,
6916,2019-05-27T12:04:43Z,45.52831667,6.22146667,778.00,3877.573029408939,3036.534670433722,5,5,41.07,
6917,2019-05-27T12:04:44Z,45.52840000,6.22160000,777.00,3878.573029408939,3037.534670433722,6,5,41.058,
6918,2019-05-27T12:04:45Z,45.52846667,6.22176667,775.00,3879.573029408939,3038.534670433722,7,5,41.046,
6919,2019-05-27T12:04:46Z,45.52856667,6.22190000,773.00,3880.573029408939,3039.534670433722,8,5,41.032,
6920,2019-05-27T12:04:47Z,45.52866667,6.22201667,772.00,3881.573029408939,3040.534670433722,9,5,41.019,
6921,2019-05-27T12:04:48Z,45.52875000,6.22215000,773.00,3882.573029408939,3041.534670433722,10,5,41.007,
6922,2019-05-27T12:04:49Z,45.52881667,6.22226667,774.00,3883.573029408939,3042.534670433722,11,5,40.996,
6923,2019-05-27T12:04:50Z,45.52890000,6.22236667,775.00,3884.573029408939,3043.534670433722,12,5,40.985,
6924,2019-05-27T12:04:51Z,45.52896667,6.22251667,774.00,3885.573029408939,3044.534670433722,13,5,40.974,
6925,2019-05-27T12:04:52Z,45.52901667,6.22266667,772.00,3886.573029408939,3045.534670433722,14,5,40.965,
6926,2019-05-27T12:04:53Z,45.52910000,6.22281667,770.00,3887.573029408939,3046.534670433722,15,5,40.952,
6927,2019-05-27T12:04:54Z,45.52916667,6.22295000,770.00,3888.573029408939,3047.534670433722,16,5,40.942,
6928,2019-05-27T12:04:55Z,45.52925000,6.22306667,770.00,3889.573029408939,3048.534670433722,17,5,40.93,
6929,2019-05-27T12:04:56Z,45.52931667,6.22316667,769.00,3890.573029408939,3049.534670433722,18,5,40.921,
6930,2019-05-27T12:04:57Z,45.52940000,6.22330000,768.00,3891.573029408939,3050.534670433722,19,5,40.908,
6931,2019-05-27T12:04:58Z,45.52946667,6.22340000,767.00,3892.573029408939,3051.534670433722,20,5,40.899,
6932,2019-05-27T12:04:59Z,45.52956667,6.22350000,767.00,3893.573029408939,3052.534670433722,21,5,40.886,
6933,2019-05-27T12:05:00Z,45.52966667,6.22361667,766.00,3894.573029408939,3053.534670433722,22,5,40.872,
6934,2019-05-27T12:05:01Z,45.52975000,6.22371667,766.00,3895.573029408939,3054.534670433722,23,5,40.861,
6935,2019-05-27T12:05:02Z,45.52981667,6.22381667,766.00,3896.573029408939,3055.534670433722,24,5,40.851,
6936,2019-05-27T12:05:03Z,45.52991667,6.22390000,766.00,3897.573029408939,3056.534670433722,25,5,40.839,
6937,2019-05-27T12:05:04Z,45.53000000,6.22396667,765.00,3898.573029408939,3057.534670433722,26,5,40.828,
6938,2019-05-27T12:05:05Z,45.53006667,6.22401667,765.00,3899.573029408939,3058.534670433722,27,5,40.82,
6939,2019-05-27T12:05:06Z,45.53016667,6.22410000,764.00,3900.573029408939,3059.534670433722,28,5,40.807,
6940,2019-05-27T12:05:07Z,45.53026667,6.22416667,763.00,3901.573029408939,3060.534670433722,29,5,40.795,
6941,2019-05-27T12:05:08Z,45.53036667,6.22426667,763.00,3902.573029408939,3061.534670433722,30,5,40.782,
6942,2019-05-27T12:05:09Z,45.53046667,6.22435000,762.00,3903.573029408939,3062.534670433722,31,5,40.769,
6943,2019-05-27T12:05:10Z,45.53056667,6.22445000,762.00,3904.573029408939,3063.534670433722,32,5,40.756,
6944,2019-05-27T12:05:11Z,45.53065000,6.22455000,762.00,3905.573029408939,3064.534670433722,33,5,40.745,
6945,2019-05-27T12:05:12Z,45.53071667,6.22466667,761.00,3906.573029408939,3065.534670433722,34,5,40.735,
6946,2019-05-27T12:05:13Z,45.53080000,6.22476667,761.00,3907.573029408939,3066.534670433722,35,5,40.724,
6947,2019-05-27T12:05:14Z,45.53086667,6.22490000,762.00,3908.573029408939,3067.534670433722,36,5,40.713,
6948,2019-05-27T12:05:15Z,45.53096667,6.22501667,762.00,3909.573029408939,3068.534670433722,37,5,40.7,
6949,2019-05-27T12:05:16Z,45.53105000,6.22511667,762.00,3910.573029408939,3069.534670433722,38,5,40.688,
6950,2019-05-27T12:05:17Z,45.53115000,6.22521667,762.00,3911.573029408939,3070.534670433722,39,5,40.675,
6951,2019-05-27T12:05:18Z,45.53126667,6.22526667,761.00,3912.573029408939,3071.534670433722,40,5,40.662,
6952,2019-05-27T12:05:19Z,45.53136667,6.22535000,760.00,3913.573029408939,3072.534670433722,41,5,40.649,
6953,2019-05-27T12:05:20Z,45.53150000,6.22540000,760.00,3914.573029408939,3073.534670433722,42,5,40.634,
6954,2019-05-27T12:05:21Z,45.53161667,6.22545000,761.00,3915.573029408939,3074.534670433722,43,5,40.62,
6955,2019-05-27T12:05:22Z,45.53171667,6.22551667,761.00,3916.573029408939,3075.534670433722,44,5,40.608,
6956,2019-05-27T12:05:23Z,45.53180000,6.22565000,762.00,3917.573029408939,3076.534670433722,45,5,40.596,
6957,2019-05-27T12:05:24Z,45.53186667,6.22576667,764.00,3918.573029408939,3077.534670433722,46,5,40.586,
6958,2019-05-27T12:05:25Z,45.53191667,6.22591667,767.00,3919.573029408939,3078.534670433722,47,5,40.577,
6959,2019-05-27T12:05:26Z,45.53196667,6.22605000,769.00,3920.573029408939,3079.534670433722,48,5,40.568,
6960,2019-05-27T12:05:27Z,45.53200000,6.22616667,770.00,3921.573029408939,3080.534670433722,49,5,40.562,
6961,2019-05-27T12:05:28Z,45.53205000,6.22631667,771.00,3922.573029408939,3081.534670433722,50,5,40.553,
6962,2019-05-27T12:05:29Z,45.53210000,6.22645000,772.00,3923.573029408939,3082.534670433722,51,5,40.544,
6963,2019-05-27T12:05:30Z,45.53216667,6.22656667,773.00,3924.573029408939,3083.534670433722,52,5,40.535,
6964,2019-05-27T12:05:31Z,45.53221667,6.22666667,773.00,3925.573029408939,3084.534670433722,53,5,40.527,
6965,2019-05-27T12:05:32Z,45.53230000,6.22676667,774.00,3926.573029408939,3085.534670433722,54,5,40.516,
6966,2019-05-27T12:05:33Z,45.53236667,6.22686667,773.00,3927.573029408939,3086.534670433722,55,5,40.506,
6967,2019-05-27T12:05:34Z,45.53246667,6.22696667,773.00,3928.573029408939,3087.534670433722,56,5,40.493,
6968,2019-05-27T12:05:35Z,45.53256667,6.22701667,772.00,3929.573029408939,3088.534670433722,57,5,40.481,
6969,2019-05-27T12:05:36Z,45.53266667,6.22711667,772.00,3930.573029408939,3089.534670433722,58,5,40.468,
6970,2019-05-27T12:05:37Z,45.53276667,6.22720000,774.00,3931.573029408939,3090.534670433722,59,5,40.456,
6971,2019-05-27T12:05:38Z,45.53285000,6.22726667,777.00,3932.573029408939,3091.534670433722,60,5,40.445,
6972,2019-05-27T12:05:39Z,45.53291667,6.22740000,778.00,3933.573029408939,3092.534670433722,61,5,40.435,
6973,2019-05-27T12:05:40Z,45.53296667,6.22751667,779.00,3934.573029408939,3093.534670433722,62,5,40.427,
6974,2019-05-27T12:05:41Z,45.53305000,6.22765000,780.00,3935.573029408939,3094.534670433722,63,5,40.415,
6975,2019-05-27T12:05:42Z,45.53315000,6.22776667,780.00,3936.573029408939,3095.534670433722,64,5,40.401,
6976,2019-05-27T12:05:43Z,45.53325000,6.22786667,781.00,3937.573029408939,3096.534670433722,65,5,40.388,
6977,2019-05-27T12:05:44Z,45.53335000,6.22795000,780.00,3938.573029408939,3097.534670433722,66,5,40.376,
6978,2019-05-27T12:05:45Z,45.53346667,6.22801667,781.00,3939.573029408939,3098.534670433722,67,5,40.362,
6979,2019-05-27T12:05:46Z,45.53355000,6.22806667,782.00,3940.573029408939,3099.534670433722,68,5,40.352,
6980,2019-05-27T12:05:47Z,45.53365000,6.22810000,783.00,3941.573029408939,3100.534670433722,69,5,40.34,
6981,2019-05-27T12:05:48Z,45.53375000,6.22811667,783.00,3942.573029408939,3101.534670433722,70,5,40.329,
6982,2019-05-27T12:05:49Z,45.53385000,6.22815000,782.00,3943.573029408939,3102.534670433722,71,5,40.318,
6983,2019-05-27T12:05:50Z,45.53395000,6.22816667,781.00,3944.573029408939,3103.534670433722,72,5,40.307,
6984,2019-05-27T12:05:51Z,45.53406667,6.22816667,779.00,3945.573029408939,3104.534670433722,73,5,40.295,
6985,2019-05-27T12:05:52Z,45.53416667,6.22816667,777.00,3946.573029408939,3105.534670433722,74,5,40.284,
6986,2019-05-27T12:05:53Z,45.53426667,6.22820000,776.00,3947.573029408939,3106.534670433722,75,5,40.273,
6987,2019-05-27T12:05:54Z,45.53440000,6.22820000,775.00,3948.573029408939,3107.534670433722,76,5,40.259,
6988,2019-05-27T12:05:55Z,45.53451667,6.22821667,775.00,3949.573029408939,3108.534670433722,77,5,40.246,
6989,2019-05-27T12:05:56Z,45.53461667,6.22821667,776.00,3950.573029408939,3109.534670433722,78,5,40.235,
6990,2019-05-27T12:05:57Z,45.53471667,6.22821667,775.00,3951.573029408939,3110.534670433722,79,5,40.225,
6991,2019-05-27T12:05:58Z,45.53485000,6.22825000,774.00,3952.573029408939,3111.534670433722,80,5,40.21,
6992,2019-05-27T12:05:59Z,45.53496667,6.22825000,772.00,3953.573029408939,3112.534670433722,81,5,40.198,
6993,2019-05-27T12:06:00Z,45.53506667,6.22826667,770.00,3954.573029408939,3113.534670433722,82,5,40.187,
6994,2019-05-27T12:06:01Z,45.53521667,6.22830000,770.00,3955.573029408939,3114.534670433722,83,5,40.17,
6995,2019-05-27T12:06:02Z,45.53531667,6.22831667,769.00,3956.573029408939,3115.534670433722,84,5,40.159,
6996,2019-05-27T12:06:03Z,45.53545000,6.22836667,768.00,3957.573029408939,3116.534670433722,85,5,40.144,
6997,2019-05-27T12:06:04Z,45.53556667,6.22836667,767.00,3958.573029408939,3117.534670433722,86,5,40.131,
6998,2019-05-27T12:06:05Z,45.53566667,6.22841667,767.00,3959.573029408939,3118.534670433722,87,5,40.12,
6999,2019-05-27T12:06:06Z,45.53580000,6.22845000,765.00,3960.573029408939,3119.534670433722,88,5,40.105,
7000,2019-05-27T12:06:07Z,45.53591667,6.22846667,763.00,3961.573029408939,3120.534670433722,89,5,40.092,
7001,2019-05-27T12:06:08Z,45.53605000,6.22846667,761.00,3962.573029408939,3121.534670433722,90,5,40.078,
7002,2019-05-27T12:06:09Z,45.53620000,6.22846667,760.00,3963.573029408939,3122.534670433722,91,5,40.062,
7003,2019-05-27T12:06:10Z,45.53631667,6.22846667,759.00,3964.573029408939,3123.534670433722,92,5,40.05,
7004,2019-05-27T12:06:11Z,45.53641667,6.22850000,760.00,3965.573029408939,3124.534670433722,93,5,40.039,
7005,2019-05-27T12:06:12Z,45.53655000,6.22851667,760.00,3966.573029408939,3125.534670433722,94,5,40.024,
7006,2019-05-27T12:06:13Z,45.53665000,6.22856667,759.00,3967.573029408939,3126.534670433722,95,5,40.012,
7007,2019-05-27T12:06:14Z,45.53676667,6.22861667,758.00,3968.573029408939,3127.534670433722,96,5,39.999,
7008,2019-05-27T12:06:15Z,45.53686667,6.22866667,755.00,3969.573029408939,3128.534670433722,97,5,39.987,
7009,2019-05-27T12:06:16Z,45.53701667,6.22870000,754.00,3970.573029408939,3129.534670433722,98,5,39.97,
7010,2019-05-27T12:06:17Z,45.53711667,6.22871667,753.00,3971.573029408939,3130.534670433722,99,5,39.959,
7011,2019-05-27T12:06:18Z,45.53725000,6.22870000,753.00,3972.573029408939,3131.534670433722,100,5,39.946,
7012,2019-05-27T12:06:19Z,45.53735000,6.22866667,752.00,3973.573029408939,3132.534670433722,101,5,39.936,
7013,2019-05-27T12:06:20Z,45.53745000,6.22866667,752.00,3974.573029408939,3133.534670433722,102,5,39.926,
7014,2019-05-27T12:06:21Z,45.53755000,6.22865000,751.00,3975.573029408939,3134.534670433722,103,5,39.915,
7015,2019-05-27T12:06:22Z,45.53766667,6.22861667,749.00,3976.573029408939,3135.534670433722,104,5,39.904,
7016,2019-05-27T12:06:23Z,45.53780000,6.22861667,747.00,3977.573029408939,3136.534670433722,105,5,39.89,
7017,2019-05-27T12:06:24Z,45.53791667,6.22861667,746.00,3978.573029408939,3137.534670433722,106,5,39.878,
7018,2019-05-27T12:06:25Z,45.53801667,6.22861667,746.00,3979.573029408939,3138.534670433722,107,5,39.867,
7019,2019-05-27T12:06:26Z,45.53815000,6.22861667,746.00,3980.573029408939,3139.534670433722,108,5,39.853,
7020,2019-05-27T12:06:27Z,45.53825000,6.22861667,745.00,3981.573029408939,3140.534670433722,109,5,39.843,
7021,2019-05-27T12:06:28Z,45.53836667,6.22861667,744.00,3982.573029408939,3141.534670433722,110,5,39.83,
7022,2019-05-27T12:06:29Z,45.53846667,6.22860000,743.00,3983.573029408939,3142.534670433722,111,5,39.82,
7023,2019-05-27T12:06:30Z,45.53860000,6.22860000,741.00,3984.573029408939,3143.534670433722,112,5,39.806,
7024,2019-05-27T12:06:31Z,45.53871667,6.22860000,739.00,3985.573029408939,3144.534670433722,113,5,39.794,
7025,2019-05-27T12:06:32Z,45.53886667,6.22860000,736.00,3986.573029408939,3145.534670433722,114,5,39.778,
7026,2019-05-27T12:06:33Z,45.53901667,6.22860000,734.00,3987.573029408939,3146.534670433722,115,5,39.763,
7027,2019-05-27T12:06:34Z,45.53915000,6.22860000,730.00,3988.573029408939,3147.534670433722,116,5,39.749,
7028,2019-05-27T12:06:35Z,45.53931667,6.22856667,727.00,3989.573029408939,3148.534670433722,117,5,39.732,
7029,2019-05-27T12:06:36Z,45.53946667,6.22855000,726.00,3990.573029408939,3149.534670433722,118,5,39.717,
7030,2019-05-27T12:06:37Z,45.53961667,6.22851667,724.00,3991.573029408939,3150.534670433722,119,5,39.702,
7031,2019-05-27T12:06:38Z,45.53975000,6.22851667,722.00,3992.573029408939,3151.534670433722,120,5,39.688,
7032,2019-05-27T12:06:39Z,45.53990000,6.22851667,721.00,3993.573029408939,3152.534670433722,121,5,39.672,
7033,2019-05-27T12:06:40Z,45.54001667,6.22851667,720.00,3994.573029408939,3153.534670433722,122,5,39.66,
7034,2019-05-27T12:06:41Z,45.54016667,6.22846667,719.00,3995.573029408939,3154.534670433722,123,5,39.645,
7035,2019-05-27T12:06:42Z,45.54031667,6.22846667,716.00,3996.573029408939,3155.534670433722,124,5,39.63,
7036,2019-05-27T12:06:43Z,45.54046667,6.22841667,712.00,3997.573029408939,3156.534670433722,125,5,39.615,
7037,2019-05-27T12:06:44Z,45.54061667,6.22841667,711.00,3998.573029408939,3157.534670433722,126,5,39.6,
7038,2019-05-27T12:06:45Z,45.54075000,6.22836667,711.00,3999.573029408939,3158.534670433722,127,5,39.587,
7039,2019-05-27T12:06:46Z,45.54086667,6.22836667,711.00,4000.573029408939,3159.534670433722,128,5,39.575,
7040,2019-05-27T12:06:47Z,45.54101667,6.22831667,711.00,4001.573029408939,3160.534670433722,129,5,39.561,
7041,2019-05-27T12:06:48Z,45.54115000,6.22830000,709.00,4002.573029408939,3161.534670433722,130,5,39.547,
7042,2019-05-27T12:06:49Z,45.54126667,6.22825000,708.00,4003.573029408939,3162.534670433722,131,5,39.536,
7043,2019-05-27T12:06:50Z,45.54141667,6.22820000,705.00,4004.573029408939,3163.534670433722,132,5,39.522,
7044,2019-05-27T12:06:51Z,45.54156667,6.22816667,703.00,4005.573029408939,3164.534670433722,133,5,39.507,
7045,2019-05-27T12:06:52Z,45.54170000,6.22811667,702.00,4006.573029408939,3165.534670433722,134,5,39.495,
7046,2019-05-27T12:06:53Z,45.54181667,6.22810000,701.00,4007.573029408939,3166.534670433722,135,5,39.483,
7047,2019-05-27T12:06:54Z,45.54196667,6.22810000,700.00,4008.573029408939,3167.534670433722,136,5,39.467,
7048,2019-05-27T12:06:55Z,45.54210000,6.22806667,699.00,4009.573029408939,3168.534670433722,137,5,39.454,
7049,2019-05-27T12:06:56Z,45.54221667,6.22806667,696.00,4010.573029408939,3169.534670433722,138,5,39.442,
7050,2019-05-27T12:06:57Z,45.54236667,6.22801667,694.00,4011.573029408939,3170.534670433722,139,5,39.428,
7051,2019-05-27T12:06:58Z,45.54251667,6.22800000,691.00,4012.573029408939,3171.534670433722,140,5,39.413,
7052,2019-05-27T12:06:59Z,45.54266667,6.22796667,689.00,4013.573029408939,3172.534670433722,141,5,39.398,
7053,2019-05-27T12:07:00Z,45.54280000,6.22791667,688.00,4014.573029408939,3173.534670433722,142,5,39.385,
7054,2019-05-27T12:07:01Z,45.54291667,6.22791667,687.00,4015.573029408939,3174.534670433722,143,5,39.373,
7055,2019-05-27T12:07:02Z,45.54306667,6.22786667,686.00,4016.573029408939,3175.534670433722,144,5,39.359,
7056,2019-05-27T12:07:03Z,45.54320000,6.22785000,686.00,4017.573029408939,3176.534670433722,145,5,39.346,
7057,2019-05-27T12:07:04Z,45.54331667,6.22781667,683.00,4018.573029408939,3177.534670433722,146,5,39.334,
7058,2019-05-27T12:07:05Z,45.54346667,6.22776667,680.00,4019.573029408939,3178.534670433722,147,5,39.32,
7059,2019-05-27T12:07:06Z,45.54361667,6.22775000,678.00,4020.573029408939,3179.534670433722,148,5,39.305,
7060,2019-05-27T12:07:07Z,45.54376667,6.22771667,676.00,4021.573029408939,3180.534670433722,149,5,39.291,
7061,2019-05-27T12:07:08Z,45.54391667,6.22770000,676.00,4022.573029408939,3181.534670433722,150,5,39.275,
7062,2019-05-27T12:07:09Z,45.54405000,6.22770000,677.00,4023.573029408939,3182.534670433722,151,5,39.262,
7063,2019-05-27T12:07:10Z,45.54416667,6.22770000,676.00,4024.573029408939,3183.534670433722,152,5,39.25,
7064,2019-05-27T12:07:11Z,45.54431667,6.22766667,674.00,4025.573029408939,3184.534670433722,153,5,39.235,
7065,2019-05-27T12:07:12Z,45.54445000,6.22765000,672.00,4026.573029408939,3185.534670433722,154,5,39.222,
7066,2019-05-27T12:07:13Z,45.54460000,6.22761667,670.00,4027.573029408939,3186.534670433722,155,5,39.207,
7067,2019-05-27T12:07:14Z,45.54475000,6.22756667,667.00,4028.573029408939,3187.534670433722,156,5,39.193,
7068,2019-05-27T12:07:15Z,45.54486667,6.22755000,666.00,4029.573029408939,3188.534670433722,157,5,39.181,
7069,2019-05-27T12:07:16Z,45.54501667,6.22751667,666.00,4030.573029408939,3189.534670433722,158,5,39.167,
7070,2019-05-27T12:07:17Z,45.54511667,6.22751667,667.00,4031.573029408939,3190.534670433722,159,5,39.156,
7071,2019-05-27T12:07:18Z,45.54521667,6.22751667,669.00,4032.573029408939,3191.534670433722,160,5,39.146,
7072,2019-05-27T12:07:19Z,45.54535000,6.22750000,669.00,4033.573029408939,3192.534670433722,161,5,39.133,
7073,2019-05-27T12:07:20Z,45.54545000,6.22746667,667.00,4034.573029408939,3193.534670433722,162,5,39.123,
7074,2019-05-27T12:07:21Z,45.54556667,6.22745000,665.00,4035.573029408939,3194.534670433722,163,5,39.112,
7075,2019-05-27T12:07:22Z,45.54571667,6.22741667,662.00,4036.573029408939,3195.534670433722,164,5,39.097,
7076,2019-05-27T12:07:23Z,45.54586667,6.22736667,659.00,4037.573029408939,3196.534670433722,165,5,39.083,
7077,2019-05-27T12:07:24Z,45.54600000,6.22731667,657.00,4038.573029408939,3197.534670433722,166,5,39.071,
7078,2019-05-27T12:07:25Z,45.54611667,6.22731667,657.00,4039.573029408939,3198.534670433722,167,5,39.059,
7079,2019-05-27T12:07:26Z,45.54625000,6.22731667,658.00,4040.573029408939,3199.534670433722,168,5,39.045,
7080,2019-05-27T12:07:27Z,45.54636667,6.22731667,658.00,4041.573029408939,3200.534670433722,169,5,39.033,
7081,2019-05-27T12:07:28Z,45.54650000,6.22735000,657.00,4042.573029408939,3201.534670433722,170,5,39.019,
7082,2019-05-27T12:07:29Z,45.54661667,6.22736667,654.00,4043.573029408939,3202.534670433722,171,5,39.006,
7083,2019-05-27T12:07:30Z,45.54676667,6.22735000,652.00,4044.573029408939,3203.534670433722,172,5,38.991,
7084,2019-05-27T12:07:31Z,45.54691667,6.22731667,650.00,4045.573029408939,3204.534670433722,173,5,38.977,
7085,2019-05-27T12:07:32Z,45.54705000,6.22730000,647.00,4046.573029408939,3205.534670433722,174,5,38.964,
7086,2019-05-27T12:07:33Z,45.54720000,6.22726667,647.00,4047.573029408939,3206.534670433722,175,5,38.949,
7087,2019-05-27T12:07:34Z,45.54731667,6.22726667,645.00,4048.573029408939,3207.534670433722,176,5,38.937,
7088,2019-05-27T12:07:35Z,45.54745000,6.22726667,645.00,4049.573029408939,3208.534670433722,177,5,38.923,
7089,2019-05-27T12:07:36Z,45.54756667,6.22726667,645.00,4050.573029408939,3209.534670433722,178,5,38.911,
7090,2019-05-27T12:07:37Z,45.54771667,6.22731667,643.00,4051.573029408939,3210.534670433722,179,5,38.895,
7091,2019-05-27T12:07:38Z,45.54785000,6.22731667,640.00,4052.573029408939,3211.534670433722,180,5,38.881,
7092,2019-05-27T12:07:39Z,45.54796667,6.22731667,637.00,4053.573029408939,3212.534670433722,181,5,38.869,
7093,2019-05-27T12:07:40Z,45.54811667,6.22731667,632.00,4054.573029408939,3213.534670433722,182,5,38.854,
7094,2019-05-27T12:07:41Z,45.54826667,6.22731667,628.00,4055.573029408939,3214.534670433722,183,5,38.838,
7095,2019-05-27T12:07:42Z,45.54841667,6.22731667,625.00,4056.573029408939,3215.534670433722,184,5,38.823,
7096,2019-05-27T12:07:43Z,45.54856667,6.22731667,623.00,4057.573029408939,3216.534670433722,185,5,38.807,
7097,2019-05-27T12:07:44Z,45.54871667,6.22731667,623.00,4058.573029408939,3217.534670433722,186,5,38.792,
7098,2019-05-27T12:07:45Z,45.54886667,6.22730000,622.00,4059.573029408939,3218.534670433722,187,5,38.777,
7099,2019-05-27T12:07:46Z,45.54901667,6.22726667,620.00,4060.573029408939,3219.534670433722,188,5,38.763,
7100,2019-05-27T12:07:47Z,45.54916667,6.22726667,617.00,4061.573029408939,3220.534670433722,189,5,38.748,
7101,2019-05-27T12:07:48Z,45.54931667,6.22725000,616.00,4062.573029408939,3221.534670433722,190,5,38.733,
7102,2019-05-27T12:07:49Z,45.54945000,6.22721667,613.00,4063.573029408939,3222.534670433722,191,5,38.72,
7103,2019-05-27T12:07:50Z,45.54960000,6.22720000,612.00,4064.573029408939,3223.534670433722,192,5,38.705,
7104,2019-05-27T12:07:51Z,45.54971667,6.22716667,610.00,4065.573029408939,3224.534670433722,193,5,38.695,
7105,2019-05-27T12:07:52Z,45.54986667,6.22711667,608.00,4066.573029408939,3225.534670433722,194,5,38.681,
7106,2019-05-27T12:07:53Z,45.55001667,6.22710000,606.00,4067.573029408939,3226.534670433722,195,5,38.666,
7107,2019-05-27T12:07:54Z,45.55015000,6.22706667,603.00,4068.573029408939,3227.534670433722,196,5,38.653,
7108,2019-05-27T12:07:55Z,45.55030000,6.22706667,601.00,4069.573029408939,3228.534670433722,197,5,38.638,
7109,2019-05-27T12:07:56Z,45.55041667,6.22705000,601.00,4070.573029408939,3229.534670433722,198,5,38.627,
7110,2019-05-27T12:07:57Z,45.55055000,6.22701667,600.00,4071.573029408939,3230.534670433722,199,5,38.614,
7111,2019-05-27T12:07:58Z,45.55066667,6.22696667,598.00,4072.573029408939,3231.534670433722,200,5,38.604,
7112,2019-05-27T12:07:59Z,45.55081667,6.22695000,595.00,4073.573029408939,3232.534670433722,201,5,38.589,
7113,2019-05-27T12:08:00Z,45.55095000,6.22691667,593.00,4074.573029408939,3233.534670433722,202,5,38.576,
7114,2019-05-27T12:08:01Z,45.55106667,6.22690000,590.00,4075.573029408939,3234.534670433722,203,5,38.564,
7115,2019-05-27T12:08:02Z,45.55121667,6.22686667,587.00,4076.573029408939,3235.534670433722,204,5,38.549,
7116,2019-05-27T12:08:03Z,45.55136667,6.22685000,586.00,4077.573029408939,3236.534670433722,205,5,38.534,
7117,2019-05-27T12:08:04Z,45.55151667,6.22681667,586.00,4078.573029408939,3237.534670433722,206,5,38.519,
7118,2019-05-27T12:08:05Z,45.55166667,6.22680000,586.00,4079.573029408939,3238.534670433722,207,5,38.504,
7119,2019-05-27T12:08:06Z,45.55181667,6.22676667,586.00,4080.573029408939,3239.534670433722,208,5,38.489,
7120,2019-05-27T12:08:07Z,45.55195000,6.22676667,586.00,4081.573029408939,3240.534670433722,209,5,38.475,
7121,2019-05-27T12:08:08Z,45.55206667,6.22676667,585.00,4082.573029408939,3241.534670433722,210,5,38.463,
7122,2019-05-27T12:08:09Z,45.55221667,6.22671667,583.00,4083.573029408939,3242.534670433722,211,5,38.449,
7123,2019-05-27T12:08:10Z,45.55236667,6.22671667,579.00,4084.573029408939,3243.534670433722,212,5,38.433,
7124,2019-05-27T12:08:11Z,45.55255000,6.22666667,577.00,4085.573029408939,3244.534670433722,213,5,38.415,
7125,2019-05-27T12:08:12Z,45.55270000,6.22666667,574.00,4086.573029408939,3245.534670433722,214,5,38.4,
7126,2019-05-27T12:08:13Z,45.55285000,6.22666667,573.00,4087.573029408939,3246.534670433722,215,5,38.384,
7127,2019-05-27T12:08:14Z,45.55300000,6.22665000,574.00,4088.573029408939,3247.534670433722,216,5,38.369,
7128,2019-05-27T12:08:15Z,45.55311667,6.22665000,574.00,4089.573029408939,3248.534670433722,217,5,38.357,
7129,2019-05-27T12:08:16Z,45.55326667,6.22661667,573.00,4090.573029408939,3249.534670433722,218,5,38.342,
7130,2019-05-27T12:08:17Z,45.55341667,6.22661667,571.00,4091.573029408939,3250.534670433722,219,5,38.326,
7131,2019-05-27T12:08:18Z,45.55356667,6.22656667,568.00,4092.573029408939,3251.534670433722,220,5,38.312,
7132,2019-05-27T12:08:19Z,45.55371667,6.22651667,564.00,4093.573029408939,3252.534670433722,221,5,38.298,
7133,2019-05-27T12:08:20Z,45.55386667,6.22646667,563.00,4094.573029408939,3253.534670433722,222,5,38.284,
7134,2019-05-27T12:08:21Z,45.55401667,6.22645000,563.00,4095.573029408939,3254.534670433722,223,5,38.269,
7135,2019-05-27T12:08:22Z,45.55415000,6.22641667,564.00,4096.573029408939,3255.534670433722,224,5,38.256,
7136,2019-05-27T12:08:23Z,45.55426667,6.22641667,564.00,4097.573029408939,3256.534670433722,225,5,38.244,
7137,2019-05-27T12:08:24Z,45.55440000,6.22641667,564.00,4098.573029408939,3257.534670433722,226,5,38.23,
7138,2019-05-27T12:08:25Z,45.55451667,6.22640000,562.00,4099.573029408939,3258.534670433722,227,5,38.218,
7139,2019-05-27T12:08:26Z,45.55466667,6.22636667,558.00,4100.573029408939,3259.534670433722,228,5,38.204,
7140,2019-05-27T12:08:27Z,45.55481667,6.22631667,556.00,4101.573029408939,3260.534670433722,229,5,38.189,
7141,2019-05-27T12:08:28Z,45.55496667,6.22626667,554.00,4102.573029408939,3261.534670433722,230,5,38.175,
7142,2019-05-27T12:08:29Z,45.55511667,6.22625000,553.00,4103.573029408939,3262.534670433722,231,5,38.16,
7143,2019-05-27T12:08:30Z,45.55526667,6.22621667,552.00,4104.573029408939,3263.534670433722,232,5,38.146,
7144,2019-05-27T12:08:31Z,45.55540000,6.22620000,552.00,4105.573029408939,3264.534670433722,233,5,38.132,
7145,2019-05-27T12:08:32Z,45.55551667,6.22616667,552.00,4106.573029408939,3265.534670433722,234,5,38.121,
7146,2019-05-27T12:08:33Z,45.55566667,6.22616667,550.00,4107.573029408939,3266.534670433722,235,5,38.106,
7147,2019-05-27T12:08:34Z,45.55581667,6.22616667,548.00,4108.573029408939,3267.534670433722,236,5,38.09,
7148,2019-05-27T12:08:35Z,45.55596667,6.22611667,546.00,4109.573029408939,3268.534670433722,237,5,38.076,
7149,2019-05-27T12:08:36Z,45.55611667,6.22611667,543.00,4110.573029408939,3269.534670433722,238,5,38.061,
7150,2019-05-27T12:08:37Z,45.55625000,6.22606667,542.00,4111.573029408939,3270.534670433722,239,5,38.049,
7151,2019-05-27T12:08:38Z,45.55636667,6.22605000,542.00,4112.573029408939,3271.534670433722,240,5,38.037,
7152,2019-05-27T12:08:39Z,45.55651667,6.22601667,542.00,4113.573029408939,3272.534670433722,241,5,38.023,
7153,2019-05-27T12:08:40Z,45.55661667,6.22600000,541.00,4114.573029408939,3273.534670433722,242,5,38.013,
7154,2019-05-27T12:08:41Z,45.55676667,6.22596667,538.00,4115.573029408939,3274.534670433722,243,5,37.998,
7155,2019-05-27T12:08:42Z,45.55690000,6.22591667,535.00,4116.573029408939,3275.534670433722,244,5,37.986,
7156,2019-05-27T12:08:43Z,45.55705000,6.22590000,531.00,4117.573029408939,3276.534670433722,245,5,37.971,
7157,2019-05-27T12:08:44Z,45.55716667,6.22586667,527.00,4118.573029408939,3277.534670433722,246,5,37.96,
7158,2019-05-27T12:08:45Z,45.55730000,6.22581667,525.00,4119.573029408939,3278.534670433722,247,5,37.948,
7159,2019-05-27T12:08:46Z,45.55741667,6.22581667,526.00,4120.573029408939,3279.534670433722,248,5,37.936,
7160,2019-05-27T12:08:47Z,45.55751667,6.22580000,528.00,4121.573029408939,3280.534670433722,249,5,37.926,
7161,2019-05-27T12:08:48Z,45.55761667,6.22580000,527.00,4122.573029408939,3281.534670433722,250,5,37.916,
7162,2019-05-27T12:08:49Z,45.55771667,6.22576667,524.00,4123.573029408939,3282.534670433722,251,5,37.907,
7163,2019-05-27T12:08:50Z,45.55786667,6.22576667,520.00,4124.573029408939,3283.534670433722,252,5,37.891,
7164,2019-05-27T12:08:51Z,45.55800000,6.22575000,516.00,4125.573029408939,3284.534670433722,253,5,37.878,
7165,2019-05-27T12:08:52Z,45.55811667,6.22570000,513.00,4126.573029408939,3285.534670433722,254,5,37.868,
7166,2019-05-27T12:08:53Z,45.55826667,6.22566667,511.00,4127.573029408939,3286.534670433722,255,5,37.853,
7167,2019-05-27T12:08:54Z,45.55836667,6.22561667,510.00,4128.573029408939,3287.534670433722,256,5,37.845,
7168,2019-05-27T12:08:55Z,45.55850000,6.22560000,510.00,4129.573029408939,3288.534670433722,257,5,37.832,
7169,2019-05-27T12:08:56Z,45.55861667,6.22556667,509.00,4130.573029408939,3289.534670433722,258,5,37.821,
7170,2019-05-27T12:08:57Z,45.55875000,6.22555000,509.00,4131.573029408939,3290.534670433722,259,5,37.808,
7171,2019-05-27T12:08:58Z,45.55886667,6.22551667,508.00,4132.573029408939,3291.534670433722,260,5,37.797,
7172,2019-05-27T12:08:59Z,45.55901667,6.22550000,507.00,4133.573029408939,3292.534670433722,261,5,37.782,
7173,2019-05-27T12:09:00Z,45.55911667,6.22546667,507.00,4134.573029408939,3293.534670433722,262,5,37.773,
7174,2019-05-27T12:09:01Z,45.55925000,6.22546667,507.00,4135.573029408939,3294.534670433722,263,5,37.759,
7175,2019-05-27T12:09:02Z,45.55935000,6.22550000,507.00,4136.573029408939,3295.534670433722,264,5,37.748,
7176,2019-05-27T12:09:03Z,45.55945000,6.22550000,507.00,4137.573029408939,3296.534670433722,265,5,37.738,
7177,2019-05-27T12:09:04Z,45.55956667,6.22546667,505.00,4138.573029408939,3297.534670433722,266,5,37.727,
7178,2019-05-27T12:09:05Z,45.55966667,6.22541667,501.00,4139.573029408939,3298.534670433722,267,5,37.718,
7179,2019-05-27T12:09:06Z,45.55981667,6.22536667,498.00,4140.573029408939,3299.534670433722,268,5,37.705,
7180,2019-05-27T12:09:07Z,45.55995000,6.22526667,495.00,4141.573029408939,3300.534670433722,269,5,37.694,
7181,2019-05-27T12:09:08Z,45.56006667,6.22520000,493.00,4142.573029408939,3301.534670433722,270,5,37.685,
7182,2019-05-27T12:09:09Z,45.56016667,6.22511667,494.00,4143.573029408939,3302.534670433722,271,5,37.677,
7183,2019-05-27T12:09:10Z,45.56026667,6.22510000,495.00,4144.573029408939,3303.534670433722,272,5,37.668,
7184,2019-05-27T12:09:11Z,45.56036667,6.22506667,496.00,4145.573029408939,3304.534670433722,273,5,37.659,
7185,2019-05-27T12:09:12Z,45.56046667,6.22501667,496.00,4146.573029408939,3305.534670433722,274,5,37.65,
7186,2019-05-27T12:09:13Z,45.56056667,6.22500000,496.00,4147.573029408939,3306.534670433722,1,6,37.641,
7187,2019-05-27T12:09:14Z,45.56066667,6.22496667,495.00,4148.573029408939,3307.534670433722,2,6,37.632,
7188,2019-05-27T12:09:15Z,45.56075000,6.22491667,494.00,4149.573029408939,3308.534670433722,3,6,37.625,
7189,2019-05-27T12:09:16Z,45.56081667,6.22490000,493.00,4150.573029408939,3309.534670433722,4,6,37.619,
7190,2019-05-27T12:09:17Z,45.56091667,6.22486667,493.00,4151.573029408939,3310.534670433722,5,6,37.61,
7191,2019-05-27T12:09:18Z,45.56101667,6.22481667,491.00,4152.573029408939,3311.534670433722,6,6,37.601,
7192,2019-05-27T12:09:19Z,45.56111667,6.22481667,489.00,4153.573029408939,3312.534670433722,7,6,37.591,
7193,2019-05-27T12:09:20Z,45.56121667,6.22476667,487.00,4154.573029408939,3313.534670433722,8,6,37.583,
7194,2019-05-27T12:09:21Z,45.56131667,6.22471667,486.00,4155.573029408939,3314.534670433722,9,6,37.574,
7195,2019-05-27T12:09:22Z,45.56141667,6.22466667,486.00,4156.573029408939,3315.534670433722,10,6,37.566,
7196,2019-05-27T12:09:23Z,45.56151667,6.22460000,485.00,4157.573029408939,3316.534670433722,11,6,37.558,
7197,2019-05-27T12:09:24Z,45.56161667,6.22455000,485.00,4158.573029408939,3317.534670433722,12,6,37.55,
7198,2019-05-27T12:09:25Z,45.56170000,6.22450000,485.00,4159.573029408939,3318.534670433722,13,6,37.543,
7199,2019-05-27T12:09:26Z,45.56180000,6.22445000,483.00,4160.573029408939,3319.534670433722,14,6,37.535,
7200,2019-05-27T12:09:27Z,45.56186667,6.22436667,481.00,4161.573029408939,3320.534670433722,15,6,37.531,
7201,2019-05-27T12:09:28Z,45.56195000,6.22430000,480.00,4162.573029408939,3321.534670433722,16,6,37.525,
7202,2019-05-27T12:09:29Z,45.56200000,6.22421667,479.00,4163.573029408939,3322.534670433722,17,6,37.522,
7203,2019-05-27T12:09:30Z,45.56206667,6.22416667,478.00,4164.573029408939,3323.534670433722,18,6,37.517,
7204,2019-05-27T12:09:31Z,45.56215000,6.22415000,476.00,4165.573029408939,3324.534670433722,19,6,37.51,
7205,2019-05-27T12:09:32Z,45.56226667,6.22415000,474.00,4166.573029408939,3325.534670433722,20,6,37.498,
7206,2019-05-27T12:09:33Z,45.56236667,6.22411667,472.00,4167.573029408939,3326.534670433722,21,6,37.489,
7207,2019-05-27T12:09:34Z,45.56246667,6.22405000,469.00,4168.573029408939,3327.534670433722,22,6,37.481,
7208,2019-05-27T12:09:35Z,45.56255000,6.22396667,466.00,4169.573029408939,3328.534670433722,23,6,37.476,
7209,2019-05-27T12:09:36Z,45.56261667,6.22386667,466.00,4170.573029408939,3329.534670433722,24,6,37.473,
7210,2019-05-27T12:09:37Z,45.56271667,6.22381667,466.00,4171.573029408939,3330.534670433722,25,6,37.465,
7211,2019-05-27T12:09:38Z,45.56286667,6.22381667,464.00,4172.573029408939,3331.534670433722,26,6,37.45,
7212,2019-05-27T12:09:39Z,45.56300000,6.22386667,461.00,4173.573029408939,3332.534670433722,27,6,37.435,
7213,2019-05-27T12:09:40Z,45.56315000,6.22391667,459.00,4174.573029408939,3333.534670433722,28,6,37.418,
7214,2019-05-27T12:09:41Z,45.56326667,6.22401667,458.00,4175.573029408939,3334.534670433722,29,6,37.403,
7215,2019-05-27T12:09:42Z,45.56341667,6.22411667,458.00,4176.573029408939,3335.534670433722,30,6,37.384,
7216,2019-05-27T12:09:43Z,45.56351667,6.22421667,459.00,4177.573029408939,3336.534670433722,31,6,37.371,
7217,2019-05-27T12:09:44Z,45.56360000,6.22436667,459.00,4178.573029408939,3337.534670433722,32,6,37.358,
7218,2019-05-27T12:09:45Z,45.56366667,6.22450000,459.00,4179.573029408939,3338.534670433722,33,6,37.346,
7219,2019-05-27T12:09:46Z,45.56375000,6.22466667,460.00,4180.573029408939,3339.534670433722,34,6,37.332,
7220,2019-05-27T12:09:47Z,45.56380000,6.22481667,459.00,4181.573029408939,3340.534670433722,35,6,37.322,
7221,2019-05-27T12:09:48Z,45.56385000,6.22500000,459.00,4182.573029408939,3341.534670433722,36,6,37.311,
7222,2019-05-27T12:09:49Z,45.56386667,6.22516667,459.00,4183.573029408939,3342.534670433722,37,6,37.303,
7223,2019-05-27T12:09:50Z,45.56390000,6.22531667,459.00,4184.573029408939,3343.534670433722,38,6,37.295,
7224,2019-05-27T12:09:51Z,45.56390000,6.22546667,459.00,4185.573029408939,3344.534670433722,39,6,37.29,
7225,2019-05-27T12:09:52Z,45.56386667,6.22561667,458.00,4186.573029408939,3345.534670433722,40,6,37.288,
7226,2019-05-27T12:09:53Z,45.56385000,6.22571667,458.00,4187.573029408939,3346.534670433722,41,6,37.286,
7227,2019-05-27T12:09:54Z,45.56381667,6.22581667,457.00,4188.573029408939,3347.534670433722,42,6,37.286,
7228,2019-05-27T12:09:55Z,45.56376667,6.22586667,456.00,4189.573029408939,3348.534670433722,43,6,37.29,
7229,2019-05-27T12:09:56Z,45.56370000,6.22590000,455.00,4190.573029408939,3349.534670433722,44,6,37.295,
7230,2019-05-27T12:09:57Z,45.56366667,6.22591667,454.00,4191.573029408939,3350.534670433722,45,6,37.298,
7231,2019-05-27T12:09:58Z,45.56361667,6.22595000,453.00,4192.573029408939,3351.534670433722,46,6,37.302,
7232,2019-05-27T12:09:59Z,45.56356667,6.22595000,453.00,4193.573029408939,3352.534670433722,47,6,37.307,
7233,2019-05-27T12:10:00Z,45.56355000,6.22591667,452.00,4194.573029408939,3353.534670433722,48,6,37.31,
7234,2019-05-27T12:10:01Z,45.56351667,6.22586667,450.00,4195.573029408939,3354.534670433722,49,6,37.315,
7235,2019-05-27T12:10:02Z,45.56355000,6.22580000,447.00,4196.573029408939,3355.534670433722,50,6,37.314,
7236,2019-05-27T12:10:03Z,45.56356667,6.22571667,446.00,4197.573029408939,3356.534670433722,51,6,37.315,
7237,2019-05-27T12:10:04Z,45.56361667,6.22565000,445.00,4198.573029408939,3357.534670433722,52,6,37.312,
7238,2019-05-27T12:10:05Z,45.56366667,6.22560000,445.00,4199.573029408939,3358.534670433722,53,6,37.309,
7239,2019-05-27T12:10:06Z,45.56370000,6.22555000,444.00,4200.573029408939,3359.534670433722,54,6,37.307,
7240,2019-05-27T12:10:07Z,45.56376667,6.22551667,442.00,4201.573029408939,3360.534670433722,55,6,37.301,
7241,2019-05-27T12:10:08Z,45.56381667,6.22545000,439.00,4202.573029408939,3361.534670433722,56,6,37.299,
7242,2019-05-27T12:10:09Z,45.56391667,6.22536667,437.00,4203.573029408939,3362.534670433722,57,6,37.292,
7243,2019-05-27T12:10:10Z,45.56401667,6.22531667,436.00,4204.573029408939,3363.534670433722,58,6,37.283,
7244,2019-05-27T12:10:11Z,45.56406667,6.22526667,435.00,4205.573029408939,3364.534670433722,59,6,37.28,
7245,2019-05-27T12:10:12Z,45.56416667,6.22525000,434.00,4206.573029408939,3365.534670433722,60,6,37.271,
7246,2019-05-27T12:10:13Z,45.56421667,6.22516667,433.00,4207.573029408939,3366.534670433722,61,6,37.268,
7247,2019-05-27T12:10:14Z,45.56430000,6.22511667,432.00,4208.573029408939,3367.534670433722,62,6,37.262,
7248,2019-05-27T12:10:15Z,45.56435000,6.22501667,430.00,4209.573029408939,3368.534670433722,63,6,37.26,
7249,2019-05-27T12:10:16Z,45.56441667,6.22495000,429.00,4210.573029408939,3369.534670433722,64,6,37.256,
7250,2019-05-27T12:10:17Z,45.56450000,6.22486667,428.00,4211.573029408939,3370.534670433722,65,6,37.251,
7251,2019-05-27T12:10:18Z,45.56456667,6.22481667,428.00,4212.573029408939,3371.534670433722,66,6,37.246,
7252,2019-05-27T12:10:19Z,45.56461667,6.22475000,427.00,4213.573029408939,3372.534670433722,67,6,37.243,
7253,2019-05-27T12:10:20Z,45.56466667,6.22466667,426.00,4214.573029408939,3373.534670433722,68,6,37.241,
7254,2019-05-27T12:10:21Z,45.56471667,6.22460000,426.00,4215.573029408939,3374.534670433722,69,6,37.239,
7255,2019-05-27T12:10:22Z,45.56475000,6.22451667,424.00,4216.573029408939,3375.534670433722,70,6,37.238,
7256,2019-05-27T12:10:23Z,45.56475000,6.22445000,423.00,4217.573029408939,3376.534670433722,71,6,37.241,
7257,2019-05-27T12:10:24Z,45.56471667,6.22440000,422.00,4218.573029408939,3377.534670433722,72,6,37.246,
7258,2019-05-27T12:10:25Z,45.56471667,6.22436667,422.00,4219.573029408939,3378.534670433722,73,6,37.247,
7259,2019-05-27T12:10:26Z,45.56470000,6.22435000,422.00,4220.573029408939,3379.534670433722,74,6,37.249,
7260,2019-05-27T12:10:27Z,45.56466667,6.22435000,422.00,4221.573029408939,3380.534670433722,75,6,37.252,
7261,2019-05-27T12:10:28Z,45.56465000,6.22436667,422.00,4222.573029408939,3381.534670433722,76,6,37.253,
7262,2019-05-27T12:10:29Z,45.56461667,6.22440000,421.00,4223.573029408939,3382.534670433722,77,6,37.255,
7263,2019-05-27T12:10:30Z,45.56456667,6.22445000,421.00,4224.573029408939,3383.534670433722,78,6,37.259,
7264,2019-05-27T12:10:31Z,45.56451667,6.22450000,421.00,4225.573029408939,3384.534670433722,79,6,37.262,
7265,2019-05-27T12:10:32Z,45.56446667,6.22455000,421.00,4226.573029408939,3385.534670433722,80,6,37.265,
7266,2019-05-27T12:10:33Z,45.56445000,6.22456667,421.00,4227.573029408939,3386.534670433722,81,6,37.266,
7267,2019-05-27T12:10:34Z,45.56441667,6.22461667,421.00,4228.573029408939,3387.534670433722,82,6,37.268,
7268,2019-05-27T12:10:35Z,45.56436667,6.22466667,420.00,4229.573029408939,3388.534670433722,83,6,37.271,
7269,2019-05-27T12:10:36Z,45.56435000,6.22471667,420.00,4230.573029408939,3389.534670433722,84,6,37.271,
7270,2019-05-27T12:10:37Z,45.56431667,6.22480000,420.00,4231.573029408939,3390.534670433722,85,6,37.271,
7271,2019-05-27T12:10:38Z,45.56426667,6.22485000,418.00,4232.573029408939,3391.534670433722,86,6,37.274,
7272,2019-05-27T12:10:39Z,45.56425000,6.22491667,416.00,4233.573029408939,3392.534670433722,87,6,37.274,
7273,2019-05-27T12:10:40Z,45.56421667,6.22496667,415.00,4234.573029408939,3393.534670433722,88,6,37.275,
7274,2019-05-27T12:10:41Z,45.56416667,6.22501667,413.00,4235.573029408939,3394.534670433722,89,6,37.279,
7275,2019-05-27T12:10:42Z,45.56411667,6.22505000,412.00,4236.573029408939,3395.534670433722,90,6,37.282,
7276,2019-05-27T12:10:43Z,45.56406667,6.22510000,411.00,4237.573029408939,3396.534670433722,91,6,37.286,
7277,2019-05-27T12:10:44Z,45.56405000,6.22515000,410.00,4238.573029408939,3397.534670433722,92,6,37.286,
7278,2019-05-27T12:10:45Z,45.56400000,6.22520000,409.00,4239.573029408939,3398.534670433722,93,6,37.289,
7279,2019-05-27T12:10:46Z,45.56396667,6.22526667,407.00,4240.573029408939,3399.534670433722,94,6,37.29,
7280,2019-05-27T12:10:47Z,45.56391667,6.22531667,405.00,4241.573029408939,3400.534670433722,95,6,37.293,
7281,2019-05-27T12:10:48Z,45.56386667,6.22536667,403.00,4242.573029408939,3401.534670433722,96,6,37.297,
7282,2019-05-27T12:10:49Z,45.56381667,6.22541667,401.00,4243.573029408939,3402.534670433722,97,6,37.3,
7283,2019-05-27T12:10:50Z,45.56376667,6.22541667,400.00,4244.573029408939,3403.534670433722,98,6,37.305,
7284,2019-05-27T12:10:51Z,45.56375000,6.22541667,398.00,4245.573029408939,3404.534670433722,99,6,37.306,
7285,2019-05-27T12:10:52Z,45.56371667,6.22535000,395.00,4246.573029408939,3405.534670433722,100,6,37.312,
7286,2019-05-27T12:10:53Z,45.56371667,6.22526667,393.00,4247.573029408939,3406.534670433722,101,6,37.315,
7287,2019-05-27T12:10:54Z,45.56370000,6.22520000,390.00,4248.573029408939,3407.534670433722,102,6,37.319,
7288,2019-05-27T12:10:55Z,45.56370000,6.22511667,387.00,4249.573029408939,3408.534670433722,103,6,37.322,
7289,2019-05-27T12:10:56Z,45.56370000,6.22506667,386.00,4250.573029408939,3409.534670433722,104,6,37.323,
7290,2019-05-27T12:10:57Z,45.56365000,6.22505000,384.00,4251.573029408939,3410.534670433722,105,6,37.329,
7291,2019-05-27T12:10:58Z,45.56360000,6.22506667,381.00,4252.573029408939,3411.534670433722,106,6,37.333,
7292,2019-05-27T12:10:59Z,45.56351667,6.22511667,379.00,4253.573029408939,3412.534670433722,107,6,37.34,
7293,2019-05-27T12:11:00Z,45.56346667,6.22516667,378.00,4254.573029408939,3413.534670433722,108,6,37.343,
7294,2019-05-27T12:11:01Z,45.56341667,6.22525000,378.00,4255.573029408939,3414.534670433722,109,6,37.346,
7295,2019-05-27T12:11:02Z,45.56340000,6.22526667,378.00,4256.573029408939,3415.534670433722,110,6,37.347,
7296,2019-05-27T12:11:03Z,45.56336667,6.22526667,377.00,4257.573029408939,3416.534670433722,111,6,37.35,
7297,2019-05-27T12:11:04Z,45.56331667,6.22526667,375.00,4258.573029408939,3417.534670433722,112,6,37.355,
7298,2019-05-27T12:11:05Z,45.56326667,6.22526667,373.00,4259.573029408939,3418.534670433722,113,6,37.36,
7299,2019-05-27T12:11:06Z,45.56321667,6.22531667,371.00,4260.573029408939,3419.534670433722,114,6,37.363,
7300,2019-05-27T12:11:07Z,45.56316667,6.22535000,370.00,4261.573029408939,3420.534670433722,115,6,37.367,
7301,2019-05-27T12:11:08Z,45.56311667,6.22536667,369.00,4262.573029408939,3421.534670433722,116,6,37.372,
7302,2019-05-27T12:11:09Z,45.56306667,6.22540000,368.00,4263.573029408939,3422.534670433722,117,6,37.376,
7303,2019-05-27T12:11:10Z,45.56301667,6.22541667,368.00,4264.573029408939,3423.534670433722,118,6,37.38,
7304,2019-05-27T12:11:11Z,45.56296667,6.22546667,367.00,4265.573029408939,3424.534670433722,119,6,37.383,
7305,2019-05-27T12:11:12Z,45.56291667,6.22555000,366.00,4266.573029408939,3425.534670433722,120,6,37.386,
7306,2019-05-27T12:11:13Z,45.56286667,6.22560000,364.00,4267.573029408939,3426.534670433722,121,6,37.389,
7307,2019-05-27T12:11:14Z,45.56281667,6.22561667,363.00,4268.573029408939,3427.534670433722,122,6,37.393,
7308,2019-05-27T12:11:15Z,45.56276667,6.22561667,362.00,4269.573029408939,3428.534670433722,123,6,37.398,
7309,2019-05-27T12:11:16Z,45.56275000,6.22551667,359.00,4270.573029408939,3429.534670433722,124,6,37.403,
7310,2019-05-27T12:11:17Z,45.56271667,6.22541667,356.00,4271.573029408939,3430.534670433722,125,6,37.41,
7311,2019-05-27T12:11:18Z,45.56271667,6.22531667,354.00,4272.573029408939,3431.534670433722,126,6,37.413,
7312,2019-05-27T12:11:19Z,45.56270000,6.22526667,353.00,4273.573029408939,3432.534670433722,127,6,37.417,
7313,2019-05-27T12:11:20Z,45.56266667,6.22520000,353.00,4274.573029408939,3433.534670433722,128,6,37.422,
7314,2019-05-27T12:11:21Z,45.56261667,6.22515000,353.00,4275.573029408939,3434.534670433722,129,6,37.429,
7315,2019-05-27T12:11:22Z,45.56255000,6.22511667,352.00,4276.573029408939,3435.534670433722,130,6,37.437,
7316,2019-05-27T12:11:23Z,45.56246667,6.22515000,350.00,4277.573029408939,3436.534670433722,131,6,37.444,
7317,2019-05-27T12:11:24Z,45.56241667,6.22521667,350.00,4278.573029408939,3437.534670433722,132,6,37.447,
7318,2019-05-27T12:11:25Z,45.56236667,6.22526667,349.00,4279.573029408939,3438.534670433722,133,6,37.45,
7319,2019-05-27T12:11:26Z,45.56231667,6.22531667,348.00,4280.573029408939,3439.534670433722,134,6,37.454,
7320,2019-05-27T12:11:27Z,45.56231667,6.22531667,347.00,4281.573029408939,3440.534670433722,135,6,37.454,
7321,2019-05-27T12:11:28Z,45.56230000,6.22526667,345.00,4282.573029408939,3441.534670433722,136,6,37.457,
7322,2019-05-27T12:11:29Z,45.56226667,6.22525000,343.00,4283.573029408939,3442.534670433722,137,6,37.461,
7323,2019-05-27T12:11:30Z,45.56225000,6.22521667,342.00,4284.573029408939,3443.534670433722,138,6,37.464,
7324,2019-05-27T12:11:31Z,45.56221667,6.22516667,341.00,4285.573029408939,3444.534670433722,139,6,37.469,
7325,2019-05-27T12:11:32Z,45.56220000,6.22511667,339.00,4286.573029408939,3445.534670433722,140,6,37.472,
7326,2019-05-27T12:11:33Z,45.56216667,6.22506667,337.00,4287.573029408939,3446.534670433722,141,6,37.477,
7327,2019-05-27T12:11:34Z,45.56215000,6.22500000,335.00,4288.573029408939,3447.534670433722,142,6,37.481,
7328,2019-05-27T12:11:35Z,45.56210000,6.22491667,332.00,4289.573029408939,3448.534670433722,143,6,37.489,
7329,2019-05-27T12:11:36Z,45.56205000,6.22486667,331.00,4290.573029408939,3449.534670433722,144,6,37.495,
7330,2019-05-27T12:11:37Z,45.56200000,6.22481667,330.00,4291.573029408939,3450.534670433722,145,6,37.502,
7331,2019-05-27T12:11:38Z,45.56195000,6.22481667,329.00,4292.573029408939,3451.534670433722,146,6,37.507,
7332,2019-05-27T12:11:39Z,45.56190000,6.22480000,329.00,4293.573029408939,3452.534670433722,147,6,37.513,
7333,2019-05-27T12:11:40Z,45.56185000,6.22476667,327.00,4294.573029408939,3453.534670433722,148,6,37.519,
7334,2019-05-27T12:11:41Z,45.56180000,6.22471667,325.00,4295.573029408939,3454.534670433722,149,6,37.526,
7335,2019-05-27T12:11:42Z,45.56171667,6.22470000,324.00,4296.573029408939,3455.534670433722,150,6,37.535,
7336,2019-05-27T12:11:43Z,45.56170000,6.22465000,322.00,4297.573029408939,3456.534670433722,151,6,37.538,
7337,2019-05-27T12:11:44Z,45.56165000,6.22460000,321.00,4298.573029408939,3457.534670433722,152,6,37.545,
7338,2019-05-27T12:11:45Z,45.56161667,6.22455000,320.00,4299.573029408939,3458.534670433722,153,6,37.55,
7339,2019-05-27T12:11:46Z,45.56156667,6.22451667,320.00,4300.573029408939,3459.534670433722,154,6,37.556,
7340,2019-05-27T12:11:47Z,45.56156667,6.22450000,320.00,4301.573029408939,3460.534670433722,155,6,37.556,
7341,2019-05-27T12:11:48Z,45.56151667,6.22446667,320.00,4302.573029408939,3461.534670433722,156,6,37.562,
7342,2019-05-27T12:11:49Z,45.56151667,6.22446667,320.00,4303.573029408939,3462.534670433722,157,6,37.562,
7343,2019-05-27T12:11:50Z,45.56146667,6.22446667,320.00,4304.573029408939,3463.534670433722,158,6,37.567,
7344,2019-05-27T12:11:51Z,45.56146667,6.22446667,321.00,4305.573029408939,3464.534670433722,159,6,37.567,
7345,2019-05-27T12:11:52Z,45.56146667,6.22450000,321.00,4306.573029408939,3465.534670433722,160,6,37.566,
7346,2019-05-27T12:11:53Z,45.56146667,6.22450000,321.00,4307.573029408939,3466.534670433722,161,6,37.566,
